actionNumber,clock,timeActual,period,periodType,actionType,subType,qualifiers,personId,x,y,possession,scoreHome,scoreAway,edited,orderNumber,isTargetScoreLastPeriod,xLegacy,yLegacy,isFieldGoal,side,description,personIdsFilter,teamId,teamTricode,descriptor,jumpBallRecoveredName,jumpBallRecoverdPersonId,playerName,playerNameI,jumpBallWonPlayerName,jumpBallWonPersonId,jumpBallLostPlayerName,jumpBallLostPersonId,area,areaDetail,shotDistance,shotResult,shotActionNumber,reboundTotal,reboundDefensiveTotal,reboundOffensiveTotal,turnoverTotal,stealPlayerName,stealPersonId,pointsTotal,assistPlayerNameInitial,assistPersonId,assistTotal,officialId,foulPersonalTotal,foulTechnicalTotal,foulDrawnPlayerName,foulDrawnPersonId,blockPlayerName,blockPersonId
2,PT12M00.00S,2025-11-24T01:11:48.6Z,1,REGULAR,period,start,[],0,,,0,0,0,2025-11-24T01:11:48Z,20000,False,,,0,,Period Start,[],,,,,,,,,,,,,,,,,,,,,,,,,,,,,,,,,
4,PT11M56.00S,2025-11-24T01:11:50.9Z,1,REGULAR,jumpball,recovered,[],1629060,,,1610612747,0,0,2025-11-24T01:11:50Z,40000,False,,,0,,Jump Ball D. Ayton vs. J. Nurkić: Tip to R. Hachimura,"[1629060, 1629028, 203994]",1610612747.0,LAL,startperiod,R. Hachimura,1629060.0,Hachimura,R. Hachimura,Ayton,1629028.0,Nurkić,203994.0,,,,,,,,,,,,,,,,,,,,,,
7,PT11M42.00S,2025-11-24T01:12:04.7Z,1,REGULAR,3pt,Jump Shot,[],1630559,31.488173455978973,75.98039215686273,1610612747,0,0,2025-11-24T01:12:11Z,70000,False,-130.0,243.0,1,left,MISS A. Reaves 27' 3PT,[1630559],1610612747.0,LAL,,,,Reaves,A. Reaves,,,,,Above the Break 3,24+ Left Center,27.6,Missed,,,,,,,,,,,,,,,,,,
8,PT11M38.00S,2025-11-24T01:12:08.7Z,1,REGULAR,rebound,defensive,[],1641718,,,1610612762,0,0,2025-11-24T01:12:11Z,80000,False,,,0,,K. George REBOUND (Off:0 Def:1),[1641718],1610612762.0,UTA,,,,George,K. George,,,,,Above the Break 3,24+ Left Center,,,7.0,1.0,1.0,0.0,,,,,,,,,,,,,,
9,PT11M25.00S,2025-11-24T01:12:22.0Z,1,REGULAR,turnover,bad pass,[],203994,,,1610612762,0,0,2025-11-24T01:12:25Z,90000,False,,,0,,J. Nurkić bad pass TURNOVER (1 TO),"[203994, 2544]",1610612762.0,UTA,,,,Nurkić,J. Nurkić,,,,,In The Paint (Non-RA),0-8 Center,,,,,,,1.0,James,2544.0,,,,,,,,,,,
10,PT11M25.00S,2025-11-24T01:12:22.0Z,1,REGULAR,steal,,[],2544,,,1610612747,0,0,2025-11-24T01:12:23Z,100000,False,,,0,,L. James STEAL (1 STL),[2544],1610612747.0,LAL,,,,James,L. James,,,,,In The Paint (Non-RA),0-8 Center,,,,,,,,,,,,,,,,,,,,
11,PT11M20.00S,2025-11-24T01:12:27.1Z,1,REGULAR,2pt,Layup,"['pointsinthepaint', 'fromturnover', 'fastbreak']",2544,11.514454664914586,51.71568627450981,1610612747,0,0,2025-11-24T01:12:32Z,110000,False,-9.0,56.0,1,left,MISS L. James running Layup,[2544],1610612747.0,LAL,running,,,James,L. James,,,,,In The Paint (Non-RA),0-8 Center,5.64,Missed,,,,,,,,,,,,,,,,,,
12,PT11M18.00S,2025-11-24T01:12:29.1Z,1,REGULAR,rebound,defensive,[],1629004,,,1610612762,0,0,2025-11-24T01:12:32Z,120000,False,,,0,,S. Mykhailiuk REBOUND (Off:0 Def:1),[1629004],1610612762.0,UTA,,,,Mykhailiuk,S. Mykhailiuk,,,,,In The Paint (Non-RA),0-8 Center,,,11.0,1.0,1.0,0.0,,,,,,,,,,,,,,
13,PT11M11.00S,2025-11-24T01:12:36.8Z,1,REGULAR,3pt,Jump Shot,[],1629004,88.25558475689881,3.431372549019608,1610612762,0,0,2025-11-24T01:12:41Z,130000,False,-233.0,58.0,1,right,MISS S. Mykhailiuk 3PT,[1629004],1610612762.0,UTA,,,,Mykhailiuk,S. Mykhailiuk,,,,,Left Corner 3,24+ Left,23.99,Missed,,,,,,,,,,,,,,,,,,
14,PT11M07.00S,2025-11-24T01:12:40.8Z,1,REGULAR,rebound,defensive,[],1630559,,,1610612747,0,0,2025-11-24T01:12:41Z,140000,False,,,0,,A. Reaves REBOUND (Off:0 Def:1),[1630559],1610612747.0,LAL,,,,Reaves,A. Reaves,,,,,Left Corner 3,24+ Left,,,13.0,1.0,1.0,0.0,,,,,,,,,,,,,,
15,PT11M04.00S,2025-11-24T01:12:43.5Z,1,REGULAR,2pt,DUNK,"['pointsinthepaint', 'fastbreak']",2544,7.835085413929041,42.15686274509804,1610612747,0,2,2025-11-24T01:12:49Z,150000,False,39.0,21.0,1,left,L. James running DUNK (2 PTS) (A. Reaves 1 AST),"[2544, 1630559]",1610612747.0,LAL,running,,,James,L. James,,,,,In The Paint (Non-RA),0-8 Center,4.45,Made,,,,,,,,2.0,A. Reaves,1630559.0,1.0,,,,,,,
17,PT11M03.00S,2025-11-24T01:12:51.5Z,1,REGULAR,timeout,full,"['team', 'mandatory']",0,,,1610612762,0,2,2025-11-24T01:12:51Z,170000,False,,,0,,UTA Timeout,[],1610612762.0,UTA,,,,,,,,,,,,,,,,,,,,,,,,,,,,,,,
18,PT10M56.00S,2025-11-24T01:15:52.0Z,1,REGULAR,2pt,Jump Shot,['pointsinthepaint'],1641718,81.42247043363994,37.00980392156863,1610612762,2,2,2025-11-24T01:15:58Z,180000,False,-65.0,122.0,1,right,K. George 13' driving floating Jump Shot (2 PTS),[1641718],1610612762.0,UTA,driving floating,,,George,K. George,,,,,In The Paint (Non-RA),8-16 Center,13.83,Made,,,,,,,,2.0,,,,,,,,,,
19,PT10M39.00S,2025-11-24T01:16:08.1Z,1,REGULAR,2pt,Layup,['pointsinthepaint'],2544,7.703679369250986,42.40196078431372,1610612747,2,2,2025-11-24T01:16:13Z,190000,False,38.0,20.0,1,left,MISS L. James driving finger roll Layup,[2544],1610612747.0,LAL,driving finger roll,,,James,L. James,,,,,Restricted Area,0-8 Center,4.29,Missed,,,,,,,,,,,,,,,,,,
20,PT10M35.00S,2025-11-24T01:16:12.1Z,1,REGULAR,rebound,offensive,[],1629028,,,1610612747,2,2,2025-11-24T01:16:13Z,200000,False,,,0,,D. Ayton REBOUND (Off:1 Def:0),[1629028],1610612747.0,LAL,,,,Ayton,D. Ayton,,,,,Restricted Area,0-8 Center,,,19.0,1.0,0.0,1.0,,,,,,,,,,,,,,
21,PT10M35.00S,2025-11-24T01:16:12.0Z,1,REGULAR,2pt,Layup,"['pointsinthepaint', '2ndchance']",1629028,5.590000152587891,50.0,1610612747,2,2,2025-11-24T01:16:12Z,210000,False,0.0,0.0,1,left,MISS D. Ayton tip Layup,[1629028],1610612747.0,LAL,tip,,,Ayton,D. Ayton,,,,,Mid-Range,8-16 Left,0.0,Missed,,,,,,,,,,,,,,,,,,
22,PT10M35.00S,2025-11-24T01:16:12.6Z,1,REGULAR,rebound,defensive,[],203994,,,1610612762,2,2,2025-11-24T01:16:12Z,220000,False,,,0,,J. Nurkić REBOUND (Off:0 Def:1),[203994],1610612762.0,UTA,,,,Nurkić,J. Nurkić,,,,,Mid-Range,8-16 Left,,,21.0,1.0,1.0,0.0,,,,,,,,,,,,,,
23,PT10M29.00S,2025-11-24T01:16:17.8Z,1,REGULAR,2pt,Jump Shot,['pointsinthepaint'],1628374,85.23324572930355,53.431372549019606,1610612762,4,2,2025-11-24T01:16:23Z,230000,False,17.0,86.0,1,right,L. Markkanen 8' floating Jump Shot (2 PTS) (S. Mykhailiuk 1 AST),"[1628374, 1629004]",1610612762.0,UTA,floating,,,Markkanen,L. Markkanen,,,,,In The Paint (Non-RA),8-16 Center,8.8,Made,,,,,,,,2.0,S. Mykhailiuk,1629004.0,1.0,,,,,,,
24,PT10M18.00S,2025-11-24T01:16:29.7Z,1,REGULAR,3pt,Jump Shot,[],1629029,30.436925098554536,69.85294117647058,1610612747,4,2,2025-11-24T01:16:35Z,240000,False,-99.0,234.0,1,left,MISS L. Dončić 25' step back 3PT,[1629029],1610612747.0,LAL,step back,,,Dončić,L. Dončić,,,,,Above the Break 3,24+ Left Center,25.38,Missed,,,,,,,,,,,,,,,,,,
25,PT10M15.00S,2025-11-24T01:16:32.7Z,1,REGULAR,rebound,offensive,[],1630559,,,1610612747,4,2,2025-11-24T01:16:32Z,250000,False,,,0,,A. Reaves REBOUND (Off:1 Def:1),[1630559],1610612747.0,LAL,,,,Reaves,A. Reaves,,,,,Above the Break 3,24+ Left Center,,,24.0,2.0,1.0,1.0,,,,,,,,,,,,,,
26,PT10M14.00S,2025-11-24T01:16:34.2Z,1,REGULAR,2pt,Layup,"['pointsinthepaint', '2ndchance']",1630559,6.783837056504599,54.90196078431373,1610612747,4,4,2025-11-24T01:16:40Z,260000,False,-25.0,11.0,1,left,A. Reaves putback Layup (2 PTS),[1630559],1610612747.0,LAL,putback,,,Reaves,A. Reaves,,,,,Restricted Area,0-8 Center,2.7,Made,,,,,,,,2.0,,,,,,,,,,
27,PT09M57.00S,2025-11-24T01:16:50.9Z,1,REGULAR,2pt,Jump Shot,['pointsinthepaint'],1628374,85.49605781865965,61.029411764705884,1610612762,4,4,2025-11-24T01:16:55Z,270000,False,55.0,84.0,1,right,MISS L. Markkanen 10' turnaround Shot,[1628374],1610612762.0,UTA,turnaround,,,Markkanen,L. Markkanen,,,,,In The Paint (Non-RA),8-16 Right,10.03,Missed,,,,,,,,,,,,,,,,,,
28,PT09M55.00S,2025-11-24T01:16:52.9Z,1,REGULAR,rebound,defensive,[],1629029,,,1610612747,4,4,2025-11-24T01:16:55Z,280000,False,,,0,,L. Dončić REBOUND (Off:0 Def:1),[1629029],1610612747.0,LAL,,,,Dončić,L. Dončić,,,,,In The Paint (Non-RA),8-16 Right,,,27.0,1.0,1.0,0.0,,,,,,,,,,,,,,
30,PT09M47.00S,2025-11-24T01:17:01.0Z,1,REGULAR,turnover,bad pass,[],1629029,,,1610612747,4,4,2025-11-24T01:17:06Z,290000,False,,,0,,L. Dončić bad pass TURNOVER (1 TO),"[1629029, 203994]",1610612747.0,LAL,,,,Dončić,L. Dončić,,,,,Above the Break 3,24+ Left Center,,,,,,,1.0,Nurkić,203994.0,,,,,,,,,,,
31,PT09M47.00S,2025-11-24T01:17:01.0Z,1,REGULAR,steal,,[],203994,,,1610612762,4,4,2025-11-24T01:17:02Z,300000,False,,,0,,J. Nurkić STEAL (1 STL),[203994],1610612762.0,UTA,,,,Nurkić,J. Nurkić,,,,,Above the Break 3,24+ Left Center,,,,,,,,,,,,,,,,,,,,
32,PT09M43.00S,2025-11-24T01:17:04.2Z,1,REGULAR,2pt,Layup,"['pointsinthepaint', 'fromturnover', 'fastbreak']",1629004,92.72339027595268,56.372549019607845,1610612762,6,4,2025-11-24T01:17:10Z,310000,False,32.0,16.0,1,right,S. Mykhailiuk running Layup (2 PTS),[1629004],1610612762.0,UTA,running,,,Mykhailiuk,S. Mykhailiuk,,,,,Restricted Area,0-8 Center,3.56,Made,,,,,,,,2.0,,,,,,,,,,
33,PT09M21.00S,2025-11-24T01:17:26.4Z,1,REGULAR,3pt,Jump Shot,[],1629029,31.882391590013142,88.23529411764706,1610612747,6,4,2025-11-24T01:17:31Z,320000,False,-191.0,247.0,1,left,MISS L. Dončić 31' 3PT,[1629029],1610612747.0,LAL,,,,Dončić,L. Dončić,,,,,Above the Break 3,24+ Left Center,31.25,Missed,,,,,,,,,,,,,,,,,,
34,PT09M18.00S,2025-11-24T01:17:29.4Z,1,REGULAR,rebound,defensive,[],203994,,,1610612762,6,4,2025-11-24T01:17:31Z,330000,False,,,0,,J. Nurkić REBOUND (Off:0 Def:2),[203994],1610612762.0,UTA,,,,Nurkić,J. Nurkić,,,,,Above the Break 3,24+ Left Center,,,33.0,2.0,2.0,0.0,,,,,,,,,,,,,,
35,PT09M09.00S,2025-11-24T01:17:38.1Z,1,REGULAR,3pt,Jump Shot,[],1642846,94.82588699080158,95.83333333333334,1610612762,6,4,2025-11-24T01:17:42Z,340000,False,229.0,-4.0,1,right,MISS A. Bailey 3PT,[1642846],1610612762.0,UTA,,,,Bailey,A. Bailey,,,,,Right Corner 3,24+ Right,22.92,Missed,,,,,,,,,,,,,,,,,,
36,PT09M07.00S,2025-11-24T01:17:40.1Z,1,REGULAR,rebound,defensive,[],1629028,,,1610612747,6,4,2025-11-24T01:17:42Z,350000,False,,,0,,D. Ayton REBOUND (Off:1 Def:1),[1629028],1610612747.0,LAL,,,,Ayton,D. Ayton,,,,,Right Corner 3,24+ Right,,,35.0,2.0,1.0,1.0,,,,,,,,,,,,,,
38,PT08M58.00S,2025-11-24T01:18:08.3Z,1,REGULAR,foul,technical,['1freethrow'],1642846,,,1610612747,6,4,2025-11-24T01:18:13Z,370000,False,,,0,,A. Bailey defensive-3-second technical FOUL (1 Tech),[1642846],1610612762.0,UTA,defensive-3-second,,,Bailey,A. Bailey,,,,,,,,,,,,,,,,,,,,202056.0,0.0,1.0,,,,
39,PT08M58.00S,2025-11-24T01:18:26.5Z,1,REGULAR,freethrow,1 of 1,[],1630559,,,1610612747,6,5,2025-11-24T01:18:26Z,380000,False,,,0,,A. Reaves technical Free Throw 1 of 1 (3 PTS),[1630559],1610612747.0,LAL,technical,,,Reaves,A. Reaves,,,,,,,,Made,,,,,,,,3.0,,,,,,,,,,
40,PT08M53.00S,2025-11-24T01:18:44.9Z,1,REGULAR,2pt,Jump Shot,['pointsinthepaint'],1629029,12.697109067017081,65.19607843137256,1610612747,6,7,2025-11-24T01:19:07Z,390000,False,-76.0,67.0,1,left,L. Dončić 10' turnaround Jump Shot (2 PTS),[1629029],1610612747.0,LAL,turnaround,,,Dončić,L. Dončić,,,,,In The Paint (Non-RA),8-16 Left,10.13,Made,,,,,,,,2.0,,,,,,,,,,
42,PT08M53.00S,2025-11-24T01:18:47.9Z,1,REGULAR,foul,personal,['1freethrow'],1628374,,,1610612747,6,7,2025-11-24T01:18:54Z,410000,False,,,0,,L. Markkanen shooting personal FOUL (1 PF) (Dončić 1 FT),"[1628374, 1629029]",1610612762.0,UTA,shooting,,,Markkanen,L. Markkanen,,,,,In The Paint (Non-RA),8-16 Left,,,,,,,,,,,,,,202041.0,1.0,0.0,Dončić,1629029.0,,
44,PT08M53.00S,2025-11-24T01:19:12.7Z,1,REGULAR,freethrow,1 of 1,[],1629029,,,1610612747,6,8,2025-11-24T01:19:12Z,430000,False,,,0,,L. Dončić Free Throw 1 of 1 (3 PTS),[1629029],1610612747.0,LAL,,,,Dončić,L. Dončić,,,,,,,,Made,,,,,,,,3.0,,,,,,,,,,
45,PT08M43.00S,2025-11-24T01:19:24.0Z,1,REGULAR,3pt,Jump Shot,[],1629004,93.51182654402102,2.2058823529411766,1610612762,9,8,2025-11-24T01:19:28Z,440000,False,-239.0,8.0,1,right,S. Mykhailiuk 3PT  (5 PTS) (K. George 1 AST),"[1629004, 1641718]",1610612762.0,UTA,,,,Mykhailiuk,S. Mykhailiuk,,,,,Left Corner 3,24+ Left,23.92,Made,,,,,,,,5.0,K. George,1641718.0,1.0,,,,,,,
47,PT08M35.00S,2025-11-24T01:19:33.1Z,1,REGULAR,2pt,Layup,['pointsinthepaint'],1630559,7.835085413929041,58.82352941176471,1610612747,9,10,2025-11-24T01:19:39Z,460000,False,-44.0,21.0,1,left,A. Reaves cutting Layup (5 PTS) (L. James 1 AST),"[1630559, 2544]",1610612747.0,LAL,cutting,,,Reaves,A. Reaves,,,,,In The Paint (Non-RA),0-8 Center,4.89,Made,,,,,,,,5.0,L. James,2544.0,1.0,,,,,,,
49,PT08M23.00S,2025-11-24T01:19:44.8Z,1,REGULAR,2pt,Layup,['pointsinthepaint'],1641718,90.62089356110381,59.80392156862745,1610612762,9,10,2025-11-24T01:19:48Z,480000,False,49.0,36.0,1,right,MISS K. George 6' driving Layup,[1641718],1610612762.0,UTA,driving,,,George,K. George,,,,,In The Paint (Non-RA),0-8 Center,6.06,Missed,,,,,,,,,,,,,,,,,,
50,PT08M21.00S,2025-11-24T01:19:46.8Z,1,REGULAR,rebound,offensive,[],203994,,,1610612762,9,10,2025-11-24T01:19:48Z,490000,False,,,0,,J. Nurkić REBOUND (Off:1 Def:2),[203994],1610612762.0,UTA,,,,Nurkić,J. Nurkić,,,,,In The Paint (Non-RA),0-8 Center,,,49.0,3.0,2.0,1.0,,,,,,,,,,,,,,
51,PT08M20.00S,2025-11-24T01:19:47.1Z,1,REGULAR,2pt,Layup,"['pointsinthepaint', '2ndchance']",203994,90.48948751642575,49.50980392156863,1610612762,11,10,2025-11-24T01:19:52Z,500000,False,-2.0,37.0,1,right,J. Nurkić putback Layup (2 PTS),[203994],1610612762.0,UTA,putback,,,Nurkić,J. Nurkić,,,,,Restricted Area,0-8 Center,3.7,Made,,,,,,,,2.0,,,,,,,,,,
52,PT08M07.00S,2025-11-24T01:20:00.3Z,1,REGULAR,2pt,Jump Shot,['pointsinthepaint'],1629029,13.354139290407357,41.42156862745098,1610612747,11,12,2025-11-24T01:20:07Z,510000,False,43.0,73.0,1,left,L. Dončić 8' fadeaway Jump Shot (5 PTS),[1629029],1610612747.0,LAL,fadeaway,,,Dončić,L. Dončić,,,,,In The Paint (Non-RA),8-16 Center,8.47,Made,,,,,,,,5.0,,,,,,,,,,
53,PT07M56.00S,2025-11-24T01:20:11.2Z,1,REGULAR,3pt,Jump Shot,[],1628374,69.85873850197109,21.568627450980394,1610612762,11,12,2025-11-24T01:20:15Z,520000,False,-142.0,231.0,1,right,MISS L. Markkanen 27' 3PT,[1628374],1610612762.0,UTA,,,,Markkanen,L. Markkanen,,,,,Above the Break 3,24+ Left Center,27.11,Missed,,,,,,,,,,,,,,,,,,
54,PT07M53.00S,2025-11-24T01:20:14.2Z,1,REGULAR,rebound,defensive,[],1630559,,,1610612747,11,12,2025-11-24T01:20:15Z,530000,False,,,0,,A. Reaves REBOUND (Off:1 Def:2),[1630559],1610612747.0,LAL,,,,Reaves,A. Reaves,,,,,Above the Break 3,24+ Left Center,,,53.0,3.0,2.0,1.0,,,,,,,,,,,,,,
55,PT07M51.00S,2025-11-24T01:20:16.5Z,1,REGULAR,turnover,bad pass,[],1630559,,,1610612747,11,12,2025-11-24T01:20:19Z,540000,False,,,0,,A. Reaves bad pass TURNOVER (1 TO),"[1630559, 1628374]",1610612747.0,LAL,,,,Reaves,A. Reaves,,,,,In The Paint (Non-RA),8-16 Right,,,,,,,1.0,Markkanen,1628374.0,,,,,,,,,,,
56,PT07M51.00S,2025-11-24T01:20:16.5Z,1,REGULAR,steal,,[],1628374,,,1610612762,11,12,2025-11-24T01:20:18Z,550000,False,,,0,,L. Markkanen STEAL (1 STL),[1628374],1610612762.0,UTA,,,,Markkanen,L. Markkanen,,,,,In The Paint (Non-RA),8-16 Right,,,,,,,,,,,,,,,,,,,,
57,PT07M44.00S,2025-11-24T01:20:23.5Z,1,REGULAR,3pt,Jump Shot,"['fromturnover', 'fastbreak']",1642846,83.39356110381078,4.411764705882353,1610612762,11,12,2025-11-24T01:20:38Z,560000,False,-228.0,104.0,1,right,MISS A. Bailey 25' running 3PT,[1642846],1610612762.0,UTA,running,,,Bailey,A. Bailey,,,,,Above the Break 3,24+ Left Center,25.03,Missed,,,,,,,,,,,,,,,,,,
58,PT07M41.00S,2025-11-24T01:20:26.5Z,1,REGULAR,rebound,defensive,[],1629060,,,1610612747,11,12,2025-11-24T01:20:26Z,570000,False,,,0,,R. Hachimura REBOUND (Off:0 Def:1),[1629060],1610612747.0,LAL,,,,Hachimura,R. Hachimura,,,,,Above the Break 3,24+ Left Center,,,57.0,1.0,1.0,0.0,,,,,,,,,,,,,,
59,PT07M37.00S,2025-11-24T01:20:33.5Z,1,REGULAR,foul,personal,[],203994,,,1610612747,11,12,2025-11-24T01:20:40Z,580000,False,,,0,,J. Nurkić personal FOUL (1 PF),"[203994, 2544]",1610612762.0,UTA,,,,Nurkić,J. Nurkić,,,,,Mid-Range,16-24 Left Center,,,,,,,,,,,,,,202041.0,1.0,0.0,James,2544.0,,
61,PT07M31.00S,2025-11-24T01:20:58.9Z,1,REGULAR,2pt,Jump Shot,['pointsinthepaint'],1629029,11.251642575558476,52.94117647058824,1610612747,11,14,2025-11-24T01:24:55Z,600000,False,-15.0,53.0,1,left,L. Dončić turnaround bank Jump Shot (7 PTS),[1629029],1610612747.0,LAL,turnaround bank,,,Dončić,L. Dončić,,,,,In The Paint (Non-RA),0-8 Center,5.53,Made,,,,,,,,7.0,,,,,,,,,,
62,PT07M07.00S,2025-11-24T01:21:22.7Z,1,REGULAR,3pt,Jump Shot,[],203994,73.27529566360053,16.42156862745098,1610612762,14,14,2025-11-24T01:21:26Z,610000,False,-168.0,199.0,1,right,J. Nurkić 26' 3PT  (5 PTS) (S. Mykhailiuk 2 AST),"[203994, 1629004]",1610612762.0,UTA,,,,Nurkić,J. Nurkić,,,,,Above the Break 3,24+ Left Center,26.01,Made,,,,,,,,5.0,S. Mykhailiuk,1629004.0,2.0,,,,,,,
64,PT06M43.00S,2025-11-24T01:21:45.4Z,1,REGULAR,2pt,Jump Shot,['pointsinthepaint'],1629029,12.959921156373195,64.95098039215686,1610612747,14,14,2025-11-24T01:21:49Z,630000,False,-75.0,69.0,1,left,MISS L. Dončić 10' bank Shot,[1629029],1610612747.0,LAL,bank,,,Dončić,L. Dončić,,,,,In The Paint (Non-RA),8-16 Left,10.2,Missed,,,,,,,,,,,,,,,,,,
65,PT06M41.00S,2025-11-24T01:21:47.4Z,1,REGULAR,rebound,defensive,[],203994,,,1610612762,14,14,2025-11-24T01:26:15Z,640000,False,,,0,,J. Nurkić REBOUND (Off:1 Def:3),[203994],1610612762.0,UTA,,,,Nurkić,J. Nurkić,,,,,In The Paint (Non-RA),8-16 Left,,,64.0,4.0,3.0,1.0,,,,,,,,,,,,,,
66,PT06M38.00S,2025-11-24T01:21:51.7Z,1,REGULAR,2pt,DUNK,"['pointsinthepaint', 'fastbreak']",1642846,93.38042049934296,44.6078431372549,1610612762,16,14,2025-11-24T01:21:59Z,650000,False,-27.0,10.0,1,right,A. Bailey running alley-oop DUNK (2 PTS) (K. George 2 AST),"[1642846, 1641718]",1610612762.0,UTA,running alley-oop,,,Bailey,A. Bailey,,,,,Restricted Area,0-8 Center,2.87,Made,,,,,,,,2.0,K. George,1641718.0,2.0,,,,,,,
70,PT06M23.00S,2025-11-24T01:22:08.8Z,1,REGULAR,substitution,out,[],203994,,,1610612747,16,14,2025-11-24T01:22:18Z,690000,False,,,0,,SUB out: J. Nurkić,[203994],1610612762.0,UTA,,,,Nurkić,J. Nurkić,,,,,,,,,,,,,,,,,,,,,,,,,,
71,PT06M23.00S,2025-11-24T01:22:08.8Z,1,REGULAR,substitution,out,[],2544,,,1610612747,16,14,2025-11-24T01:22:18Z,700000,False,,,0,,SUB out: L. James,[2544],1610612747.0,LAL,,,,James,L. James,,,,,,,,,,,,,,,,,,,,,,,,,,
72,PT06M23.00S,2025-11-24T01:22:08.8Z,1,REGULAR,substitution,in,[],201567,,,1610612747,16,14,2025-11-24T01:22:18Z,710000,False,,,0,,SUB in: K. Love,[201567],1610612762.0,UTA,,,,Love,K. Love,,,,,,,,,,,,,,,,,,,,,,,,,,
73,PT06M23.00S,2025-11-24T01:22:08.8Z,1,REGULAR,substitution,in,[],1642262,,,1610612747,16,14,2025-11-24T01:22:18Z,720000,False,,,0,,SUB in: C. Williams,[1642262],1610612762.0,UTA,,,,Williams,C. Williams,,,,,,,,,,,,,,,,,,,,,,,,,,
74,PT06M23.00S,2025-11-24T01:22:08.8Z,1,REGULAR,substitution,in,[],203935,,,1610612747,16,14,2025-11-24T01:22:18Z,730000,False,,,0,,SUB in: M. Smart,[203935],1610612747.0,LAL,,,,Smart,M. Smart,,,,,,,,,,,,,,,,,,,,,,,,,,
81,PT06M23.00S,2025-11-24T01:22:08.8Z,1,REGULAR,substitution,out,[],1629004,,,1610612747,16,14,2025-11-24T01:23:21Z,735000,False,,,0,,SUB out: S. Mykhailiuk,[1629004],1610612762.0,UTA,,,,Mykhailiuk,S. Mykhailiuk,,,,,,,,,,,,,,,,,,,,,,,,,,
75,PT06M15.00S,2025-11-24T01:22:39.3Z,1,REGULAR,3pt,Jump Shot,[],203935,29.6484888304862,71.07843137254902,1610612747,16,14,2025-11-24T01:22:47Z,740000,False,-105.0,226.0,1,left,MISS M. Smart 24' 3PT,[203935],1610612747.0,LAL,,,,Smart,M. Smart,,,,,Above the Break 3,24+ Left Center,24.96,Missed,,,,,,,,,,,,,,,,,,
76,PT06M14.00S,2025-11-24T01:22:40.3Z,1,REGULAR,rebound,offensive,['team'],0,,,1610612747,16,14,2025-11-24T01:22:47Z,750000,False,,,0,,TEAM offensive REBOUND,[],1610612747.0,LAL,,,,,,,,,,Above the Break 3,24+ Left Center,,,75.0,,,,,,,,,,,,,,,,,
77,PT06M14.00S,2025-11-24T01:22:44.2Z,1,REGULAR,foul,personal,[],1628374,,,1610612747,16,14,2025-11-24T01:22:56Z,760000,False,,,0,,L. Markkanen loose ball personal FOUL (2 PF),"[1628374, 1629028]",1610612762.0,UTA,loose ball,,,Markkanen,L. Markkanen,,,,,Restricted Area,0-8 Center,,,,,,,,,,,,,,202056.0,2.0,0.0,Ayton,1629028.0,,
79,PT06M04.00S,2025-11-24T01:23:10.4Z,1,REGULAR,3pt,Jump Shot,['2ndchance'],1629060,6.521024967148489,2.941176470588235,1610612747,16,17,2025-11-24T01:23:16Z,780000,False,235.0,9.0,1,left,R. Hachimura 3PT  (3 PTS) (A. Reaves 2 AST),"[1629060, 1630559]",1610612747.0,LAL,,,,Hachimura,R. Hachimura,,,,,Right Corner 3,24+ Right,23.55,Made,,,,,,,,3.0,A. Reaves,1630559.0,2.0,,,,,,,
82,PT05M51.00S,2025-11-24T01:23:23.6Z,1,REGULAR,3pt,Jump Shot,[],201567,75.24638633377135,15.931372549019606,1610612762,16,17,2025-11-24T01:23:26Z,800000,False,-170.0,180.0,1,right,MISS K. Love 24' 3PT,[201567],1610612762.0,UTA,,,,Love,K. Love,,,,,Above the Break 3,24+ Left Center,24.79,Missed,,,,,,,,,,,,,,,,,,
83,PT05M49.00S,2025-11-24T01:23:25.6Z,1,REGULAR,rebound,defensive,[],1629028,,,1610612747,16,17,2025-11-24T01:23:26Z,810000,False,,,0,,D. Ayton REBOUND (Off:1 Def:2),[1629028],1610612747.0,LAL,,,,Ayton,D. Ayton,,,,,Above the Break 3,24+ Left Center,,,82.0,3.0,2.0,1.0,,,,,,,,,,,,,,
84,PT05M45.00S,2025-11-24T01:23:30.3Z,1,REGULAR,turnover,out-of-bounds,[],1630559,,,1610612747,16,17,2025-11-24T01:23:36Z,820000,False,,,0,,A. Reaves bad pass out-of-bounds TURNOVER (2 TO),[1630559],1610612747.0,LAL,bad pass,,,Reaves,A. Reaves,,,,,In The Paint (Non-RA),8-16 Center,,,,,,,2.0,,,,,,,202041.0,,,,,,
85,PT05M45.00S,2025-11-24T01:23:32.7Z,1,REGULAR,substitution,out,[],1642846,,,1610612762,16,17,2025-11-24T01:23:38Z,830000,False,,,0,,SUB out: A. Bailey,[1642846],1610612762.0,UTA,,,,Bailey,A. Bailey,,,,,,,,,,,,,,,,,,,,,,,,,,
86,PT05M45.00S,2025-11-24T01:23:32.7Z,1,REGULAR,substitution,in,[],1642268,,,1610612762,16,17,2025-11-24T01:23:38Z,840000,False,,,0,,SUB in: I. Collier,[1642268],1610612762.0,UTA,,,,Collier,I. Collier,,,,,,,,,,,,,,,,,,,,,,,,,,
87,PT05M34.00S,2025-11-24T01:23:57.2Z,1,REGULAR,2pt,Layup,"['pointsinthepaint', 'fromturnover']",1642268,92.72339027595268,53.67647058823529,1610612762,18,17,2025-11-24T01:24:01Z,850000,False,18.0,16.0,1,right,I. Collier cutting Layup (2 PTS) (K. Love 1 AST),"[1642268, 201567]",1610612762.0,UTA,cutting,,,Collier,I. Collier,,,,,Restricted Area,0-8 Center,2.43,Made,,,,,,,,2.0,K. Love,201567.0,1.0,,,,,,,
89,PT05M19.00S,2025-11-24T01:24:12.2Z,1,REGULAR,3pt,Jump Shot,[],1629029,24.52365308804205,14.950980392156863,1610612747,18,17,2025-11-24T01:25:18Z,870000,False,175.0,178.0,1,left,MISS L. Dončić 24' step back 3PT,[1629029],1610612747.0,LAL,step back,,,Dončić,L. Dončić,,,,,Above the Break 3,24+ Right Center,24.98,Missed,,,,,,,,,,,,,,,,,,
90,PT05M16.00S,2025-11-24T01:24:15.2Z,1,REGULAR,rebound,defensive,[],1628374,,,1610612762,18,17,2025-11-24T01:24:18Z,880000,False,,,0,,L. Markkanen REBOUND (Off:0 Def:1),[1628374],1610612762.0,UTA,,,,Markkanen,L. Markkanen,,,,,Above the Break 3,24+ Right Center,,,89.0,1.0,1.0,0.0,,,,,,,,,,,,,,
91,PT05M09.00S,2025-11-24T01:24:22.3Z,1,REGULAR,2pt,Layup,"['fastbreak', 'pointsinthepaint']",1641718,92.72339027595268,54.41176470588235,1610612762,20,17,2025-11-24T01:25:35Z,890000,False,22.0,16.0,1,right,K. George running Layup (4 PTS) (I. Collier 1 AST),"[1641718, 1642268]",1610612762.0,UTA,running,,,George,K. George,,,,,Restricted Area,0-8 Center,2.72,Made,,,,,,,,4.0,I. Collier,1642268.0,1.0,,,,,,,
93,PT05M09.00S,2025-11-24T01:24:29.6Z,1,REGULAR,timeout,full,"['team', 'mandatory']",0,,,1610612747,20,17,2025-11-24T01:24:29Z,910000,False,,,0,,LAL Timeout,[],1610612747.0,LAL,,,,,,,,,,,,,,,,,,,,,,,,,,,,,,,
94,PT05M09.00S,2025-11-24T01:26:50.4Z,1,REGULAR,substitution,out,[],1628374,,,1610612747,20,17,2025-11-24T01:27:04Z,920000,False,,,0,,SUB out: L. Markkanen,[1628374],1610612762.0,UTA,,,,Markkanen,L. Markkanen,,,,,,,,,,,,,,,,,,,,,,,,,,
95,PT05M09.00S,2025-11-24T01:26:50.4Z,1,REGULAR,substitution,out,[],1629028,,,1610612747,20,17,2025-11-24T01:27:04Z,930000,False,,,0,,SUB out: D. Ayton,[1629028],1610612747.0,LAL,,,,Ayton,D. Ayton,,,,,,,,,,,,,,,,,,,,,,,,,,
96,PT05M09.00S,2025-11-24T01:26:50.4Z,1,REGULAR,substitution,in,[],1642271,,,1610612747,20,17,2025-11-24T01:27:04Z,940000,False,,,0,,SUB in: K. Filipowski,[1642271],1610612762.0,UTA,,,,Filipowski,K. Filipowski,,,,,,,,,,,,,,,,,,,,,,,,,,
97,PT05M09.00S,2025-11-24T01:26:50.4Z,1,REGULAR,substitution,in,[],1629637,,,1610612747,20,17,2025-11-24T01:27:04Z,950000,False,,,0,,SUB in: J. Hayes,[1629637],1610612747.0,LAL,,,,Hayes,J. Hayes,,,,,,,,,,,,,,,,,,,,,,,,,,
98,PT04M56.00S,2025-11-24T01:27:32.4Z,1,REGULAR,turnover,out-of-bounds,[],1630559,,,1610612747,20,17,2025-11-24T01:27:40Z,960000,False,,,0,,A. Reaves bad pass out-of-bounds TURNOVER (3 TO),[1630559],1610612747.0,LAL,bad pass,,,Reaves,A. Reaves,,,,,Mid-Range,16-24 Center,,,,,,,3.0,,,,,,,200833.0,,,,,,
99,PT04M38.00S,2025-11-24T01:27:53.7Z,1,REGULAR,3pt,Jump Shot,['fromturnover'],201567,82.47371879106439,2.941176470588235,1610612762,20,17,2025-11-24T01:27:58Z,970000,False,-235.0,112.0,1,right,MISS K. Love 26' 3PT,[201567],1610612762.0,UTA,,,,Love,K. Love,,,,,Above the Break 3,24+ Left Center,26.07,Missed,,,,,,,,,,,,,,,,,,
100,PT04M36.00S,2025-11-24T01:27:55.7Z,1,REGULAR,rebound,defensive,[],1629060,,,1610612747,20,17,2025-11-24T01:27:58Z,980000,False,,,0,,R. Hachimura REBOUND (Off:0 Def:2),[1629060],1610612747.0,LAL,,,,Hachimura,R. Hachimura,,,,,Above the Break 3,24+ Left Center,,,99.0,2.0,2.0,0.0,,,,,,,,,,,,,,
101,PT04M24.00S,2025-11-24T01:28:11.1Z,1,REGULAR,foul,personal,[],1642262,,,1610612747,20,17,2025-11-24T01:28:20Z,990000,False,,,0,,C. Williams personal FOUL (1 PF),"[1642262, 1629029]",1610612762.0,UTA,,,,Williams,C. Williams,,,,,Mid-Range,8-16 Right,,,,,,,,,,,,,,202056.0,1.0,0.0,Dončić,1629029.0,,
103,PT04M17.00S,2025-11-24T01:28:36.6Z,1,REGULAR,3pt,Jump Shot,[],203935,6.521024967148489,96.07843137254902,1610612747,20,20,2025-11-24T01:28:40Z,1010000,False,-230.0,9.0,1,left,M. Smart 3PT  (3 PTS) (J. Hayes 1 AST),"[203935, 1629637]",1610612747.0,LAL,,,,Smart,M. Smart,,,,,Left Corner 3,24+ Left,23.06,Made,,,,,,,,3.0,J. Hayes,1629637.0,1.0,,,,,,,
105,PT03M53.00S,2025-11-24T01:29:01.0Z,1,REGULAR,2pt,Layup,['pointsinthepaint'],1642262,89.83245729303549,47.794117647058826,1610612762,20,20,2025-11-24T01:29:05Z,1030000,False,-11.0,43.0,1,right,MISS C. Williams driving Layup - blocked,"[1642262, 1629060]",1610612762.0,UTA,driving,,,Williams,C. Williams,,,,,In The Paint (Non-RA),0-8 Center,4.45,Missed,,,,,,,,,,,,,,,,,Hachimura,1629060.0
106,PT03M53.00S,2025-11-24T01:29:01.0Z,1,REGULAR,block,,[],1629060,,,1610612762,20,20,2025-11-24T01:29:03Z,1040000,False,,,0,,R. Hachimura BLOCK (1 BLK),[1629060],1610612747.0,LAL,,,,Hachimura,R. Hachimura,,,,,In The Paint (Non-RA),0-8 Center,,,,,,,,,,,,,,,,,,,,
107,PT03M50.00S,2025-11-24T01:29:04.0Z,1,REGULAR,rebound,defensive,[],1630559,,,1610612747,20,20,2025-11-24T01:29:05Z,1050000,False,,,0,,A. Reaves REBOUND (Off:1 Def:3),[1630559],1610612747.0,LAL,,,,Reaves,A. Reaves,,,,,In The Paint (Non-RA),0-8 Center,,,105.0,4.0,3.0,1.0,,,,,,,,,,,,,,
108,PT03M48.00S,2025-11-24T01:29:06.8Z,1,REGULAR,2pt,Layup,"['pointsinthepaint', 'fastbreak']",1630559,12.959921156373195,49.50980392156863,1610612747,20,22,2025-11-24T01:29:26Z,1060000,False,2.0,69.0,1,left,A. Reaves 6' running Layup (7 PTS),[1630559],1610612747.0,LAL,running,,,Reaves,A. Reaves,,,,,In The Paint (Non-RA),0-8 Center,6.93,Made,,,,,,,,7.0,,,,,,,,,,
109,PT03M33.00S,2025-11-24T01:29:20.8Z,1,REGULAR,3pt,Jump Shot,[],1642262,82.7365308804205,3.1862745098039214,1610612762,20,22,2025-11-24T01:29:26Z,1070000,False,-234.0,110.0,1,right,MISS C. Williams 25' 3PT,[1642262],1610612762.0,UTA,,,,Williams,C. Williams,,,,,Above the Break 3,24+ Left Center,25.86,Missed,,,,,,,,,,,,,,,,,,
110,PT03M31.00S,2025-11-24T01:29:22.8Z,1,REGULAR,rebound,defensive,[],1629637,,,1610612747,20,22,2025-11-24T01:29:26Z,1080000,False,,,0,,J. Hayes REBOUND (Off:0 Def:1),[1629637],1610612747.0,LAL,,,,Hayes,J. Hayes,,,,,Above the Break 3,24+ Left Center,,,109.0,1.0,1.0,0.0,,,,,,,,,,,,,,
111,PT03M20.00S,2025-11-24T01:29:34.5Z,1,REGULAR,2pt,Layup,['pointsinthepaint'],1629060,6.1268068331143235,55.392156862745104,1610612747,20,24,2025-11-24T01:29:52Z,1090000,False,-27.0,5.0,1,left,R. Hachimura cutting Layup (5 PTS) (L. Dončić 1 AST),"[1629060, 1629029]",1610612747.0,LAL,cutting,,,Hachimura,R. Hachimura,,,,,Restricted Area,0-8 Center,2.75,Made,,,,,,,,5.0,L. Dončić,1629029.0,1.0,,,,,,,
113,PT03M10.00S,2025-11-24T01:29:46.1Z,1,REGULAR,turnover,traveling,[],1641718,,,1610612762,20,24,2025-11-24T01:29:55Z,1110000,False,,,0,,K. George traveling TURNOVER (1 TO),[1641718],1610612762.0,UTA,,,,George,K. George,,,,,Above the Break 3,24+ Right Center,,,,,,,1.0,,,,,,,200833.0,,,,,,
114,PT03M10.00S,2025-11-24T01:29:52.5Z,1,REGULAR,substitution,out,[],1630559,,,1610612747,20,24,2025-11-24T01:29:55Z,1120000,False,,,0,,SUB out: A. Reaves,[1630559],1610612747.0,LAL,,,,Reaves,A. Reaves,,,,,,,,,,,,,,,,,,,,,,,,,,
115,PT03M10.00S,2025-11-24T01:29:52.5Z,1,REGULAR,substitution,in,[],1631222,,,1610612747,20,24,2025-11-24T01:29:55Z,1130000,False,,,0,,SUB in: J. LaRavia,[1631222],1610612747.0,LAL,,,,LaRavia,J. LaRavia,,,,,,,,,,,,,,,,,,,,,,,,,,
116,PT03M01.00S,2025-11-24T01:30:14.6Z,1,REGULAR,2pt,Layup,"['pointsinthepaint', 'fromturnover']",1629029,9.937582128777924,41.42156862745098,1610612747,20,26,2025-11-24T01:30:18Z,1140000,False,43.0,41.0,1,left,L. Dončić driving Layup (9 PTS),[1629029],1610612747.0,LAL,driving,,,Dončić,L. Dončić,,,,,In The Paint (Non-RA),0-8 Center,5.93,Made,,,,,,,,9.0,,,,,,,,,,
117,PT03M01.00S,2025-11-24T01:30:16.7Z,1,REGULAR,foul,personal,"['inpenalty', '1freethrow']",201567,,,1610612747,20,26,2025-11-24T01:30:43Z,1150000,False,,,0,,K. Love shooting personal FOUL (1 PF) (Dončić 1 FT),"[201567, 1629029]",1610612762.0,UTA,shooting,,,Love,K. Love,,,,,In The Paint (Non-RA),0-8 Center,,,,,,,,,,,,,,200833.0,1.0,0.0,Dončić,1629029.0,,
119,PT03M01.00S,2025-11-24T01:30:33.4Z,1,REGULAR,substitution,out,[],1642262,,,1610612747,20,26,2025-11-24T01:30:36Z,1170000,False,,,0,,SUB out: C. Williams,[1642262],1610612762.0,UTA,,,,Williams,C. Williams,,,,,,,,,,,,,,,,,,,,,,,,,,
120,PT03M01.00S,2025-11-24T01:30:33.4Z,1,REGULAR,substitution,in,[],1628374,,,1610612747,20,26,2025-11-24T01:30:36Z,1180000,False,,,0,,SUB in: L. Markkanen,[1628374],1610612762.0,UTA,,,,Markkanen,L. Markkanen,,,,,,,,,,,,,,,,,,,,,,,,,,
121,PT03M01.00S,2025-11-24T01:30:57.0Z,1,REGULAR,freethrow,1 of 1,['fromturnover'],1629029,,,1610612747,20,27,2025-11-24T01:30:57Z,1190000,False,,,0,,L. Dončić Free Throw 1 of 1 (10 PTS),[1629029],1610612747.0,LAL,,,,Dončić,L. Dončić,,,,,,,,Made,,,,,,,,10.0,,,,,,,,,,
122,PT02M47.00S,2025-11-24T01:31:13.5Z,1,REGULAR,3pt,Jump Shot,[],1641718,77.87450722733246,9.558823529411764,1610612762,23,27,2025-11-24T01:31:18Z,1200000,False,-202.0,155.0,1,right,K. George 25' 3PT  (7 PTS) (K. Filipowski 1 AST),"[1641718, 1642271]",1610612762.0,UTA,,,,George,K. George,,,,,Above the Break 3,24+ Left Center,25.51,Made,,,,,,,,7.0,K. Filipowski,1642271.0,1.0,,,,,,,
124,PT02M33.00S,2025-11-24T01:31:26.9Z,1,REGULAR,3pt,Jump Shot,[],1631222,32.013797634691194,52.450980392156865,1610612747,23,27,2025-11-24T01:31:31Z,1220000,False,-12.0,248.0,1,left,MISS J. LaRavia 24' step back 3PT,[1631222],1610612747.0,LAL,step back,,,LaRavia,J. LaRavia,,,,,Above the Break 3,24+ Center,24.87,Missed,,,,,,,,,,,,,,,,,,
125,PT02M31.00S,2025-11-24T01:31:28.9Z,1,REGULAR,rebound,defensive,[],201567,,,1610612762,23,27,2025-11-24T01:31:31Z,1230000,False,,,0,,K. Love REBOUND (Off:0 Def:1),[201567],1610612762.0,UTA,,,,Love,K. Love,,,,,Above the Break 3,24+ Center,,,124.0,1.0,1.0,0.0,,,,,,,,,,,,,,
126,PT02M30.00S,2025-11-24T01:31:31.1Z,1,REGULAR,turnover,bad pass,[],201567,,,1610612762,23,27,2025-11-24T01:31:34Z,1240000,False,,,0,,K. Love bad pass TURNOVER (1 TO),"[201567, 1629029]",1610612762.0,UTA,,,,Love,K. Love,,,,,Restricted Area,0-8 Center,,,,,,,1.0,Dončić,1629029.0,,,,,,,,,,,
127,PT02M30.00S,2025-11-24T01:31:31.1Z,1,REGULAR,steal,,[],1629029,,,1610612747,23,27,2025-11-24T01:31:32Z,1250000,False,,,0,,L. Dončić STEAL (1 STL),[1629029],1610612747.0,LAL,,,,Dončić,L. Dončić,,,,,Restricted Area,0-8 Center,,,,,,,,,,,,,,,,,,,,
128,PT02M27.00S,2025-11-24T01:31:33.6Z,1,REGULAR,3pt,Jump Shot,['fromturnover'],1629029,6.521024967148489,95.09803921568627,1610612747,23,27,2025-11-24T01:31:39Z,1260000,False,-225.0,9.0,1,left,MISS L. Dončić 3PT,[1629029],1610612747.0,LAL,,,,Dončić,L. Dončić,,,,,Left Corner 3,24+ Left,22.57,Missed,,,,,,,,,,,,,,,,,,
129,PT02M24.00S,2025-11-24T01:31:36.6Z,1,REGULAR,rebound,defensive,[],201567,,,1610612762,23,27,2025-11-24T01:31:39Z,1270000,False,,,0,,K. Love REBOUND (Off:0 Def:2),[201567],1610612762.0,UTA,,,,Love,K. Love,,,,,Left Corner 3,24+ Left,,,128.0,2.0,2.0,0.0,,,,,,,,,,,,,,
130,PT02M19.00S,2025-11-24T01:31:40.8Z,1,REGULAR,3pt,Jump Shot,['fastbreak'],1641718,87.46714848883047,95.34313725490196,1610612762,23,27,2025-11-24T01:32:02Z,1280000,False,227.0,65.0,1,right,MISS K. George running 3PT,[1641718],1610612762.0,UTA,running,,,George,K. George,,,,,Right Corner 3,24+ Right,23.59,Missed,,,,,,,,,,,,,,,,,,
131,PT02M16.00S,2025-11-24T01:31:43.8Z,1,REGULAR,rebound,defensive,[],1629637,,,1610612747,23,27,2025-11-24T01:31:47Z,1290000,False,,,0,,J. Hayes REBOUND (Off:0 Def:2),[1629637],1610612747.0,LAL,,,,Hayes,J. Hayes,,,,,Right Corner 3,24+ Right,,,130.0,2.0,2.0,0.0,,,,,,,,,,,,,,
132,PT02M12.00S,2025-11-24T01:31:48.2Z,1,REGULAR,2pt,DUNK,"['pointsinthepaint', 'fastbreak']",1629060,7.30946123521682,49.26470588235294,1610612747,23,29,2025-11-24T01:31:53Z,1300000,False,4.0,16.0,1,left,R. Hachimura running DUNK (7 PTS) (J. LaRavia 1 AST),"[1629060, 1631222]",1610612747.0,LAL,running,,,Hachimura,R. Hachimura,,,,,Restricted Area,0-8 Center,1.66,Made,,,,,,,,7.0,J. LaRavia,1631222.0,1.0,,,,,,,
134,PT01M50.00S,2025-11-24T01:32:09.8Z,1,REGULAR,2pt,Jump Shot,[],1628374,72.61826544021025,49.754901960784316,1610612762,23,29,2025-11-24T01:32:14Z,1320000,False,-1.0,205.0,1,right,MISS L. Markkanen 20' floating Shot,[1628374],1610612762.0,UTA,floating,,,Markkanen,L. Markkanen,,,,,Mid-Range,16-24 Center,20.49,Missed,,,,,,,,,,,,,,,,,,
135,PT01M48.00S,2025-11-24T01:32:11.8Z,1,REGULAR,rebound,defensive,[],1629029,,,1610612747,23,29,2025-11-24T01:32:14Z,1330000,False,,,0,,L. Dončić REBOUND (Off:0 Def:2),[1629029],1610612747.0,LAL,,,,Dončić,L. Dončić,,,,,Mid-Range,16-24 Center,,,134.0,2.0,2.0,0.0,,,,,,,,,,,,,,
136,PT01M41.00S,2025-11-24T01:32:19.4Z,1,REGULAR,turnover,bad pass,[],1629029,,,1610612747,23,29,2025-11-24T01:32:22Z,1340000,False,,,0,,L. Dončić bad pass TURNOVER (2 TO),"[1629029, 1641718]",1610612747.0,LAL,,,,Dončić,L. Dončić,,,,,Above the Break 3,24+ Center,,,,,,,2.0,George,1641718.0,,,,,,,,,,,
137,PT01M41.00S,2025-11-24T01:32:19.4Z,1,REGULAR,steal,,[],1641718,,,1610612762,23,29,2025-11-24T01:37:10Z,1350000,False,,,0,,K. George STEAL (1 STL),[1641718],1610612762.0,UTA,,,,George,K. George,,,,,Above the Break 3,24+ Center,,,,,,,,,,,,,,,,,,,,
138,PT01M37.00S,2025-11-24T01:32:23.6Z,1,REGULAR,3pt,Jump Shot,"['fromturnover', 'fastbreak']",1628374,91.14651773981603,3.431372549019608,1610612762,23,29,2025-11-24T01:32:45Z,1360000,False,-233.0,31.0,1,right,MISS L. Markkanen running 3PT,[1628374],1610612762.0,UTA,running,,,Markkanen,L. Markkanen,,,,,Left Corner 3,24+ Left,23.48,Missed,,,,,,,,,,,,,,,,,,
139,PT01M34.00S,2025-11-24T01:32:26.6Z,1,REGULAR,rebound,defensive,[],1629060,,,1610612747,23,29,2025-11-24T01:32:28Z,1370000,False,,,0,,R. Hachimura REBOUND (Off:0 Def:3),[1629060],1610612747.0,LAL,,,,Hachimura,R. Hachimura,,,,,Left Corner 3,24+ Left,,,138.0,3.0,3.0,0.0,,,,,,,,,,,,,,
140,PT01M15.00S,2025-11-24T01:32:45.1Z,1,REGULAR,2pt,Jump Shot,[],1629060,14.536793692509855,13.725490196078432,1610612747,23,29,2025-11-24T01:32:50Z,1380000,False,181.0,84.0,1,left,MISS R. Hachimura 19' pullup Shot,[1629060],1610612747.0,LAL,pullup,,,Hachimura,R. Hachimura,,,,,Mid-Range,16-24 Right,19.99,Missed,,,,,,,,,,,,,,,,,,
141,PT01M13.00S,2025-11-24T01:32:47.1Z,1,REGULAR,rebound,defensive,[],201567,,,1610612762,23,29,2025-11-24T01:32:50Z,1390000,False,,,0,,K. Love REBOUND (Off:0 Def:3),[201567],1610612762.0,UTA,,,,Love,K. Love,,,,,Mid-Range,16-24 Right,,,140.0,3.0,3.0,0.0,,,,,,,,,,,,,,
142,PT01M00.00S,2025-11-24T01:33:01.2Z,1,REGULAR,2pt,Layup,['pointsinthepaint'],1642268,93.11760840998686,53.431372549019606,1610612762,25,29,2025-11-24T01:33:05Z,1400000,False,17.0,12.0,1,right,I. Collier driving Layup (4 PTS),[1642268],1610612762.0,UTA,driving,,,Collier,I. Collier,,,,,Restricted Area,0-8 Center,2.11,Made,,,,,,,,4.0,,,,,,,,,,
143,PT00M45.30S,2025-11-24T01:33:19.6Z,1,REGULAR,3pt,Jump Shot,[],1629060,29.6484888304862,69.6078431372549,1610612747,25,29,2025-11-24T01:33:24Z,1410000,False,-98.0,226.0,1,left,MISS R. Hachimura 24' 3PT,[1629060],1610612747.0,LAL,,,,Hachimura,R. Hachimura,,,,,Above the Break 3,24+ Left Center,24.65,Missed,,,,,,,,,,,,,,,,,,
144,PT00M42.70S,2025-11-24T01:33:22.2Z,1,REGULAR,rebound,defensive,[],1628374,,,1610612762,25,29,2025-11-24T01:33:24Z,1420000,False,,,0,,L. Markkanen REBOUND (Off:0 Def:2),[1628374],1610612762.0,UTA,,,,Markkanen,L. Markkanen,,,,,Above the Break 3,24+ Left Center,,,143.0,2.0,2.0,0.0,,,,,,,,,,,,,,
145,PT00M37.30S,2025-11-24T01:33:29.8Z,1,REGULAR,foul,personal,['2freethrow'],203935,,,1610612762,25,29,2025-11-24T01:34:06Z,1430000,False,,,0,,M. Smart shooting personal FOUL (1 PF) (Collier 2 FT),"[203935, 1642268]",1610612747.0,LAL,shooting,,,Smart,M. Smart,,,,,Mid-Range,16-24 Center,,,,,,,,,,,,,,202041.0,1.0,0.0,Collier,1642268.0,,
147,PT00M37.30S,2025-11-24T01:33:43.3Z,1,REGULAR,substitution,out,[],1629060,,,1610612762,25,29,2025-11-24T01:33:47Z,1450000,False,,,0,,SUB out: R. Hachimura,[1629060],1610612747.0,LAL,,,,Hachimura,R. Hachimura,,,,,,,,,,,,,,,,,,,,,,,,,,
148,PT00M37.30S,2025-11-24T01:33:43.3Z,1,REGULAR,substitution,in,[],2544,,,1610612762,25,29,2025-11-24T01:33:47Z,1460000,False,,,0,,SUB in: L. James,[2544],1610612747.0,LAL,,,,James,L. James,,,,,,,,,,,,,,,,,,,,,,,,,,
149,PT00M37.30S,2025-11-24T01:34:25.2Z,1,REGULAR,freethrow,1 of 2,[],1642268,,,1610612762,26,29,2025-11-24T01:34:25Z,1470000,False,,,0,,I. Collier Free Throw 1 of 2 (5 PTS),[1642268],1610612762.0,UTA,,,,Collier,I. Collier,,,,,,,,Made,,,,,,,,5.0,,,,,,,,,,
150,PT00M37.30S,2025-11-24T01:34:25.9Z,1,REGULAR,substitution,out,[],1628374,,,1610612762,26,29,2025-11-24T01:34:29Z,1480000,False,,,0,,SUB out: L. Markkanen,[1628374],1610612762.0,UTA,,,,Markkanen,L. Markkanen,,,,,,,,,,,,,,,,,,,,,,,,,,
151,PT00M37.30S,2025-11-24T01:34:25.9Z,1,REGULAR,substitution,in,[],1641707,,,1610612762,26,29,2025-11-24T01:34:29Z,1490000,False,,,0,,SUB in: T. Hendricks,[1641707],1610612762.0,UTA,,,,Hendricks,T. Hendricks,,,,,,,,,,,,,,,,,,,,,,,,,,
152,PT00M37.30S,2025-11-24T01:34:47.8Z,1,REGULAR,freethrow,2 of 2,[],1642268,,,1610612762,27,29,2025-11-24T01:34:47Z,1500000,False,,,0,,I. Collier Free Throw 2 of 2 (6 PTS),[1642268],1610612762.0,UTA,,,,Collier,I. Collier,,,,,,,,Made,,,,,,,,6.0,,,,,,,,,,
153,PT00M31.70S,2025-11-24T01:34:55.9Z,1,REGULAR,3pt,Jump Shot,[],1629029,34.11629434954008,46.07843137254902,1610612747,27,32,2025-11-24T03:30:46Z,1510000,False,20.0,268.0,1,left,L. Dončić 26' 3PT pullup (13 PTS),[1629029],1610612747.0,LAL,pullup,,,Dončić,L. Dončić,,,,,Above the Break 3,24+ Center,26.89,Made,,,,,,,,13.0,,,,,,,,,,
154,PT00M15.20S,2025-11-24T01:35:16.2Z,1,REGULAR,3pt,Jump Shot,[],1641707,74.85216819973719,14.705882352941178,1610612762,30,32,2025-11-24T01:35:21Z,1520000,False,-176.0,184.0,1,right,T. Hendricks 25' 3PT  (3 PTS) (K. Filipowski 2 AST),"[1641707, 1642271]",1610612762.0,UTA,,,,Hendricks,T. Hendricks,,,,,Above the Break 3,24+ Left Center,25.49,Made,,,,,,,,3.0,K. Filipowski,1642271.0,2.0,,,,,,,
156,PT00M03.70S,2025-11-24T01:35:32.9Z,1,REGULAR,3pt,Jump Shot,[],203935,32.933639947437584,43.627450980392155,1610612747,30,32,2025-11-24T01:35:39Z,1540000,False,32.0,257.0,1,left,MISS M. Smart 25' 3PT,[203935],1610612747.0,LAL,,,,Smart,M. Smart,,,,,Above the Break 3,24+ Center,25.91,Missed,,,,,,,,,,,,,,,,,,
157,PT00M00.60S,2025-11-24T01:35:35.9Z,1,REGULAR,rebound,defensive,[],201567,,,1610612762,30,32,2025-11-24T01:35:35Z,1550000,False,,,0,,K. Love REBOUND (Off:0 Def:4),[201567],1610612762.0,UTA,,,,Love,K. Love,,,,,Above the Break 3,24+ Center,,,156.0,4.0,4.0,0.0,,,,,,,,,,,,,,
158,PT00M00.00S,2025-11-24T01:35:39.8Z,1,REGULAR,period,end,[],0,,,1610612762,30,32,2025-11-24T01:35:39Z,1560000,False,,,0,,Period End,[],,,,,,,,,,,,,,,,,,,,,,,,,,,,,,,,,
159,PT12M00.00S,2025-11-24T01:37:44.3Z,2,REGULAR,substitution,out,['startperiod'],1641718,,,1610612762,30,32,2025-11-24T01:38:14Z,1570000,False,,,0,,SUB out: K. George,[1641718],1610612762.0,UTA,,,,George,K. George,,,,,,,,,,,,,,,,,,,,,,,,,,
160,PT12M00.00S,2025-11-24T01:37:44.3Z,2,REGULAR,substitution,out,['startperiod'],1642271,,,1610612762,30,32,2025-11-24T01:38:14Z,1580000,False,,,0,,SUB out: K. Filipowski,[1642271],1610612762.0,UTA,,,,Filipowski,K. Filipowski,,,,,,,,,,,,,,,,,,,,,,,,,,
161,PT12M00.00S,2025-11-24T01:37:44.3Z,2,REGULAR,substitution,out,['startperiod'],201567,,,1610612762,30,32,2025-11-24T01:38:14Z,1590000,False,,,0,,SUB out: K. Love,[201567],1610612762.0,UTA,,,,Love,K. Love,,,,,,,,,,,,,,,,,,,,,,,,,,
162,PT12M00.00S,2025-11-24T01:37:44.3Z,2,REGULAR,substitution,out,['startperiod'],1641707,,,1610612762,30,32,2025-11-24T01:38:14Z,1600000,False,,,0,,SUB out: T. Hendricks,[1641707],1610612762.0,UTA,,,,Hendricks,T. Hendricks,,,,,,,,,,,,,,,,,,,,,,,,,,
163,PT12M00.00S,2025-11-24T01:37:44.3Z,2,REGULAR,substitution,out,['startperiod'],1629637,,,1610612762,30,32,2025-11-24T01:38:14Z,1610000,False,,,0,,SUB out: J. Hayes,[1629637],1610612747.0,LAL,,,,Hayes,J. Hayes,,,,,,,,,,,,,,,,,,,,,,,,,,
164,PT12M00.00S,2025-11-24T01:37:44.3Z,2,REGULAR,substitution,out,['startperiod'],203935,,,1610612762,30,32,2025-11-24T01:38:14Z,1620000,False,,,0,,SUB out: M. Smart,[203935],1610612747.0,LAL,,,,Smart,M. Smart,,,,,,,,,,,,,,,,,,,,,,,,,,
165,PT12M00.00S,2025-11-24T01:37:44.3Z,2,REGULAR,substitution,out,['startperiod'],1629029,,,1610612762,30,32,2025-11-24T01:38:14Z,1630000,False,,,0,,SUB out: L. Dončić,[1629029],1610612747.0,LAL,,,,Dončić,L. Dončić,,,,,,,,,,,,,,,,,,,,,,,,,,
166,PT12M00.00S,2025-11-24T01:37:44.3Z,2,REGULAR,substitution,in,['startperiod'],1641729,,,1610612762,30,32,2025-11-24T01:38:14Z,1640000,False,,,0,,SUB in: B. Sensabaugh,[1641729],1610612762.0,UTA,,,,Sensabaugh,B. Sensabaugh,,,,,,,,,,,,,,,,,,,,,,,,,,
167,PT12M00.00S,2025-11-24T01:37:44.3Z,2,REGULAR,substitution,in,['startperiod'],1642846,,,1610612762,30,32,2025-11-24T01:38:14Z,1650000,False,,,0,,SUB in: A. Bailey,[1642846],1610612762.0,UTA,,,,Bailey,A. Bailey,,,,,,,,,,,,,,,,,,,,,,,,,,
168,PT12M00.00S,2025-11-24T01:37:44.3Z,2,REGULAR,substitution,in,['startperiod'],203994,,,1610612762,30,32,2025-11-24T01:38:14Z,1660000,False,,,0,,SUB in: J. Nurkić,[203994],1610612762.0,UTA,,,,Nurkić,J. Nurkić,,,,,,,,,,,,,,,,,,,,,,,,,,
169,PT12M00.00S,2025-11-24T01:37:44.3Z,2,REGULAR,substitution,in,['startperiod'],1628374,,,1610612762,30,32,2025-11-24T01:38:14Z,1670000,False,,,0,,SUB in: L. Markkanen,[1628374],1610612762.0,UTA,,,,Markkanen,L. Markkanen,,,,,,,,,,,,,,,,,,,,,,,,,,
170,PT12M00.00S,2025-11-24T01:37:44.3Z,2,REGULAR,substitution,in,['startperiod'],1629216,,,1610612762,30,32,2025-11-24T01:38:14Z,1680000,False,,,0,,SUB in: G. Vincent,[1629216],1610612747.0,LAL,,,,Vincent,G. Vincent,,,,,,,,,,,,,,,,,,,,,,,,,,
171,PT12M00.00S,2025-11-24T01:37:44.3Z,2,REGULAR,substitution,in,['startperiod'],1630559,,,1610612762,30,32,2025-11-24T01:38:14Z,1690000,False,,,0,,SUB in: A. Reaves,[1630559],1610612747.0,LAL,,,,Reaves,A. Reaves,,,,,,,,,,,,,,,,,,,,,,,,,,
172,PT12M00.00S,2025-11-24T01:37:44.3Z,2,REGULAR,substitution,in,['startperiod'],1629028,,,1610612762,30,32,2025-11-24T01:38:14Z,1700000,False,,,0,,SUB in: D. Ayton,[1629028],1610612747.0,LAL,,,,Ayton,D. Ayton,,,,,,,,,,,,,,,,,,,,,,,,,,
173,PT12M00.00S,2025-11-24T01:38:23.6Z,2,REGULAR,period,start,[],0,,,1610612762,30,32,2025-11-24T01:38:23Z,1710000,False,,,0,,Period Start,[],,,,,,,,,,,,,,,,,,,,,,,,,,,,,,,,,
174,PT11M51.00S,2025-11-24T01:38:32.0Z,2,REGULAR,3pt,Jump Shot,[],1641729,69.33311432325887,29.411764705882355,1610612762,30,32,2025-11-24T03:31:05Z,1720000,False,-103.0,236.0,1,right,MISS B. Sensabaugh 25' pullup 3PT,[1641729],1610612762.0,UTA,pullup,,,Sensabaugh,B. Sensabaugh,,,,,Above the Break 3,24+ Left Center,25.73,Missed,,,,,,,,,,,,,,,,,,
175,PT11M48.00S,2025-11-24T01:38:35.0Z,2,REGULAR,rebound,offensive,[],203994,,,1610612762,30,32,2025-11-24T01:38:35Z,1730000,False,,,0,,J. Nurkić REBOUND (Off:2 Def:3),[203994],1610612762.0,UTA,,,,Nurkić,J. Nurkić,,,,,Above the Break 3,24+ Left Center,,,174.0,5.0,3.0,2.0,,,,,,,,,,,,,,
176,PT11M35.00S,2025-11-24T01:38:47.8Z,2,REGULAR,3pt,Jump Shot,['2ndchance'],1642268,67.49342969776609,30.392156862745097,1610612762,30,32,2025-11-24T03:31:18Z,1740000,False,-98.0,253.0,1,right,MISS I. Collier 27' pullup 3PT,[1642268],1610612762.0,UTA,pullup,,,Collier,I. Collier,,,,,Above the Break 3,24+ Left Center,27.14,Missed,,,,,,,,,,,,,,,,,,
177,PT11M31.00S,2025-11-24T01:38:51.8Z,2,REGULAR,rebound,offensive,[],1628374,,,1610612762,30,32,2025-11-24T01:38:52Z,1750000,False,,,0,,L. Markkanen REBOUND (Off:1 Def:2),[1628374],1610612762.0,UTA,,,,Markkanen,L. Markkanen,,,,,Above the Break 3,24+ Left Center,,,176.0,3.0,2.0,1.0,,,,,,,,,,,,,,
178,PT11M31.00S,2025-11-24T01:38:51.5Z,2,REGULAR,2pt,Layup,"['pointsinthepaint', '2ndchance']",1628374,94.40999984741211,50.0,1610612762,32,32,2025-11-24T01:38:51Z,1760000,False,0.0,0.0,1,right,L. Markkanen putback Layup (4 PTS),[1628374],1610612762.0,UTA,putback,,,Markkanen,L. Markkanen,,,,,Mid-Range,8-16 Left,0.0,Made,,,,,,,,4.0,,,,,,,,,,
179,PT11M12.00S,2025-11-24T01:39:10.3Z,2,REGULAR,2pt,Layup,['pointsinthepaint'],1629028,8.492115637319317,46.32352941176471,1610612747,32,34,2025-11-24T01:39:14Z,1770000,False,18.0,27.0,1,left,D. Ayton alley-oop Layup (2 PTS) (L. James 2 AST),"[1629028, 2544]",1610612747.0,LAL,alley-oop,,,Ayton,D. Ayton,,,,,Restricted Area,0-8 Center,3.29,Made,,,,,,,,2.0,L. James,2544.0,2.0,,,,,,,
181,PT10M47.00S,2025-11-24T01:39:35.5Z,2,REGULAR,3pt,Jump Shot,[],1641729,71.17279894875165,77.69607843137256,1610612762,35,34,2025-11-24T01:39:40Z,1790000,False,138.0,218.0,1,right,B. Sensabaugh 25' 3PT  (3 PTS) (J. Nurkić 1 AST),"[1641729, 203994]",1610612762.0,UTA,,,,Sensabaugh,B. Sensabaugh,,,,,Above the Break 3,24+ Right Center,25.87,Made,,,,,,,,3.0,J. Nurkić,203994.0,1.0,,,,,,,
183,PT10M32.00S,2025-11-24T01:39:50.7Z,2,REGULAR,2pt,Layup,['pointsinthepaint'],2544,7.440867279894875,60.29411764705882,1610612747,35,34,2025-11-24T01:39:54Z,1810000,False,-51.0,17.0,1,left,MISS L. James driving Layup,[2544],1610612747.0,LAL,driving,,,James,L. James,,,,,In The Paint (Non-RA),0-8 Center,5.44,Missed,,,,,,,,,,,,,,,,,,
184,PT10M30.00S,2025-11-24T01:39:52.7Z,2,REGULAR,rebound,defensive,[],1628374,,,1610612762,35,34,2025-11-24T01:39:54Z,1820000,False,,,0,,L. Markkanen REBOUND (Off:1 Def:3),[1628374],1610612762.0,UTA,,,,Markkanen,L. Markkanen,,,,,In The Paint (Non-RA),0-8 Center,,,183.0,4.0,3.0,1.0,,,,,,,,,,,,,,
185,PT10M24.00S,2025-11-24T01:39:58.7Z,2,REGULAR,3pt,Jump Shot,[],1628374,68.15045992115637,16.911764705882355,1610612762,35,34,2025-11-24T01:40:13Z,1830000,False,-165.0,247.0,1,right,MISS L. Markkanen 29' 3PT,[1628374],1610612762.0,UTA,,,,Markkanen,L. Markkanen,,,,,Above the Break 3,24+ Left Center,29.72,Missed,,,,,,,,,,,,,,,,,,
186,PT10M20.00S,2025-11-24T01:40:02.7Z,2,REGULAR,rebound,offensive,['team'],0,,,1610612762,35,34,2025-11-24T01:40:13Z,1840000,False,,,0,,TEAM offensive REBOUND,[],1610612762.0,UTA,,,,,,,,,,Above the Break 3,24+ Left Center,,,185.0,,,,,,,,,,,,,,,,,
188,PT10M07.00S,2025-11-24T01:40:43.4Z,2,REGULAR,turnover,lost ball,[],203994,,,1610612762,35,34,2025-11-24T01:40:48Z,1860000,False,,,0,,J. Nurkić lost ball TURNOVER (2 TO),"[203994, 1629028]",1610612762.0,UTA,,,,Nurkić,J. Nurkić,,,,,In The Paint (Non-RA),8-16 Left,,,,,,,2.0,Ayton,1629028.0,,,,,,,,,,,
189,PT10M07.00S,2025-11-24T01:40:43.4Z,2,REGULAR,steal,,[],1629028,,,1610612747,35,34,2025-11-24T01:44:22Z,1870000,False,,,0,,D. Ayton STEAL (1 STL),[1629028],1610612747.0,LAL,,,,Ayton,D. Ayton,,,,,In The Paint (Non-RA),8-16 Left,,,,,,,,,,,,,,,,,,,,
190,PT10M00.00S,2025-11-24T01:40:50.2Z,2,REGULAR,2pt,Jump Shot,"['fastbreak', 'pointsinthepaint', 'fromturnover']",1630559,9.280551905387648,40.931372549019606,1610612747,35,34,2025-11-24T02:18:39Z,1880000,False,45.0,35.0,1,left,MISS A. Reaves running Shot,[1630559],1610612747.0,LAL,running,,,Reaves,A. Reaves,,,,,In The Paint (Non-RA),0-8 Center,5.71,Missed,,,,,,,,,,,,,,,,,,
191,PT09M58.00S,2025-11-24T01:40:52.2Z,2,REGULAR,rebound,defensive,[],1641729,,,1610612762,35,34,2025-11-24T01:40:53Z,1890000,False,,,0,,B. Sensabaugh REBOUND (Off:0 Def:1),[1641729],1610612762.0,UTA,,,,Sensabaugh,B. Sensabaugh,,,,,In The Paint (Non-RA),0-8 Center,,,190.0,1.0,1.0,0.0,,,,,,,,,,,,,,
192,PT09M55.00S,2025-11-24T01:40:57.8Z,2,REGULAR,foul,personal,['2freethrow'],1630559,,,1610612762,35,34,2025-11-24T01:41:10Z,1900000,False,,,0,,A. Reaves shooting personal FOUL (1 PF) (Sensabaugh 2 FT),"[1630559, 1641729]",1610612747.0,LAL,shooting,,,Reaves,A. Reaves,,,,,In The Paint (Non-RA),8-16 Left,,,,,,,,,,,,,,202056.0,1.0,0.0,Sensabaugh,1641729.0,,
194,PT09M55.00S,2025-11-24T01:41:24.1Z,2,REGULAR,freethrow,1 of 2,[],1641729,,,1610612762,36,34,2025-11-24T01:41:24Z,1920000,False,,,0,,B. Sensabaugh Free Throw 1 of 2 (4 PTS),[1641729],1610612762.0,UTA,,,,Sensabaugh,B. Sensabaugh,,,,,,,,Made,,,,,,,,4.0,,,,,,,,,,
195,PT09M55.00S,2025-11-24T01:41:24.7Z,2,REGULAR,substitution,out,[],1628374,,,1610612762,36,34,2025-11-24T01:41:28Z,1930000,False,,,0,,SUB out: L. Markkanen,[1628374],1610612762.0,UTA,,,,Markkanen,L. Markkanen,,,,,,,,,,,,,,,,,,,,,,,,,,
196,PT09M55.00S,2025-11-24T01:41:24.7Z,2,REGULAR,substitution,in,[],1642271,,,1610612762,36,34,2025-11-24T01:41:28Z,1940000,False,,,0,,SUB in: K. Filipowski,[1642271],1610612762.0,UTA,,,,Filipowski,K. Filipowski,,,,,,,,,,,,,,,,,,,,,,,,,,
197,PT09M55.00S,2025-11-24T01:41:43.1Z,2,REGULAR,freethrow,2 of 2,[],1641729,,,1610612762,37,34,2025-11-24T01:41:43Z,1950000,False,,,0,,B. Sensabaugh Free Throw 2 of 2 (5 PTS),[1641729],1610612762.0,UTA,,,,Sensabaugh,B. Sensabaugh,,,,,,,,Made,,,,,,,,5.0,,,,,,,,,,
198,PT09M40.00S,2025-11-24T01:41:59.2Z,2,REGULAR,3pt,Jump Shot,[],1630559,29.6484888304862,83.57843137254902,1610612747,37,37,2025-11-24T01:42:03Z,1960000,False,-168.0,226.0,1,left,A. Reaves 28' 3PT  (10 PTS) (L. James 3 AST),"[1630559, 2544]",1610612747.0,LAL,,,,Reaves,A. Reaves,,,,,Above the Break 3,24+ Left Center,28.17,Made,,,,,,,,10.0,L. James,2544.0,3.0,,,,,,,
200,PT09M29.00S,2025-11-24T01:42:11.3Z,2,REGULAR,2pt,Layup,['pointsinthepaint'],1642268,91.27792378449409,57.107843137254896,1610612762,39,37,2025-11-24T01:42:15Z,1980000,False,36.0,29.0,1,right,I. Collier driving Layup (8 PTS),[1642268],1610612762.0,UTA,driving,,,Collier,I. Collier,,,,,In The Paint (Non-RA),0-8 Center,4.62,Made,,,,,,,,8.0,,,,,,,,,,
201,PT09M29.00S,2025-11-24T01:42:13.8Z,2,REGULAR,foul,personal,['1freethrow'],1630559,,,1610612762,39,37,2025-11-24T01:42:18Z,1990000,False,,,0,,A. Reaves shooting personal FOUL (2 PF) (Collier 1 FT),"[1630559, 1642268]",1610612747.0,LAL,shooting,,,Reaves,A. Reaves,,,,,In The Paint (Non-RA),0-8 Center,,,,,,,,,,,,,,200833.0,2.0,0.0,Collier,1642268.0,,
203,PT09M29.00S,2025-11-24T01:42:43.2Z,2,REGULAR,freethrow,1 of 1,[],1642268,,,1610612762,40,37,2025-11-24T01:42:43Z,2010000,False,,,0,,I. Collier Free Throw 1 of 1 (9 PTS),[1642268],1610612762.0,UTA,,,,Collier,I. Collier,,,,,,,,Made,,,,,,,,9.0,,,,,,,,,,
204,PT09M17.00S,2025-11-24T01:42:58.2Z,2,REGULAR,3pt,Jump Shot,[],1631222,9.411957950065702,2.696078431372549,1610612747,40,40,2025-11-24T01:43:02Z,2020000,False,237.0,36.0,1,left,J. LaRavia 3PT  (3 PTS) (L. James 4 AST),"[1631222, 2544]",1610612747.0,LAL,,,,LaRavia,J. LaRavia,,,,,Right Corner 3,24+ Right,23.92,Made,,,,,,,,3.0,L. James,2544.0,4.0,,,,,,,
207,PT09M00.00S,2025-11-24T01:43:29.7Z,2,REGULAR,3pt,Jump Shot,[],1642846,91.14651773981603,94.36274509803921,1610612762,43,40,2025-11-24T01:45:16Z,2050000,False,222.0,31.0,1,right,A. Bailey 3PT fadeaway (5 PTS) (I. Collier 2 AST),"[1642846, 1642268]",1610612762.0,UTA,fadeaway,,,Bailey,A. Bailey,,,,,Right Corner 3,24+ Right,22.39,Made,,,,,,,,5.0,I. Collier,1642268.0,2.0,,,,,,,
209,PT08M45.00S,2025-11-24T01:43:44.7Z,2,REGULAR,2pt,Jump Shot,['pointsinthepaint'],1631222,13.748357424441524,48.529411764705884,1610612747,43,42,2025-11-24T01:43:48Z,2070000,False,7.0,77.0,1,left,J. LaRavia 7' floating Jump Shot (5 PTS) (L. James 5 AST),"[1631222, 2544]",1610612747.0,LAL,floating,,,LaRavia,J. LaRavia,,,,,In The Paint (Non-RA),0-8 Center,7.71,Made,,,,,,,,5.0,L. James,2544.0,5.0,,,,,,,
211,PT08M43.00S,2025-11-24T01:43:52.1Z,2,REGULAR,timeout,full,"['team', 'mandatory']",0,,,1610612762,43,42,2025-11-24T01:43:52Z,2090000,False,,,0,,UTA Timeout,[],1610612762.0,UTA,,,,,,,,,,,,,,,,,,,,,,,,,,,,,,,
212,PT08M23.00S,2025-11-24T01:47:00.7Z,2,REGULAR,2pt,Jump Shot,['pointsinthepaint'],203994,84.31340341655716,38.23529411764706,1610612762,45,42,2025-11-24T01:47:05Z,2100000,False,-59.0,95.0,1,right,J. Nurkić 11' floating Jump Shot (7 PTS) (A. Bailey 1 AST),"[203994, 1642846]",1610612762.0,UTA,floating,,,Nurkić,J. Nurkić,,,,,In The Paint (Non-RA),8-16 Left,11.17,Made,,,,,,,,7.0,A. Bailey,1642846.0,1.0,,,,,,,
214,PT08M03.00S,2025-11-24T01:47:19.4Z,2,REGULAR,turnover,bad pass,[],2544,,,1610612747,45,42,2025-11-24T01:47:23Z,2120000,False,,,0,,L. James bad pass TURNOVER (1 TO),"[2544, 203994]",1610612747.0,LAL,,,,James,L. James,,,,,Above the Break 3,24+ Right Center,,,,,,,1.0,Nurkić,203994.0,,,,,,,,,,,
215,PT08M03.00S,2025-11-24T01:47:19.4Z,2,REGULAR,steal,,[],203994,,,1610612762,45,42,2025-11-24T01:47:21Z,2130000,False,,,0,,J. Nurkić STEAL (2 STL),[203994],1610612762.0,UTA,,,,Nurkić,J. Nurkić,,,,,Above the Break 3,24+ Right Center,,,,,,,,,,,,,,,,,,,,
216,PT07M57.00S,2025-11-24T01:47:26.2Z,2,REGULAR,2pt,Jump Shot,['fromturnover'],1641729,92.59198423127464,66.66666666666666,1610612762,45,42,2025-11-24T01:47:29Z,2140000,False,83.0,17.0,1,right,MISS B. Sensabaugh 8' floating Shot,[1641729],1610612762.0,UTA,floating,,,Sensabaugh,B. Sensabaugh,,,,,Mid-Range,8-16 Right,8.5,Missed,,,,,,,,,,,,,,,,,,
217,PT07M54.00S,2025-11-24T01:47:28.8Z,2,REGULAR,rebound,offensive,[],1642271,,,1610612762,45,42,2025-11-24T01:47:28Z,2150000,False,,,0,,K. Filipowski REBOUND (Off:1 Def:0),[1642271],1610612762.0,UTA,,,,Filipowski,K. Filipowski,,,,,Mid-Range,8-16 Right,,,216.0,1.0,0.0,1.0,,,,,,,,,,,,,,
218,PT07M51.00S,2025-11-24T01:47:31.5Z,2,REGULAR,3pt,Jump Shot,"['fromturnover', '2ndchance']",1642268,92.72339027595268,2.696078431372549,1610612762,45,42,2025-11-24T01:47:35Z,2160000,False,-237.0,16.0,1,right,MISS I. Collier 3PT,[1642268],1610612762.0,UTA,,,,Collier,I. Collier,,,,,Left Corner 3,24+ Left,23.7,Missed,,,,,,,,,,,,,,,,,,
219,PT07M49.00S,2025-11-24T01:47:33.5Z,2,REGULAR,rebound,offensive,[],1641729,,,1610612762,45,42,2025-11-24T01:47:35Z,2170000,False,,,0,,B. Sensabaugh REBOUND (Off:1 Def:1),[1641729],1610612762.0,UTA,,,,Sensabaugh,B. Sensabaugh,,,,,Left Corner 3,24+ Left,,,218.0,2.0,1.0,1.0,,,,,,,,,,,,,,
220,PT07M43.00S,2025-11-24T01:47:39.8Z,2,REGULAR,2pt,Layup,"['pointsinthepaint', 'fromturnover', '2ndchance']",1642268,93.51182654402102,53.18627450980392,1610612762,45,42,2025-11-24T01:50:18Z,2180000,False,16.0,8.0,1,right,MISS I. Collier driving reverse Layup,[1642268],1610612762.0,UTA,driving reverse,,,Collier,I. Collier,,,,,Restricted Area,0-8 Center,1.8,Missed,,,,,,,,,,,,,,,,,,
221,PT07M42.00S,2025-11-24T01:47:40.8Z,2,REGULAR,rebound,defensive,[],2544,,,1610612747,45,42,2025-11-24T01:47:44Z,2190000,False,,,0,,L. James REBOUND (Off:0 Def:1),[2544],1610612747.0,LAL,,,,James,L. James,,,,,Restricted Area,0-8 Center,,,220.0,1.0,1.0,0.0,,,,,,,,,,,,,,
222,PT07M29.00S,2025-11-24T01:47:54.3Z,2,REGULAR,turnover,bad pass,[],2544,,,1610612747,45,42,2025-11-24T01:47:58Z,2200000,False,,,0,,L. James bad pass TURNOVER (2 TO),"[2544, 1642268]",1610612747.0,LAL,,,,James,L. James,,,,,Mid-Range,8-16 Left,,,,,,,2.0,Collier,1642268.0,,,,,,,,,,,
223,PT07M29.00S,2025-11-24T01:47:54.3Z,2,REGULAR,steal,,[],1642268,,,1610612762,45,42,2025-11-24T01:47:56Z,2210000,False,,,0,,I. Collier STEAL (1 STL),[1642268],1610612762.0,UTA,,,,Collier,I. Collier,,,,,Mid-Range,8-16 Left,,,,,,,,,,,,,,,,,,,,
224,PT07M24.00S,2025-11-24T01:47:58.7Z,2,REGULAR,3pt,Jump Shot,"['fromturnover', 'fastbreak']",1641729,94.30026281208936,94.6078431372549,1610612762,45,42,2025-11-24T01:48:28Z,2220000,False,223.0,1.0,1,right,MISS B. Sensabaugh running 3PT,[1641729],1610612762.0,UTA,running,,,Sensabaugh,B. Sensabaugh,,,,,Right Corner 3,24+ Right,22.3,Missed,,,,,,,,,,,,,,,,,,
225,PT07M21.00S,2025-11-24T01:48:01.7Z,2,REGULAR,rebound,defensive,[],1631222,,,1610612747,45,42,2025-11-24T01:48:03Z,2230000,False,,,0,,J. LaRavia REBOUND (Off:0 Def:1),[1631222],1610612747.0,LAL,,,,LaRavia,J. LaRavia,,,,,Right Corner 3,24+ Right,,,224.0,1.0,1.0,0.0,,,,,,,,,,,,,,
226,PT07M18.00S,2025-11-24T01:48:05.4Z,2,REGULAR,3pt,Jump Shot,['fastbreak'],2544,17.16491458607096,94.36274509803921,1610612747,45,42,2025-11-24T01:48:46Z,2240000,False,-222.0,109.0,1,left,MISS L. James 24' running 3PT,[2544],1610612747.0,LAL,running,,,James,L. James,,,,,Above the Break 3,24+ Left Center,24.71,Missed,,,,,,,,,,,,,,,,,,
227,PT07M14.00S,2025-11-24T01:48:09.4Z,2,REGULAR,rebound,offensive,['team'],0,,,1610612747,45,42,2025-11-24T01:48:12Z,2250000,False,,,0,,TEAM offensive REBOUND,[],1610612747.0,LAL,,,,,,,,,,Above the Break 3,24+ Left Center,,,226.0,,,,,,,,,,,,,,,,,
229,PT07M14.00S,2025-11-24T01:48:20.6Z,2,REGULAR,substitution,out,[],1642268,,,1610612747,45,42,2025-11-24T01:48:29Z,2270000,False,,,0,,SUB out: I. Collier,[1642268],1610612762.0,UTA,,,,Collier,I. Collier,,,,,,,,,,,,,,,,,,,,,,,,,,
230,PT07M14.00S,2025-11-24T01:48:20.6Z,2,REGULAR,substitution,out,[],1631222,,,1610612747,45,42,2025-11-24T01:48:29Z,2280000,False,,,0,,SUB out: J. LaRavia,[1631222],1610612747.0,LAL,,,,LaRavia,J. LaRavia,,,,,,,,,,,,,,,,,,,,,,,,,,
231,PT07M14.00S,2025-11-24T01:48:20.6Z,2,REGULAR,substitution,in,[],1641718,,,1610612747,45,42,2025-11-24T01:48:29Z,2290000,False,,,0,,SUB in: K. George,[1641718],1610612762.0,UTA,,,,George,K. George,,,,,,,,,,,,,,,,,,,,,,,,,,
232,PT07M14.00S,2025-11-24T01:48:20.6Z,2,REGULAR,substitution,in,[],1629029,,,1610612747,45,42,2025-11-24T01:48:29Z,2300000,False,,,0,,SUB in: L. Dončić,[1629029],1610612747.0,LAL,,,,Dončić,L. Dončić,,,,,,,,,,,,,,,,,,,,,,,,,,
233,PT07M12.00S,2025-11-24T01:48:47.2Z,2,REGULAR,3pt,Jump Shot,['2ndchance'],2544,29.38567674113009,28.186274509803923,1610612747,45,42,2025-11-24T01:48:52Z,2310000,False,109.0,224.0,1,left,MISS L. James 24' 3PT,[2544],1610612747.0,LAL,,,,James,L. James,,,,,Above the Break 3,24+ Right Center,24.89,Missed,,,,,,,,,,,,,,,,,,
234,PT07M08.00S,2025-11-24T01:48:51.2Z,2,REGULAR,rebound,defensive,[],1641729,,,1610612762,45,42,2025-11-24T01:48:52Z,2320000,False,,,0,,B. Sensabaugh REBOUND (Off:1 Def:2),[1641729],1610612762.0,UTA,,,,Sensabaugh,B. Sensabaugh,,,,,Above the Break 3,24+ Right Center,,,233.0,3.0,2.0,1.0,,,,,,,,,,,,,,
235,PT06M54.00S,2025-11-24T01:49:04.4Z,2,REGULAR,turnover,bad pass,[],1642271,,,1610612762,45,42,2025-11-24T01:49:09Z,2330000,False,,,0,,K. Filipowski bad pass TURNOVER (1 TO),"[1642271, 1629216]",1610612762.0,UTA,,,,Filipowski,K. Filipowski,,,,,Mid-Range,16-24 Left,,,,,,,1.0,Vincent,1629216.0,,,,,,,,,,,
236,PT06M54.00S,2025-11-24T01:49:04.4Z,2,REGULAR,steal,,[],1629216,,,1610612747,45,42,2025-11-24T01:49:06Z,2340000,False,,,0,,G. Vincent STEAL (1 STL),[1629216],1610612747.0,LAL,,,,Vincent,G. Vincent,,,,,Mid-Range,16-24 Left,,,,,,,,,,,,,,,,,,,,
237,PT06M50.00S,2025-11-24T01:49:09.0Z,2,REGULAR,2pt,DUNK,"['fastbreak', 'pointsinthepaint', 'fromturnover']",2544,7.835085413929041,39.705882352941174,1610612747,45,42,2025-11-24T01:49:47Z,2350000,False,51.0,21.0,1,left,MISS L. James running alley-oop DUNK,[2544],1610612747.0,LAL,running alley-oop,,,James,L. James,,,,,In The Paint (Non-RA),0-8 Center,5.57,Missed,,,,,,,,,,,,,,,,,,
238,PT06M47.00S,2025-11-24T01:49:12.0Z,2,REGULAR,rebound,defensive,[],203994,,,1610612762,45,42,2025-11-24T01:49:47Z,2360000,False,,,0,,J. Nurkić REBOUND (Off:2 Def:4),[203994],1610612762.0,UTA,,,,Nurkić,J. Nurkić,,,,,In The Paint (Non-RA),0-8 Center,,,237.0,6.0,4.0,2.0,,,,,,,,,,,,,,
239,PT06M42.00S,2025-11-24T01:49:16.7Z,2,REGULAR,2pt,Layup,"['pointsinthepaint', 'fastbreak']",1641729,91.80354796320631,54.41176470588235,1610612762,45,42,2025-11-24T01:49:42Z,2370000,False,22.0,25.0,1,right,MISS B. Sensabaugh running Layup,[1641729],1610612762.0,UTA,running,,,Sensabaugh,B. Sensabaugh,,,,,Restricted Area,0-8 Center,3.3,Missed,,,,,,,,,,,,,,,,,,
240,PT06M40.00S,2025-11-24T01:49:18.7Z,2,REGULAR,rebound,defensive,[],1629216,,,1610612747,45,42,2025-11-24T01:49:29Z,2380000,False,,,0,,G. Vincent REBOUND (Off:0 Def:1),[1629216],1610612747.0,LAL,,,,Vincent,G. Vincent,,,,,Restricted Area,0-8 Center,,,239.0,1.0,1.0,0.0,,,,,,,,,,,,,,
241,PT06M38.00S,2025-11-24T01:49:21.2Z,2,REGULAR,2pt,DUNK,"['pointsinthepaint', 'fastbreak']",2544,7.046649145860711,45.34313725490196,1610612747,45,44,2025-11-24T01:50:43Z,2390000,False,23.0,14.0,1,left,L. James running DUNK (4 PTS) (L. Dončić 2 AST),"[2544, 1629029]",1610612747.0,LAL,running,,,James,L. James,,,,,Restricted Area,0-8 Center,2.7,Made,,,,,,,,4.0,L. Dončić,1629029.0,2.0,,,,,,,
243,PT06M25.00S,2025-11-24T01:49:33.3Z,2,REGULAR,2pt,Jump Shot,['pointsinthepaint'],1641718,80.89684625492772,51.71568627450981,1610612762,47,44,2025-11-24T01:49:46Z,2410000,False,9.0,127.0,1,right,K. George 12' pullup Jump Shot (9 PTS),[1641718],1610612762.0,UTA,pullup,,,George,K. George,,,,,In The Paint (Non-RA),8-16 Center,12.74,Made,,,,,,,,9.0,,,,,,,,,,
244,PT06M01.00S,2025-11-24T01:49:57.8Z,2,REGULAR,2pt,Jump Shot,['pointsinthepaint'],2544,14.273981603153747,47.794117647058826,1610612747,47,46,2025-11-24T01:50:03Z,2420000,False,11.0,82.0,1,left,L. James 8' fadeaway Jump Shot (6 PTS),[2544],1610612747.0,LAL,fadeaway,,,James,L. James,,,,,In The Paint (Non-RA),8-16 Center,8.24,Made,,,,,,,,6.0,,,,,,,,,,
245,PT05M47.00S,2025-11-24T01:50:11.4Z,2,REGULAR,3pt,Jump Shot,[],1642846,81.15965834428384,5.392156862745098,1610612762,47,46,2025-11-24T01:50:15Z,2430000,False,-223.0,125.0,1,right,MISS A. Bailey 25' 3PT,[1642846],1610612762.0,UTA,,,,Bailey,A. Bailey,,,,,Above the Break 3,24+ Left Center,25.54,Missed,,,,,,,,,,,,,,,,,,
246,PT05M46.00S,2025-11-24T01:50:12.4Z,2,REGULAR,rebound,defensive,[],2544,,,1610612747,47,46,2025-11-24T01:50:15Z,2440000,False,,,0,,L. James REBOUND (Off:0 Def:2),[2544],1610612747.0,LAL,,,,James,L. James,,,,,Above the Break 3,24+ Left Center,,,245.0,2.0,2.0,0.0,,,,,,,,,,,,,,
247,PT05M42.00S,2025-11-24T01:50:17.2Z,2,REGULAR,2pt,Layup,"['pointsinthepaint', 'fastbreak']",2544,8.492115637319317,45.83333333333333,1610612747,47,48,2025-11-24T01:50:22Z,2450000,False,21.0,27.0,1,left,L. James running Layup (8 PTS),[2544],1610612747.0,LAL,running,,,James,L. James,,,,,Restricted Area,0-8 Center,3.43,Made,,,,,,,,8.0,,,,,,,,,,
248,PT05M25.00S,2025-11-24T01:50:36.6Z,2,REGULAR,foul,personal,['2freethrow'],1629028,,,1610612762,47,48,2025-11-24T01:50:42Z,2460000,False,,,0,,D. Ayton shooting personal FOUL (1 PF) (Nurkić 2 FT),"[1629028, 203994]",1610612747.0,LAL,shooting,,,Ayton,D. Ayton,,,,,In The Paint (Non-RA),0-8 Center,,,,,,,,,,,,,,202041.0,1.0,0.0,Nurkić,203994.0,,
250,PT05M25.00S,2025-11-24T01:51:27.8Z,2,REGULAR,freethrow,1 of 2,[],203994,,,1610612762,47,48,2025-11-24T01:51:59Z,2480000,False,,,0,,MISS J. Nurkić Free Throw 1 of 2,[203994],1610612762.0,UTA,,,,Nurkić,J. Nurkić,,,,,,,,Missed,,,,,,,,,,,,,,,,,,
251,PT05M25.00S,2025-11-24T01:51:27.8Z,2,REGULAR,rebound,offensive,"['team', 'deadball']",0,,,1610612762,47,48,2025-11-24T01:51:59Z,2490000,False,,,0,,TEAM offensive REBOUND,[],1610612762.0,UTA,,,,,,,,,,,,,,250.0,,,,,,,,,,,,,,,,,
252,PT05M25.00S,2025-11-24T01:51:28.5Z,2,REGULAR,substitution,out,[],1642846,,,1610612762,47,48,2025-11-24T01:51:41Z,2500000,False,,,0,,SUB out: A. Bailey,[1642846],1610612762.0,UTA,,,,Bailey,A. Bailey,,,,,,,,,,,,,,,,,,,,,,,,,,
253,PT05M25.00S,2025-11-24T01:51:28.5Z,2,REGULAR,substitution,out,[],1642271,,,1610612762,47,48,2025-11-24T01:51:41Z,2510000,False,,,0,,SUB out: K. Filipowski,[1642271],1610612762.0,UTA,,,,Filipowski,K. Filipowski,,,,,,,,,,,,,,,,,,,,,,,,,,
254,PT05M25.00S,2025-11-24T01:51:28.5Z,2,REGULAR,substitution,out,[],1629028,,,1610612762,47,48,2025-11-24T01:51:41Z,2520000,False,,,0,,SUB out: D. Ayton,[1629028],1610612747.0,LAL,,,,Ayton,D. Ayton,,,,,,,,,,,,,,,,,,,,,,,,,,
255,PT05M25.00S,2025-11-24T01:51:28.5Z,2,REGULAR,substitution,out,[],2544,,,1610612762,47,48,2025-11-24T01:51:41Z,2530000,False,,,0,,SUB out: L. James,[2544],1610612747.0,LAL,,,,James,L. James,,,,,,,,,,,,,,,,,,,,,,,,,,
256,PT05M25.00S,2025-11-24T01:51:28.5Z,2,REGULAR,substitution,in,[],1629004,,,1610612762,47,48,2025-11-24T01:51:41Z,2540000,False,,,0,,SUB in: S. Mykhailiuk,[1629004],1610612762.0,UTA,,,,Mykhailiuk,S. Mykhailiuk,,,,,,,,,,,,,,,,,,,,,,,,,,
257,PT05M25.00S,2025-11-24T01:51:28.5Z,2,REGULAR,substitution,in,[],1628374,,,1610612762,47,48,2025-11-24T01:51:41Z,2550000,False,,,0,,SUB in: L. Markkanen,[1628374],1610612762.0,UTA,,,,Markkanen,L. Markkanen,,,,,,,,,,,,,,,,,,,,,,,,,,
258,PT05M25.00S,2025-11-24T01:51:28.5Z,2,REGULAR,substitution,in,[],1629637,,,1610612762,47,48,2025-11-24T01:51:41Z,2560000,False,,,0,,SUB in: J. Hayes,[1629637],1610612747.0,LAL,,,,Hayes,J. Hayes,,,,,,,,,,,,,,,,,,,,,,,,,,
259,PT05M25.00S,2025-11-24T01:51:28.5Z,2,REGULAR,substitution,in,[],203935,,,1610612762,47,48,2025-11-24T01:51:41Z,2570000,False,,,0,,SUB in: M. Smart,[203935],1610612747.0,LAL,,,,Smart,M. Smart,,,,,,,,,,,,,,,,,,,,,,,,,,
260,PT05M25.00S,2025-11-24T01:51:27.8Z,2,REGULAR,freethrow,2 of 2,[],203994,,,1610612762,47,48,2025-11-24T01:51:59Z,2580000,False,,,0,,MISS J. Nurkić Free Throw 2 of 2,[203994],1610612762.0,UTA,,,,Nurkić,J. Nurkić,,,,,,,,Missed,,,,,,,,,,,,,,,,,,
261,PT05M22.00S,2025-11-24T01:51:30.8Z,2,REGULAR,rebound,defensive,[],1630559,,,1610612747,47,48,2025-11-24T01:51:59Z,2590000,False,,,0,,A. Reaves REBOUND (Off:1 Def:4),[1630559],1610612747.0,LAL,,,,Reaves,A. Reaves,,,,,,,,,260.0,5.0,4.0,1.0,,,,,,,,,,,,,,
262,PT05M09.00S,2025-11-24T01:52:10.7Z,2,REGULAR,2pt,Jump Shot,['pointsinthepaint'],1629029,16.63929040735874,61.029411764705884,1610612747,47,50,2025-11-24T01:52:15Z,2600000,False,-55.0,104.0,1,left,L. Dončić 11' pullup Jump Shot (15 PTS),[1629029],1610612747.0,LAL,pullup,,,Dončić,L. Dončić,,,,,In The Paint (Non-RA),8-16 Center,11.76,Made,,,,,,,,15.0,,,,,,,,,,
264,PT04M53.00S,2025-11-24T01:52:30.2Z,2,REGULAR,substitution,out,[],203994,,,1610612762,47,50,2025-11-24T01:52:38Z,2620000,False,,,0,,SUB out: J. Nurkić,[203994],1610612762.0,UTA,,,,Nurkić,J. Nurkić,,,,,,,,,,,,,,,,,,,,,,,,,,
265,PT04M53.00S,2025-11-24T01:52:30.2Z,2,REGULAR,substitution,out,[],1630559,,,1610612762,47,50,2025-11-24T01:52:38Z,2630000,False,,,0,,SUB out: A. Reaves,[1630559],1610612747.0,LAL,,,,Reaves,A. Reaves,,,,,,,,,,,,,,,,,,,,,,,,,,
266,PT04M53.00S,2025-11-24T01:52:30.2Z,2,REGULAR,substitution,in,[],201567,,,1610612762,47,50,2025-11-24T01:52:38Z,2640000,False,,,0,,SUB in: K. Love,[201567],1610612762.0,UTA,,,,Love,K. Love,,,,,,,,,,,,,,,,,,,,,,,,,,
267,PT04M53.00S,2025-11-24T01:52:30.2Z,2,REGULAR,substitution,in,[],1629060,,,1610612762,47,50,2025-11-24T01:52:38Z,2650000,False,,,0,,SUB in: R. Hachimura,[1629060],1610612747.0,LAL,,,,Hachimura,R. Hachimura,,,,,,,,,,,,,,,,,,,,,,,,,,
268,PT04M46.00S,2025-11-24T01:52:56.6Z,2,REGULAR,turnover,bad pass,[],201567,,,1610612762,47,50,2025-11-24T01:53:00Z,2660000,False,,,0,,K. Love bad pass TURNOVER (2 TO),"[201567, 1629029]",1610612762.0,UTA,,,,Love,K. Love,,,,,Above the Break 3,24+ Center,,,,,,,2.0,Dončić,1629029.0,,,,,,,,,,,
269,PT04M46.00S,2025-11-24T01:52:56.6Z,2,REGULAR,steal,,[],1629029,,,1610612747,47,50,2025-11-24T01:52:58Z,2670000,False,,,0,,L. Dončić STEAL (2 STL),[1629029],1610612747.0,LAL,,,,Dončić,L. Dončić,,,,,Above the Break 3,24+ Center,,,,,,,,,,,,,,,,,,,,
270,PT04M42.00S,2025-11-24T01:53:01.2Z,2,REGULAR,2pt,DUNK,"['pointsinthepaint', 'fromturnover', 'fastbreak']",1629637,10.33180026281209,50.73529411764706,1610612747,47,52,2025-11-24T01:53:09Z,2680000,False,-4.0,45.0,1,left,J. Hayes running alley-oop DUNK (2 PTS) (L. Dončić 3 AST),"[1629637, 1629029]",1610612747.0,LAL,running alley-oop,,,Hayes,J. Hayes,,,,,In The Paint (Non-RA),0-8 Center,4.48,Made,,,,,,,,2.0,L. Dončić,1629029.0,3.0,,,,,,,
272,PT04M21.00S,2025-11-24T01:53:22.1Z,2,REGULAR,2pt,Jump Shot,['pointsinthepaint'],1641729,88.78120893561103,37.5,1610612762,47,52,2025-11-24T01:54:29Z,2700000,False,-62.0,53.0,1,right,MISS B. Sensabaugh 8' driving floating bank Shot,[1641729],1610612762.0,UTA,driving floating bank,,,Sensabaugh,B. Sensabaugh,,,,,In The Paint (Non-RA),8-16 Left,8.19,Missed,,,,,,,,,,,,,,,,,,
273,PT04M20.00S,2025-11-24T01:53:23.1Z,2,REGULAR,rebound,defensive,['team'],0,,,1610612747,47,52,2025-11-24T01:53:34Z,2710000,False,,,0,,TEAM defensive REBOUND,[],1610612747.0,LAL,,,,,,,,,,In The Paint (Non-RA),8-16 Left,,,272.0,,,,,,,,,,,,,,,,,
274,PT04M20.00S,2025-11-24T01:53:25.7Z,2,REGULAR,foul,personal,[],1641729,,,1610612747,47,52,2025-11-24T01:53:29Z,2720000,False,,,0,,B. Sensabaugh loose ball personal FOUL (1 PF),"[1641729, 203935]",1610612762.0,UTA,loose ball,,,Sensabaugh,B. Sensabaugh,,,,,In The Paint (Non-RA),0-8 Center,,,,,,,,,,,,,,200833.0,1.0,0.0,Smart,203935.0,,
276,PT04M20.00S,2025-11-24T01:53:33.5Z,2,REGULAR,substitution,out,[],1641729,,,1610612747,47,52,2025-11-24T01:53:37Z,2740000,False,,,0,,SUB out: B. Sensabaugh,[1641729],1610612762.0,UTA,,,,Sensabaugh,B. Sensabaugh,,,,,,,,,,,,,,,,,,,,,,,,,,
277,PT04M20.00S,2025-11-24T01:53:33.5Z,2,REGULAR,substitution,in,[],1642268,,,1610612747,47,52,2025-11-24T01:53:37Z,2750000,False,,,0,,SUB in: I. Collier,[1642268],1610612762.0,UTA,,,,Collier,I. Collier,,,,,,,,,,,,,,,,,,,,,,,,,,
278,PT04M03.00S,2025-11-24T01:54:00.4Z,2,REGULAR,2pt,Jump Shot,[],1629029,6.783837056504599,75.0,1610612747,47,52,2025-11-24T01:54:07Z,2760000,False,-125.0,11.0,1,left,MISS L. Dončić 12' step back Shot,[1629029],1610612747.0,LAL,step back,,,Dončić,L. Dončić,,,,,Mid-Range,8-16 Left,12.55,Missed,,,,,,,,,,,,,,,,,,
279,PT04M01.00S,2025-11-24T01:54:02.4Z,2,REGULAR,rebound,defensive,['team'],0,,,1610612762,47,52,2025-11-24T01:54:07Z,2770000,False,,,0,,TEAM defensive REBOUND,[],1610612762.0,UTA,,,,,,,,,,Mid-Range,8-16 Left,,,278.0,,,,,,,,,,,,,,,,,
281,PT03M53.00S,2025-11-24T01:54:34.9Z,2,REGULAR,foul,personal,[],1629216,,,1610612762,47,52,2025-11-24T01:54:44Z,2790000,False,,,0,,G. Vincent personal FOUL (1 PF),"[1629216, 1628374]",1610612747.0,LAL,,,,Vincent,G. Vincent,,,,,In The Paint (Non-RA),0-8 Center,,,,,,,,,,,,,,200833.0,1.0,0.0,Markkanen,1628374.0,,
283,PT03M40.00S,2025-11-24T01:55:08.9Z,2,REGULAR,foul,personal,"['inpenalty', '2freethrow']",1629060,,,1610612762,47,52,2025-11-24T01:55:25Z,2810000,False,,,0,,R. Hachimura shooting personal FOUL (1 PF) (George 2 FT),"[1629060, 1641718]",1610612747.0,LAL,shooting,,,Hachimura,R. Hachimura,,,,,Mid-Range,8-16 Left,,,,,,,,,,,,,,202041.0,1.0,0.0,George,1641718.0,,
285,PT03M40.00S,2025-11-24T01:55:42.0Z,2,REGULAR,freethrow,1 of 2,[],1641718,,,1610612762,48,52,2025-11-24T01:55:42Z,2830000,False,,,0,,K. George Free Throw 1 of 2 (10 PTS),[1641718],1610612762.0,UTA,,,,George,K. George,,,,,,,,Made,,,,,,,,10.0,,,,,,,,,,
286,PT03M40.00S,2025-11-24T01:55:42.8Z,2,REGULAR,substitution,out,[],1629216,,,1610612762,48,52,2025-11-24T01:55:52Z,2840000,False,,,0,,SUB out: G. Vincent,[1629216],1610612747.0,LAL,,,,Vincent,G. Vincent,,,,,,,,,,,,,,,,,,,,,,,,,,
287,PT03M40.00S,2025-11-24T01:55:42.8Z,2,REGULAR,substitution,in,[],2544,,,1610612762,48,52,2025-11-24T01:55:52Z,2850000,False,,,0,,SUB in: L. James,[2544],1610612747.0,LAL,,,,James,L. James,,,,,,,,,,,,,,,,,,,,,,,,,,
288,PT03M40.00S,2025-11-24T01:56:10.7Z,2,REGULAR,freethrow,2 of 2,[],1641718,,,1610612762,49,52,2025-11-24T01:56:10Z,2860000,False,,,0,,K. George Free Throw 2 of 2 (11 PTS),[1641718],1610612762.0,UTA,,,,George,K. George,,,,,,,,Made,,,,,,,,11.0,,,,,,,,,,
289,PT03M26.00S,2025-11-24T01:56:26.7Z,2,REGULAR,3pt,Jump Shot,[],203935,31.225361366622867,64.70588235294117,1610612747,49,52,2025-11-24T01:56:32Z,2870000,False,-74.0,241.0,1,left,MISS M. Smart 25' 3PT,[203935],1610612747.0,LAL,,,,Smart,M. Smart,,,,,Above the Break 3,24+ Center,25.2,Missed,,,,,,,,,,,,,,,,,,
290,PT03M23.00S,2025-11-24T01:56:29.7Z,2,REGULAR,rebound,defensive,[],201567,,,1610612762,49,52,2025-11-24T01:56:32Z,2880000,False,,,0,,K. Love REBOUND (Off:0 Def:5),[201567],1610612762.0,UTA,,,,Love,K. Love,,,,,Above the Break 3,24+ Center,,,289.0,5.0,5.0,0.0,,,,,,,,,,,,,,
291,PT03M14.00S,2025-11-24T01:56:41.3Z,2,REGULAR,foul,offensive,[],1641718,,,1610612762,49,52,2025-11-24T01:56:47Z,2890000,False,,,0,,K. George charge offensive FOUL (1 PF),"[1641718, 203935]",1610612762.0,UTA,charge,,,George,K. George,,,,,In The Paint (Non-RA),0-8 Center,,,,,,,,,,,,,,200833.0,1.0,0.0,Smart,203935.0,,
293,PT03M14.00S,2025-11-24T01:56:41.3Z,2,REGULAR,turnover,offensive foul,[],1641718,,,1610612762,49,52,2025-11-24T01:56:41Z,2910000,False,,,0,,K. George offensive foul TURNOVER (2 TO),[1641718],1610612762.0,UTA,,,,George,K. George,,,,,In The Paint (Non-RA),0-8 Center,,,,,,,2.0,,,,,,,200833.0,,,,,,
294,PT02M54.00S,2025-11-24T01:57:18.3Z,2,REGULAR,3pt,Jump Shot,['fromturnover'],203935,32.013797634691194,55.63725490196079,1610612747,49,55,2025-11-24T01:57:24Z,2920000,False,-28.0,248.0,1,left,M. Smart 25' 3PT  (6 PTS) (L. Dončić 4 AST),"[203935, 1629029]",1610612747.0,LAL,,,,Smart,M. Smart,,,,,Above the Break 3,24+ Center,25.0,Made,,,,,,,,6.0,L. Dončić,1629029.0,4.0,,,,,,,
296,PT02M40.00S,2025-11-24T01:57:31.3Z,2,REGULAR,3pt,Jump Shot,[],1629004,96.40275952693824,94.85294117647058,1610612762,49,55,2025-11-24T01:57:36Z,2940000,False,224.0,-19.0,1,right,MISS S. Mykhailiuk 3PT,[1629004],1610612762.0,UTA,,,,Mykhailiuk,S. Mykhailiuk,,,,,Right Corner 3,24+ Right,22.51,Missed,,,,,,,,,,,,,,,,,,
297,PT02M36.00S,2025-11-24T01:57:35.3Z,2,REGULAR,rebound,offensive,[],201567,,,1610612762,49,55,2025-11-24T01:57:36Z,2950000,False,,,0,,K. Love REBOUND (Off:1 Def:5),[201567],1610612762.0,UTA,,,,Love,K. Love,,,,,Right Corner 3,24+ Right,,,296.0,6.0,5.0,1.0,,,,,,,,,,,,,,
298,PT02M36.00S,2025-11-24T01:57:35.7Z,2,REGULAR,2pt,Layup,"['pointsinthepaint', '2ndchance']",201567,94.40999984741211,50.0,1610612762,51,55,2025-11-24T01:57:35Z,2960000,False,0.0,0.0,1,right,K. Love putback Layup (2 PTS),[201567],1610612762.0,UTA,putback,,,Love,K. Love,,,,,Mid-Range,8-16 Left,0.0,Made,,,,,,,,2.0,,,,,,,,,,
299,PT02M30.00S,2025-11-24T01:57:44.2Z,2,REGULAR,turnover,out-of-bounds,[],1629029,,,1610612747,51,55,2025-11-24T03:22:24Z,2970000,False,,,0,,L. Dončić bad pass out-of-bounds TURNOVER (3 TO),[1629029],1610612747.0,LAL,bad pass,,,Dončić,L. Dončić,,,,,Above the Break 3,24+ Center,,,,,,,3.0,,,,,,,202041.0,,,,,,
300,PT02M30.00S,2025-11-24T01:57:49.4Z,2,REGULAR,timeout,full,"['team', 'mandatory']",0,,,1610612762,51,55,2025-11-24T01:57:49Z,2980000,False,,,0,,LAL Timeout,[],1610612747.0,LAL,,,,,,,,,,,,,,,,,,,,,,,,,,,,,,,
301,PT02M30.00S,2025-11-24T01:59:58.7Z,2,REGULAR,substitution,out,[],201567,,,1610612762,51,55,2025-11-24T02:00:18Z,2990000,False,,,0,,SUB out: K. Love,[201567],1610612762.0,UTA,,,,Love,K. Love,,,,,,,,,,,,,,,,,,,,,,,,,,
302,PT02M30.00S,2025-11-24T01:59:58.7Z,2,REGULAR,substitution,in,[],203994,,,1610612762,51,55,2025-11-24T02:00:18Z,3000000,False,,,0,,SUB in: J. Nurkić,[203994],1610612762.0,UTA,,,,Nurkić,J. Nurkić,,,,,,,,,,,,,,,,,,,,,,,,,,
303,PT02M30.00S,2025-11-24T01:59:58.7Z,2,REGULAR,substitution,out,[],1629637,,,1610612762,51,55,2025-11-24T02:00:26Z,3010000,False,,,0,,SUB out: J. Hayes,[1629637],1610612747.0,LAL,,,,Hayes,J. Hayes,,,,,,,,,,,,,,,,,,,,,,,,,,
304,PT02M30.00S,2025-11-24T01:59:58.7Z,2,REGULAR,substitution,in,[],1630559,,,1610612762,51,55,2025-11-24T02:00:26Z,3020000,False,,,0,,SUB in: A. Reaves,[1630559],1610612747.0,LAL,,,,Reaves,A. Reaves,,,,,,,,,,,,,,,,,,,,,,,,,,
305,PT02M10.00S,2025-11-24T02:01:07.0Z,2,REGULAR,2pt,Jump Shot,['fromturnover'],1641718,89.30683311432325,68.62745098039215,1610612762,51,55,2025-11-24T02:01:47Z,3030000,False,93.0,48.0,1,right,MISS K. George 10' driving floating bank Shot,[1641718],1610612762.0,UTA,driving floating bank,,,George,K. George,,,,,Mid-Range,8-16 Right,10.47,Missed,,,,,,,,,,,,,,,,,,
306,PT02M10.00S,2025-11-24T02:01:07.0Z,2,REGULAR,rebound,defensive,[],2544,,,1610612747,51,55,2025-11-24T02:01:47Z,3040000,False,,,0,,L. James REBOUND (Off:0 Def:3),[2544],1610612747.0,LAL,,,,James,L. James,,,,,Mid-Range,8-16 Right,,,305.0,3.0,3.0,0.0,,,,,,,,,,,,,,
307,PT02M04.00S,2025-11-24T02:01:12.7Z,2,REGULAR,3pt,Jump Shot,['fastbreak'],1629029,27.283180026281208,78.92156862745098,1610612747,51,55,2025-11-24T03:28:04Z,3050000,False,-145.0,204.0,1,left,MISS L. Dončić 25' running pullup 3PT,[1629029],1610612747.0,LAL,running pullup,,,Dončić,L. Dončić,,,,,Above the Break 3,24+ Left Center,25.01,Missed,,,,,,,,,,,,,,,,,,
308,PT02M01.00S,2025-11-24T02:01:15.7Z,2,REGULAR,rebound,defensive,[],203994,,,1610612762,51,55,2025-11-24T02:01:17Z,3060000,False,,,0,,J. Nurkić REBOUND (Off:2 Def:5),[203994],1610612762.0,UTA,,,,Nurkić,J. Nurkić,,,,,Above the Break 3,24+ Left Center,,,307.0,7.0,5.0,2.0,,,,,,,,,,,,,,
309,PT01M55.00S,2025-11-24T02:01:22.7Z,2,REGULAR,2pt,Layup,"['pointsinthepaint', 'fastbreak']",1628374,92.72339027595268,44.36274509803921,1610612762,53,55,2025-11-24T02:02:19Z,3070000,False,-28.0,16.0,1,right,L. Markkanen running Layup (6 PTS) (S. Mykhailiuk 3 AST),"[1628374, 1629004]",1610612762.0,UTA,running,,,Markkanen,L. Markkanen,,,,,Restricted Area,0-8 Center,3.24,Made,,,,,,,,6.0,S. Mykhailiuk,1629004.0,3.0,,,,,,,
311,PT01M34.00S,2025-11-24T02:01:43.8Z,2,REGULAR,2pt,DUNK,['pointsinthepaint'],2544,6.389618922470433,41.911764705882355,1610612747,53,57,2025-11-24T02:01:51Z,3090000,False,40.0,8.0,1,left,L. James driving DUNK (10 PTS),[2544],1610612747.0,LAL,driving,,,James,L. James,,,,,Restricted Area,0-8 Center,4.11,Made,,,,,,,,10.0,,,,,,,,,,
312,PT01M19.00S,2025-11-24T02:02:03.5Z,2,REGULAR,turnover,bad pass,[],1641718,,,1610612762,53,57,2025-11-24T02:02:14Z,3100000,False,,,0,,K. George bad pass TURNOVER (3 TO),[1641718],1610612762.0,UTA,,,,George,K. George,,,,,Above the Break 3,24+ Center,,,,,,,3.0,,,,,,,,,,,,,
313,PT01M19.00S,2025-11-24T02:02:06.4Z,2,REGULAR,foul,personal,[],203994,,,1610612747,53,57,2025-11-24T02:02:12Z,3110000,False,,,0,,J. Nurkić loose ball personal FOUL (2 PF),"[203994, 203935]",1610612762.0,UTA,loose ball,,,Nurkić,J. Nurkić,,,,,Above the Break 3,24+ Left Center,,,,,,,,,,,,,,202041.0,2.0,0.0,Smart,203935.0,,
315,PT01M08.00S,2025-11-24T02:02:34.3Z,2,REGULAR,2pt,Jump Shot,"['pointsinthepaint', 'fromturnover']",1629029,11.251642575558476,64.70588235294117,1610612747,53,57,2025-11-24T02:03:36Z,3130000,False,-74.0,53.0,1,left,MISS L. Dončić 9' driving floating Shot,[1629029],1610612747.0,LAL,driving floating,,,Dončić,L. Dončić,,,,,In The Paint (Non-RA),8-16 Left,9.08,Missed,,,,,,,,,,,,,,,,,,
316,PT01M05.00S,2025-11-24T02:02:37.3Z,2,REGULAR,rebound,defensive,[],1641718,,,1610612762,53,57,2025-11-24T02:02:41Z,3140000,False,,,0,,K. George REBOUND (Off:0 Def:2),[1641718],1610612762.0,UTA,,,,George,K. George,,,,,In The Paint (Non-RA),8-16 Left,,,315.0,2.0,2.0,0.0,,,,,,,,,,,,,,
317,PT01M00.00S,2025-11-24T02:02:42.2Z,2,REGULAR,3pt,Jump Shot,[],1641718,67.49342969776609,46.32352941176471,1610612762,53,57,2025-11-24T02:02:45Z,3150000,False,-18.0,253.0,1,right,MISS K. George 25' 3PT,[1641718],1610612762.0,UTA,,,,George,K. George,,,,,Above the Break 3,24+ Center,25.38,Missed,,,,,,,,,,,,,,,,,,
318,PT00M58.20S,2025-11-24T02:02:44.0Z,2,REGULAR,rebound,defensive,[],2544,,,1610612747,53,57,2025-11-24T02:02:45Z,3160000,False,,,0,,L. James REBOUND (Off:0 Def:4),[2544],1610612747.0,LAL,,,,James,L. James,,,,,Above the Break 3,24+ Center,,,317.0,4.0,4.0,0.0,,,,,,,,,,,,,,
319,PT00M53.80S,2025-11-24T02:02:49.0Z,2,REGULAR,2pt,Layup,"['fastbreak', 'pointsinthepaint']",1630559,8.623521681997373,44.11764705882353,1610612747,53,59,2025-11-24T02:04:02Z,3170000,False,29.0,29.0,1,left,A. Reaves running Layup (12 PTS) (L. James 6 AST),"[1630559, 2544]",1610612747.0,LAL,running,,,Reaves,A. Reaves,,,,,Restricted Area,0-8 Center,4.1,Made,,,,,,,,12.0,L. James,2544.0,6.0,,,,,,,
321,PT00M34.70S,2025-11-24T02:03:12.4Z,2,REGULAR,2pt,Layup,['pointsinthepaint'],203994,90.48948751642575,46.568627450980394,1610612762,55,59,2025-11-24T02:03:16Z,3190000,False,-17.0,37.0,1,right,J. Nurkić driving Layup (9 PTS) (K. George 3 AST),"[203994, 1641718]",1610612762.0,UTA,driving,,,Nurkić,J. Nurkić,,,,,Restricted Area,0-8 Center,4.07,Made,,,,,,,,9.0,K. George,1641718.0,3.0,,,,,,,
323,PT00M34.70S,2025-11-24T02:03:14.4Z,2,REGULAR,foul,personal,"['inpenalty', '1freethrow']",1629029,,,1610612762,55,59,2025-11-24T02:03:18Z,3210000,False,,,0,,L. Dončić shooting personal FOUL (1 PF) (Nurkić 1 FT),"[1629029, 203994]",1610612747.0,LAL,shooting,,,Dončić,L. Dončić,,,,,Restricted Area,0-8 Center,,,,,,,,,,,,,,202056.0,1.0,0.0,Nurkić,203994.0,,
325,PT00M34.70S,2025-11-24T02:03:41.2Z,2,REGULAR,freethrow,1 of 1,[],203994,,,1610612762,55,59,2025-11-24T02:03:41Z,3230000,False,,,0,,MISS J. Nurkić Free Throw 1 of 1,[203994],1610612762.0,UTA,,,,Nurkić,J. Nurkić,,,,,,,,Missed,,,,,,,,,,,,,,,,,,
326,PT00M33.30S,2025-11-24T02:03:42.6Z,2,REGULAR,rebound,defensive,[],1630559,,,1610612747,55,59,2025-11-24T02:03:43Z,3240000,False,,,0,,A. Reaves REBOUND (Off:1 Def:5),[1630559],1610612747.0,LAL,,,,Reaves,A. Reaves,,,,,,,,,325.0,6.0,5.0,1.0,,,,,,,,,,,,,,
327,PT00M27.90S,2025-11-24T02:03:47.9Z,2,REGULAR,3pt,Jump Shot,['fastbreak'],1629060,29.25427069645204,73.2843137254902,1610612747,55,62,2025-11-24T03:28:20Z,3250000,False,-116.0,222.0,1,left,R. Hachimura 25' 3PT running (10 PTS) (L. Dončić 5 AST),"[1629060, 1629029]",1610612747.0,LAL,running,,,Hachimura,R. Hachimura,,,,,Above the Break 3,24+ Left Center,25.11,Made,,,,,,,,10.0,L. Dončić,1629029.0,5.0,,,,,,,
329,PT00M03.40S,2025-11-24T02:04:15.6Z,2,REGULAR,turnover,lost ball,[],1642268,,,1610612762,55,62,2025-11-24T02:04:21Z,3270000,False,,,0,,I. Collier lost ball TURNOVER (1 TO),"[1642268, 1629029]",1610612762.0,UTA,,,,Collier,I. Collier,,,,,Above the Break 3,24+ Center,,,,,,,1.0,Dončić,1629029.0,,,,,,,,,,,
330,PT00M03.40S,2025-11-24T02:04:15.6Z,2,REGULAR,steal,,[],1629029,,,1610612747,55,62,2025-11-24T02:04:17Z,3280000,False,,,0,,L. Dončić STEAL (3 STL),[1629029],1610612747.0,LAL,,,,Dončić,L. Dončić,,,,,Above the Break 3,24+ Center,,,,,,,,,,,,,,,,,,,,
331,PT00M00.00S,2025-11-24T02:04:21.2Z,2,REGULAR,2pt,Jump Shot,['fromturnover'],1630559,4.28712220762155,69.36274509803921,1610612747,55,62,2025-11-24T02:04:27Z,3290000,False,-97.0,-12.0,1,left,MISS A. Reaves 9' floating Shot,[1630559],1610612747.0,LAL,floating,,,Reaves,A. Reaves,,,,,Mid-Range,8-16 Left,9.76,Missed,,,,,,,,,,,,,,,,,,
332,PT00M00.00S,2025-11-24T02:04:22.8Z,2,REGULAR,rebound,offensive,['team'],0,,,1610612747,55,62,2025-11-24T02:04:22Z,3300000,False,,,0,,TEAM offensive REBOUND,[],1610612747.0,LAL,,,,,,,,,,Mid-Range,8-16 Left,,,331.0,,,,,,,,,,,,,,,,,
333,PT00M00.00S,2025-11-24T02:04:28.4Z,2,REGULAR,period,end,[],0,,,1610612747,55,62,2025-11-24T02:04:28Z,3310000,False,,,0,,Period End,[],,,,,,,,,,,,,,,,,,,,,,,,,,,,,,,,,
334,PT12M00.00S,2025-11-24T02:19:47.6Z,3,REGULAR,substitution,out,['startperiod'],1642268,,,1610612747,55,62,2025-11-24T02:20:28Z,3320000,False,,,0,,SUB out: I. Collier,[1642268],1610612762.0,UTA,,,,Collier,I. Collier,,,,,,,,,,,,,,,,,,,,,,,,,,
335,PT12M00.00S,2025-11-24T02:19:47.6Z,3,REGULAR,substitution,out,['startperiod'],203935,,,1610612747,55,62,2025-11-24T02:20:28Z,3330000,False,,,0,,SUB out: M. Smart,[203935],1610612747.0,LAL,,,,Smart,M. Smart,,,,,,,,,,,,,,,,,,,,,,,,,,
336,PT12M00.00S,2025-11-24T02:19:47.6Z,3,REGULAR,substitution,in,['startperiod'],1642846,,,1610612747,55,62,2025-11-24T02:20:28Z,3340000,False,,,0,,SUB in: A. Bailey,[1642846],1610612762.0,UTA,,,,Bailey,A. Bailey,,,,,,,,,,,,,,,,,,,,,,,,,,
337,PT12M00.00S,2025-11-24T02:19:47.6Z,3,REGULAR,substitution,in,['startperiod'],1629637,,,1610612747,55,62,2025-11-24T02:20:28Z,3350000,False,,,0,,SUB in: J. Hayes,[1629637],1610612747.0,LAL,,,,Hayes,J. Hayes,,,,,,,,,,,,,,,,,,,,,,,,,,
338,PT12M00.00S,2025-11-24T02:20:26.4Z,3,REGULAR,period,start,[],0,,,1610612762,55,62,2025-11-24T02:20:29Z,3360000,False,,,0,,Period Start,[],,,,,,,,,,,,,,,,,,,,,,,,,,,,,,,,,
339,PT11M46.00S,2025-11-24T02:20:39.9Z,3,REGULAR,3pt,Jump Shot,[],1641718,28.07161629434954,88.23529411764706,1610612762,58,62,2025-11-24T02:20:45Z,3370000,False,-191.0,211.0,1,left,K. George 28' 3PT  (14 PTS) (J. Nurkić 2 AST),"[1641718, 203994]",1610612762.0,UTA,,,,George,K. George,,,,,Above the Break 3,24+ Left Center,28.5,Made,,,,,,,,14.0,J. Nurkić,203994.0,2.0,,,,,,,
341,PT11M27.00S,2025-11-24T02:20:59.4Z,3,REGULAR,2pt,DUNK,['pointsinthepaint'],1629637,91.80354796320631,50.49019607843137,1610612747,58,64,2025-11-24T02:21:11Z,3390000,False,2.0,25.0,1,right,J. Hayes cutting DUNK (4 PTS) (L. Dončić 6 AST),"[1629637, 1629029]",1610612747.0,LAL,cutting,,,Hayes,J. Hayes,,,,,Restricted Area,0-8 Center,2.46,Made,,,,,,,,4.0,L. Dončić,1629029.0,6.0,,,,,,,
343,PT11M27.00S,2025-11-24T02:21:01.4Z,3,REGULAR,foul,personal,['1freethrow'],1641718,,,1610612747,58,64,2025-11-24T02:21:12Z,3410000,False,,,0,,K. George shooting personal FOUL (2 PF) (Hayes 1 FT),"[1641718, 1629637]",1610612762.0,UTA,shooting,,,George,K. George,,,,,Restricted Area,0-8 Center,,,,,,,,,,,,,,202056.0,2.0,0.0,Hayes,1629637.0,,
345,PT11M27.00S,2025-11-24T02:21:26.6Z,3,REGULAR,freethrow,1 of 1,[],1629637,,,1610612747,58,65,2025-11-24T02:21:26Z,3430000,False,,,0,,J. Hayes Free Throw 1 of 1 (5 PTS),[1629637],1610612747.0,LAL,,,,Hayes,J. Hayes,,,,,,,,Made,,,,,,,,5.0,,,,,,,,,,
346,PT11M15.00S,2025-11-24T02:21:39.7Z,3,REGULAR,2pt,Jump Shot,['pointsinthepaint'],1628374,20.318659658344284,45.588235294117645,1610612762,58,65,2025-11-24T02:21:44Z,3440000,False,22.0,138.0,1,left,MISS L. Markkanen 14' pullup Shot,[1628374],1610612762.0,UTA,pullup,,,Markkanen,L. Markkanen,,,,,In The Paint (Non-RA),8-16 Center,14.03,Missed,,,,,,,,,,,,,,,,,,
347,PT11M12.00S,2025-11-24T02:21:42.7Z,3,REGULAR,rebound,defensive,[],1629060,,,1610612747,58,65,2025-11-24T02:21:44Z,3450000,False,,,0,,R. Hachimura REBOUND (Off:0 Def:4),[1629060],1610612747.0,LAL,,,,Hachimura,R. Hachimura,,,,,In The Paint (Non-RA),8-16 Center,,,346.0,4.0,4.0,0.0,,,,,,,,,,,,,,
348,PT11M07.00S,2025-11-24T02:21:48.2Z,3,REGULAR,2pt,Jump Shot,[],1629029,78.26872536136662,68.13725490196079,1610612747,58,67,2025-11-24T02:27:10Z,3460000,False,91.0,152.0,1,right,L. Dončić 17' step back Jump Shot (17 PTS),[1629029],1610612747.0,LAL,step back,,,Dončić,L. Dončić,,,,,Mid-Range,16-24 Right Center,17.68,Made,,,,,,,,17.0,,,,,,,,,,
350,PT10M44.00S,2025-11-24T02:22:11.7Z,3,REGULAR,3pt,Jump Shot,[],1641718,29.38567674113009,25.245098039215684,1610612762,61,67,2025-11-24T02:22:16Z,3480000,False,124.0,224.0,1,left,K. George 25' 3PT step back (17 PTS),[1641718],1610612762.0,UTA,step back,,,George,K. George,,,,,Above the Break 3,24+ Right Center,25.57,Made,,,,,,,,17.0,,,,,,,,,,
351,PT10M25.00S,2025-11-24T02:22:29.6Z,3,REGULAR,3pt,Jump Shot,[],2544,96.13994743758212,95.58823529411765,1610612747,61,67,2025-11-24T02:22:35Z,3490000,False,228.0,-16.0,1,right,MISS L. James 3PT,[2544],1610612747.0,LAL,,,,James,L. James,,,,,Right Corner 3,24+ Right,22.85,Missed,,,,,,,,,,,,,,,,,,
352,PT10M22.00S,2025-11-24T02:22:32.6Z,3,REGULAR,rebound,defensive,[],203994,,,1610612762,61,67,2025-11-24T02:22:35Z,3500000,False,,,0,,J. Nurkić REBOUND (Off:2 Def:6),[203994],1610612762.0,UTA,,,,Nurkić,J. Nurkić,,,,,Right Corner 3,24+ Right,,,351.0,8.0,6.0,2.0,,,,,,,,,,,,,,
353,PT10M18.00S,2025-11-24T02:22:38.8Z,3,REGULAR,foul,personal,[],1629029,,,1610612762,61,67,2025-11-24T02:23:03Z,3510000,False,,,0,,L. Dončić personal FOUL (2 PF),"[1629029, 203994]",1610612747.0,LAL,,,,Dončić,L. Dončić,,,,,Mid-Range,16-24 Right Center,,,,,,,,,,,,,,202041.0,2.0,0.0,Nurkić,203994.0,,
355,PT10M11.00S,2025-11-24T02:23:14.8Z,3,REGULAR,3pt,Jump Shot,[],1642846,26.10052562417871,16.176470588235293,1610612762,61,67,2025-11-24T02:23:18Z,3530000,False,169.0,193.0,1,left,MISS A. Bailey 25' 3PT,[1642846],1610612762.0,UTA,,,,Bailey,A. Bailey,,,,,Above the Break 3,24+ Right Center,25.65,Missed,,,,,,,,,,,,,,,,,,
356,PT10M09.00S,2025-11-24T02:23:16.8Z,3,REGULAR,rebound,defensive,[],1629029,,,1610612747,61,67,2025-11-24T02:23:18Z,3540000,False,,,0,,L. Dončić REBOUND (Off:0 Def:3),[1629029],1610612747.0,LAL,,,,Dončić,L. Dončić,,,,,Above the Break 3,24+ Right Center,,,355.0,3.0,3.0,0.0,,,,,,,,,,,,,,
357,PT09M53.00S,2025-11-24T02:23:32.9Z,3,REGULAR,foul,personal,['2freethrow'],1642846,,,1610612747,61,67,2025-11-24T02:23:39Z,3550000,False,,,0,,A. Bailey shooting personal FOUL (1 PF) (Hachimura 2 FT),"[1642846, 1629060]",1610612762.0,UTA,shooting,,,Bailey,A. Bailey,,,,,Mid-Range,8-16 Right,,,,,,,,,,,,,,202041.0,1.0,1.0,Hachimura,1629060.0,,
359,PT09M53.00S,2025-11-24T02:24:04.6Z,3,REGULAR,freethrow,1 of 2,[],1629060,,,1610612747,61,67,2025-11-24T02:24:04Z,3570000,False,,,0,,MISS R. Hachimura Free Throw 1 of 2,[1629060],1610612747.0,LAL,,,,Hachimura,R. Hachimura,,,,,,,,Missed,,,,,,,,,,,,,,,,,,
360,PT09M53.00S,2025-11-24T02:24:04.6Z,3,REGULAR,rebound,offensive,"['deadball', 'team']",0,,,1610612747,61,67,2025-11-24T02:24:04Z,3580000,False,,,0,,TEAM offensive REBOUND,[],1610612747.0,LAL,,,,,,,,,,,,,,359.0,,,,,,,,,,,,,,,,,
361,PT09M53.00S,2025-11-24T02:24:23.4Z,3,REGULAR,freethrow,2 of 2,[],1629060,,,1610612747,61,68,2025-11-24T02:24:23Z,3590000,False,,,0,,R. Hachimura Free Throw 2 of 2 (11 PTS),[1629060],1610612747.0,LAL,,,,Hachimura,R. Hachimura,,,,,,,,Made,,,,,,,,11.0,,,,,,,,,,
362,PT09M42.00S,2025-11-24T02:24:36.6Z,3,REGULAR,3pt,Jump Shot,[],1629004,4.02431011826544,96.56862745098039,1610612762,61,68,2025-11-24T02:24:41Z,3600000,False,-233.0,-15.0,1,left,MISS S. Mykhailiuk 3PT,[1629004],1610612762.0,UTA,,,,Mykhailiuk,S. Mykhailiuk,,,,,Left Corner 3,24+ Left,23.33,Missed,,,,,,,,,,,,,,,,,,
363,PT09M38.00S,2025-11-24T02:24:40.5Z,3,REGULAR,rebound,offensive,[],203994,,,1610612762,61,68,2025-11-24T02:24:40Z,3610000,False,,,0,,J. Nurkić REBOUND (Off:3 Def:6),[203994],1610612762.0,UTA,,,,Nurkić,J. Nurkić,,,,,Left Corner 3,24+ Left,,,362.0,9.0,6.0,3.0,,,,,,,,,,,,,,
364,PT09M30.00S,2025-11-24T02:24:48.3Z,3,REGULAR,3pt,Jump Shot,['2ndchance'],1628374,7.440867279894875,96.07843137254902,1610612762,61,68,2025-11-24T02:24:52Z,3620000,False,-230.0,17.0,1,left,MISS L. Markkanen 3PT,[1628374],1610612762.0,UTA,,,,Markkanen,L. Markkanen,,,,,Left Corner 3,24+ Left,23.11,Missed,,,,,,,,,,,,,,,,,,
365,PT09M28.00S,2025-11-24T02:24:50.3Z,3,REGULAR,rebound,defensive,[],1630559,,,1610612747,61,68,2025-11-24T02:24:52Z,3630000,False,,,0,,A. Reaves REBOUND (Off:1 Def:6),[1630559],1610612747.0,LAL,,,,Reaves,A. Reaves,,,,,Left Corner 3,24+ Left,,,364.0,7.0,6.0,1.0,,,,,,,,,,,,,,
366,PT09M20.00S,2025-11-24T02:24:58.9Z,3,REGULAR,3pt,Jump Shot,[],1629060,92.72339027595268,2.450980392156863,1610612747,61,68,2025-11-24T02:25:05Z,3640000,False,-238.0,16.0,1,right,MISS R. Hachimura 3PT,[1629060],1610612747.0,LAL,,,,Hachimura,R. Hachimura,,,,,Left Corner 3,24+ Left,23.82,Missed,,,,,,,,,,,,,,,,,,
367,PT09M15.00S,2025-11-24T02:25:03.9Z,3,REGULAR,rebound,defensive,[],1628374,,,1610612762,61,68,2025-11-24T02:25:05Z,3650000,False,,,0,,L. Markkanen REBOUND (Off:1 Def:4),[1628374],1610612762.0,UTA,,,,Markkanen,L. Markkanen,,,,,Left Corner 3,24+ Left,,,366.0,5.0,4.0,1.0,,,,,,,,,,,,,,
368,PT09M07.00S,2025-11-24T02:25:12.2Z,3,REGULAR,2pt,Jump Shot,['pointsinthepaint'],1641718,12.565703022339028,63.970588235294116,1610612762,63,68,2025-11-24T02:25:16Z,3660000,False,-70.0,66.0,1,left,K. George 9' driving floating bank Jump Shot (19 PTS),[1641718],1610612762.0,UTA,driving floating bank,,,George,K. George,,,,,In The Paint (Non-RA),8-16 Left,9.59,Made,,,,,,,,19.0,,,,,,,,,,
369,PT08M54.00S,2025-11-24T02:25:24.3Z,3,REGULAR,2pt,Jump Shot,[],1629029,83.919185282523,17.401960784313726,1610612747,63,68,2025-11-24T02:25:28Z,3670000,False,-163.0,99.0,1,right,MISS L. Dončić 19' turnaround Shot,[1629029],1610612747.0,LAL,turnaround,,,Dončić,L. Dončić,,,,,Mid-Range,16-24 Left,19.06,Missed,,,,,,,,,,,,,,,,,,
370,PT08M53.00S,2025-11-24T02:25:25.3Z,3,REGULAR,rebound,defensive,[],1641718,,,1610612762,63,68,2025-11-24T02:25:28Z,3680000,False,,,0,,K. George REBOUND (Off:0 Def:3),[1641718],1610612762.0,UTA,,,,George,K. George,,,,,Mid-Range,16-24 Left,,,369.0,3.0,3.0,0.0,,,,,,,,,,,,,,
371,PT08M48.00S,2025-11-24T02:25:31.2Z,3,REGULAR,3pt,Jump Shot,['fastbreak'],1629004,25.706307490144546,5.88235294117647,1610612762,66,68,2025-11-24T03:28:42Z,3690000,False,221.0,189.0,1,left,S. Mykhailiuk 29' 3PT running (8 PTS) (K. George 4 AST),"[1629004, 1641718]",1610612762.0,UTA,running,,,Mykhailiuk,S. Mykhailiuk,,,,,Above the Break 3,24+ Right Center,29.06,Made,,,,,,,,8.0,K. George,1641718.0,4.0,,,,,,,
373,PT08M27.00S,2025-11-24T02:25:51.4Z,3,REGULAR,3pt,Jump Shot,[],1630559,92.9862023653088,95.34313725490196,1610612747,66,68,2025-11-24T02:25:56Z,3710000,False,227.0,13.0,1,right,MISS A. Reaves 3PT,[1630559],1610612747.0,LAL,,,,Reaves,A. Reaves,,,,,Right Corner 3,24+ Right,22.71,Missed,,,,,,,,,,,,,,,,,,
374,PT08M24.00S,2025-11-24T02:25:54.4Z,3,REGULAR,rebound,defensive,[],203994,,,1610612762,66,68,2025-11-24T02:25:56Z,3720000,False,,,0,,J. Nurkić REBOUND (Off:3 Def:7),[203994],1610612762.0,UTA,,,,Nurkić,J. Nurkić,,,,,Right Corner 3,24+ Right,,,373.0,10.0,7.0,3.0,,,,,,,,,,,,,,
375,PT08M16.00S,2025-11-24T02:26:03.5Z,3,REGULAR,2pt,Layup,['pointsinthepaint'],203994,9.017739816031538,49.26470588235294,1610612762,68,68,2025-11-24T02:26:24Z,3730000,False,4.0,32.0,1,left,J. Nurkić cutting Layup (11 PTS) (L. Markkanen 1 AST),"[203994, 1628374]",1610612762.0,UTA,cutting,,,Nurkić,J. Nurkić,,,,,Restricted Area,0-8 Center,3.25,Made,,,,,,,,11.0,L. Markkanen,1628374.0,1.0,,,,,,,
377,PT07M55.00S,2025-11-24T02:26:23.8Z,3,REGULAR,3pt,Jump Shot,[],1629029,73.14388961892247,17.647058823529413,1610612747,68,68,2025-11-24T03:29:25Z,3750000,False,-162.0,200.0,1,right,MISS L. Dončić 25' pullup 3PT,[1629029],1610612747.0,LAL,pullup,,,Dončić,L. Dončić,,,,,Above the Break 3,24+ Left Center,25.72,Missed,,,,,,,,,,,,,,,,,,
378,PT07M52.00S,2025-11-24T02:26:26.8Z,3,REGULAR,rebound,defensive,['team'],0,,,1610612762,68,68,2025-11-24T02:26:43Z,3760000,False,,,0,,TEAM defensive REBOUND,[],1610612762.0,UTA,,,,,,,,,,Above the Break 3,24+ Left Center,,,377.0,,,,,,,,,,,,,,,,,
379,PT07M52.00S,2025-11-24T02:26:29.3Z,3,REGULAR,foul,personal,[],1629637,,,1610612762,68,68,2025-11-24T02:26:39Z,3770000,False,,,0,,J. Hayes loose ball personal FOUL (1 PF),"[1629637, 203994]",1610612747.0,LAL,loose ball,,,Hayes,J. Hayes,,,,,Mid-Range,8-16 Left,,,,,,,,,,,,,,200833.0,1.0,0.0,Nurkić,203994.0,,
381,PT07M36.00S,2025-11-24T02:27:19.5Z,3,REGULAR,2pt,Layup,['pointsinthepaint'],1641718,7.703679369250986,38.23529411764706,1610612762,68,68,2025-11-24T02:27:25Z,3790000,False,59.0,20.0,1,left,MISS K. George 6' driving Layup,[1641718],1610612762.0,UTA,driving,,,George,K. George,,,,,In The Paint (Non-RA),0-8 Center,6.21,Missed,,,,,,,,,,,,,,,,,,
382,PT07M36.00S,2025-11-24T02:27:19.5Z,3,REGULAR,rebound,offensive,['team'],0,,,1610612762,68,68,2025-11-24T02:27:25Z,3800000,False,,,0,,TEAM offensive REBOUND,[],1610612762.0,UTA,,,,,,,,,,In The Paint (Non-RA),0-8 Center,,,381.0,,,,,,,,,,,,,,,,,
383,PT07M36.00S,2025-11-24T02:27:22.7Z,3,REGULAR,foul,personal,[],2544,,,1610612762,68,68,2025-11-24T02:27:33Z,3810000,False,,,0,,L. James loose ball personal FOUL (1 PF),"[2544, 203994]",1610612747.0,LAL,loose ball,,,James,L. James,,,,,Restricted Area,0-8 Center,,,,,,,,,,,,,,202056.0,1.0,0.0,Nurkić,203994.0,,
385,PT07M24.00S,2025-11-24T02:27:57.0Z,3,REGULAR,3pt,Jump Shot,['2ndchance'],1641718,31.882391590013142,66.17647058823529,1610612762,68,68,2025-11-24T03:15:07Z,3830000,False,-81.0,247.0,1,left,MISS K. George 26' step back 3PT,[1641718],1610612762.0,UTA,step back,,,George,K. George,,,,,Above the Break 3,24+ Center,26.01,Missed,,,,,,,,,,,,,,,,,,
386,PT07M20.00S,2025-11-24T02:28:01.0Z,3,REGULAR,rebound,offensive,[],1642846,,,1610612762,68,68,2025-11-24T02:28:02Z,3840000,False,,,0,,A. Bailey REBOUND (Off:1 Def:0),[1642846],1610612762.0,UTA,,,,Bailey,A. Bailey,,,,,Above the Break 3,24+ Center,,,385.0,1.0,0.0,1.0,,,,,,,,,,,,,,
387,PT07M20.00S,2025-11-24T02:28:01.6Z,3,REGULAR,2pt,DUNK,"['2ndchance', 'pointsinthepaint']",1642846,5.590000152587891,50.0,1610612762,70,68,2025-11-24T02:28:13Z,3850000,False,0.0,0.0,1,left,A. Bailey putback DUNK (7 PTS),[1642846],1610612762.0,UTA,putback,,,Bailey,A. Bailey,,,,,Restricted Area,0-8 Center,0.0,Made,,,,,,,,7.0,,,,,,,,,,
388,PT07M05.00S,2025-11-24T02:28:16.3Z,3,REGULAR,3pt,Jump Shot,[],1630559,65.1281208935611,51.470588235294116,1610612747,70,68,2025-11-24T02:28:20Z,3860000,False,7.0,275.0,1,right,MISS A. Reaves 27' 3PT,[1630559],1610612747.0,LAL,,,,Reaves,A. Reaves,,,,,Above the Break 3,24+ Center,27.54,Missed,,,,,,,,,,,,,,,,,,
389,PT07M02.00S,2025-11-24T02:28:19.3Z,3,REGULAR,rebound,defensive,[],1628374,,,1610612762,70,68,2025-11-24T02:28:20Z,3870000,False,,,0,,L. Markkanen REBOUND (Off:1 Def:5),[1628374],1610612762.0,UTA,,,,Markkanen,L. Markkanen,,,,,Above the Break 3,24+ Center,,,388.0,6.0,5.0,1.0,,,,,,,,,,,,,,
390,PT06M59.00S,2025-11-24T02:28:22.8Z,3,REGULAR,2pt,Layup,"['pointsinthepaint', 'fastbreak']",1641718,7.966491458607096,56.372549019607845,1610612762,72,68,2025-11-24T02:28:28Z,3880000,False,-32.0,22.0,1,left,K. George running Layup (21 PTS) (L. Markkanen 2 AST),"[1641718, 1628374]",1610612762.0,UTA,running,,,George,K. George,,,,,Restricted Area,0-8 Center,3.9,Made,,,,,,,,21.0,L. Markkanen,1628374.0,2.0,,,,,,,
392,PT06M59.00S,2025-11-24T02:28:27.5Z,3,REGULAR,timeout,full,"['team', 'mandatory']",0,,,1610612747,72,68,2025-11-24T02:28:27Z,3900000,False,,,0,,LAL Timeout,[],1610612747.0,LAL,,,,,,,,,,,,,,,,,,,,,,,,,,,,,,,
393,PT06M59.00S,2025-11-24T02:30:39.5Z,3,REGULAR,substitution,out,[],1629637,,,1610612747,72,68,2025-11-24T02:31:01Z,3910000,False,,,0,,SUB out: J. Hayes,[1629637],1610612747.0,LAL,,,,Hayes,J. Hayes,,,,,,,,,,,,,,,,,,,,,,,,,,
394,PT06M59.00S,2025-11-24T02:30:39.5Z,3,REGULAR,substitution,in,[],1628467,,,1610612747,72,68,2025-11-24T02:31:01Z,3920000,False,,,0,,SUB in: M. Kleber,[1628467],1610612747.0,LAL,,,,Kleber,M. Kleber,,,,,,,,,,,,,,,,,,,,,,,,,,
395,PT06M46.00S,2025-11-24T02:31:32.7Z,3,REGULAR,foul,personal,['2freethrow'],1641718,,,1610612747,72,68,2025-11-24T02:31:49Z,3930000,False,,,0,,K. George shooting personal FOUL (3 PF) (Dončić 2 FT),"[1641718, 1629029]",1610612762.0,UTA,shooting,,,George,K. George,,,,,In The Paint (Non-RA),8-16 Center,,,,,,,,,,,,,,200833.0,3.0,0.0,Dončić,1629029.0,,
397,PT06M46.00S,2025-11-24T02:32:03.1Z,3,REGULAR,freethrow,1 of 2,[],1629029,,,1610612747,72,68,2025-11-24T02:32:03Z,3950000,False,,,0,,MISS L. Dončić Free Throw 1 of 2,[1629029],1610612747.0,LAL,,,,Dončić,L. Dončić,,,,,,,,Missed,,,,,,,,,,,,,,,,,,
398,PT06M46.00S,2025-11-24T02:32:03.1Z,3,REGULAR,rebound,offensive,"['deadball', 'team']",0,,,1610612747,72,68,2025-11-24T02:32:03Z,3960000,False,,,0,,TEAM offensive REBOUND,[],1610612747.0,LAL,,,,,,,,,,,,,,397.0,,,,,,,,,,,,,,,,,
399,PT06M46.00S,2025-11-24T02:32:03.9Z,3,REGULAR,substitution,out,[],203994,,,1610612747,72,68,2025-11-24T02:32:07Z,3970000,False,,,0,,SUB out: J. Nurkić,[203994],1610612762.0,UTA,,,,Nurkić,J. Nurkić,,,,,,,,,,,,,,,,,,,,,,,,,,
400,PT06M46.00S,2025-11-24T02:32:03.9Z,3,REGULAR,substitution,in,[],201567,,,1610612747,72,68,2025-11-24T02:32:07Z,3980000,False,,,0,,SUB in: K. Love,[201567],1610612762.0,UTA,,,,Love,K. Love,,,,,,,,,,,,,,,,,,,,,,,,,,
401,PT06M46.00S,2025-11-24T02:32:27.7Z,3,REGULAR,freethrow,2 of 2,[],1629029,,,1610612747,72,69,2025-11-24T02:32:27Z,3990000,False,,,0,,L. Dončić Free Throw 2 of 2 (18 PTS),[1629029],1610612747.0,LAL,,,,Dončić,L. Dončić,,,,,,,,Made,,,,,,,,18.0,,,,,,,,,,
402,PT06M26.00S,2025-11-24T02:32:50.9Z,3,REGULAR,2pt,Layup,['pointsinthepaint'],1629004,9.017739816031538,40.19607843137255,1610612762,72,69,2025-11-24T02:32:54Z,4000000,False,49.0,32.0,1,left,MISS S. Mykhailiuk driving Layup,[1629004],1610612762.0,UTA,driving,,,Mykhailiuk,S. Mykhailiuk,,,,,In The Paint (Non-RA),0-8 Center,5.87,Missed,,,,,,,,,,,,,,,,,,
403,PT06M23.00S,2025-11-24T02:32:53.9Z,3,REGULAR,rebound,offensive,[],201567,,,1610612762,72,69,2025-11-24T02:32:54Z,4010000,False,,,0,,K. Love REBOUND (Off:2 Def:5),[201567],1610612762.0,UTA,,,,Love,K. Love,,,,,In The Paint (Non-RA),0-8 Center,,,402.0,7.0,5.0,2.0,,,,,,,,,,,,,,
404,PT06M23.00S,2025-11-24T02:32:53.2Z,3,REGULAR,2pt,Layup,"['pointsinthepaint', '2ndchance']",201567,5.590000152587891,50.0,1610612762,74,69,2025-11-24T02:32:53Z,4020000,False,0.0,0.0,1,left,K. Love tip Layup (4 PTS),[201567],1610612762.0,UTA,tip,,,Love,K. Love,,,,,Mid-Range,8-16 Left,0.0,Made,,,,,,,,4.0,,,,,,,,,,
405,PT06M09.00S,2025-11-24T02:33:06.5Z,3,REGULAR,2pt,Jump Shot,['pointsinthepaint'],1630559,91.93495400788436,64.95098039215686,1610612747,74,71,2025-11-24T02:33:16Z,4030000,False,75.0,23.0,1,right,A. Reaves 7' pullup bank Jump Shot (14 PTS) (L. James 7 AST),"[1630559, 2544]",1610612747.0,LAL,pullup bank,,,Reaves,A. Reaves,,,,,In The Paint (Non-RA),0-8 Center,7.83,Made,,,,,,,,14.0,L. James,2544.0,7.0,,,,,,,
406,PT05M53.00S,2025-11-24T02:33:23.7Z,3,REGULAR,2pt,Layup,['pointsinthepaint'],1628374,9.937582128777924,49.26470588235294,1610612762,76,71,2025-11-24T02:33:27Z,4040000,False,4.0,41.0,1,left,L. Markkanen driving Layup (8 PTS) (K. George 5 AST),"[1628374, 1641718]",1610612762.0,UTA,driving,,,Markkanen,L. Markkanen,,,,,Restricted Area,0-8 Center,4.11,Made,,,,,,,,8.0,K. George,1641718.0,5.0,,,,,,,
409,PT05M37.00S,2025-11-24T02:33:39.0Z,3,REGULAR,3pt,Jump Shot,[],1629029,81.553876478318,5.637254901960785,1610612747,76,71,2025-11-24T02:33:47Z,4060000,False,-222.0,121.0,1,right,MISS L. Dončić 25' 3PT,[1629029],1610612747.0,LAL,,,,Dončić,L. Dončić,,,,,Above the Break 3,24+ Left Center,25.26,Missed,,,,,,,,,,,,,,,,,,
410,PT05M34.00S,2025-11-24T02:33:42.0Z,3,REGULAR,rebound,defensive,['team'],0,,,1610612762,76,71,2025-11-24T02:33:47Z,4070000,False,,,0,,TEAM defensive REBOUND,[],1610612762.0,UTA,,,,,,,,,,Above the Break 3,24+ Left Center,,,409.0,,,,,,,,,,,,,,,,,
412,PT05M34.00S,2025-11-24T02:33:48.4Z,3,REGULAR,substitution,out,[],2544,,,1610612762,76,71,2025-11-24T02:33:51Z,4090000,False,,,0,,SUB out: L. James,[2544],1610612747.0,LAL,,,,James,L. James,,,,,,,,,,,,,,,,,,,,,,,,,,
413,PT05M34.00S,2025-11-24T02:33:48.4Z,3,REGULAR,substitution,in,[],203935,,,1610612762,76,71,2025-11-24T02:33:51Z,4100000,False,,,0,,SUB in: M. Smart,[203935],1610612747.0,LAL,,,,Smart,M. Smart,,,,,,,,,,,,,,,,,,,,,,,,,,
414,PT05M20.00S,2025-11-24T02:34:16.3Z,3,REGULAR,2pt,Jump Shot,[],1641718,25.969119579500656,62.5,1610612762,76,71,2025-11-24T02:34:20Z,4110000,False,-62.0,192.0,1,left,MISS K. George 20' pullup Shot,[1641718],1610612762.0,UTA,pullup,,,George,K. George,,,,,Mid-Range,16-24 Left Center,20.15,Missed,,,,,,,,,,,,,,,,,,
415,PT05M18.00S,2025-11-24T02:34:18.3Z,3,REGULAR,rebound,defensive,[],1629060,,,1610612747,76,71,2025-11-24T02:34:20Z,4120000,False,,,0,,R. Hachimura REBOUND (Off:0 Def:5),[1629060],1610612747.0,LAL,,,,Hachimura,R. Hachimura,,,,,Mid-Range,16-24 Left Center,,,414.0,5.0,5.0,0.0,,,,,,,,,,,,,,
416,PT05M15.00S,2025-11-24T02:34:24.9Z,3,REGULAR,foul,offensive,[],1628467,,,1610612747,76,71,2025-11-24T02:36:47Z,4130000,False,,,0,,M. Kleber offensive FOUL (1 PF),"[1628467, 1641718]",1610612747.0,LAL,,,,Kleber,M. Kleber,,,,,Mid-Range,8-16 Right,,,,,,,,,,,,,,202041.0,1.0,0.0,George,1641718.0,,
422,PT05M15.00S,2025-11-24T02:34:24.9Z,3,REGULAR,turnover,offensive foul,[],1628467,,,1610612747,76,71,2025-11-24T02:34:24Z,4145000,False,,,0,,M. Kleber offensive foul TURNOVER (1 TO),[1628467],1610612747.0,LAL,,,,Kleber,M. Kleber,,,,,Mid-Range,8-16 Right,,,,,,,1.0,,,,,,,202041.0,,,,,,
418,PT05M15.00S,2025-11-24T02:34:36.9Z,3,REGULAR,substitution,out,[],1629060,,,1610612762,76,71,2025-11-24T02:34:24Z,4150000,False,,,0,,SUB out: R. Hachimura,[1629060],1610612747.0,LAL,,,,Hachimura,R. Hachimura,,,,,,,,,,,,,,,,,,,,,,,,,,
419,PT05M15.00S,2025-11-24T02:34:36.9Z,3,REGULAR,substitution,in,[],1631222,,,1610612762,76,71,2025-11-24T02:34:24Z,4160000,False,,,0,,SUB in: J. LaRavia,[1631222],1610612747.0,LAL,,,,LaRavia,J. LaRavia,,,,,,,,,,,,,,,,,,,,,,,,,,
420,PT05M15.00S,2025-11-24T02:34:47.9Z,3,REGULAR,timeout,full,"['team', 'mandatory']",0,,,1610612762,76,71,2025-11-24T02:34:24Z,4170000,False,,,0,,UTA Timeout,[],1610612762.0,UTA,,,,,,,,,,,,,,,,,,,,,,,,,,,,,,,
423,PT05M15.00S,2025-11-24T02:37:16.6Z,3,REGULAR,substitution,out,[],1642846,,,1610612762,76,71,2025-11-24T02:37:29Z,4190000,False,,,0,,SUB out: A. Bailey,[1642846],1610612762.0,UTA,,,,Bailey,A. Bailey,,,,,,,,,,,,,,,,,,,,,,,,,,
424,PT05M15.00S,2025-11-24T02:37:16.6Z,3,REGULAR,substitution,out,[],1628374,,,1610612762,76,71,2025-11-24T02:37:29Z,4200000,False,,,0,,SUB out: L. Markkanen,[1628374],1610612762.0,UTA,,,,Markkanen,L. Markkanen,,,,,,,,,,,,,,,,,,,,,,,,,,
425,PT05M15.00S,2025-11-24T02:37:16.6Z,3,REGULAR,substitution,in,[],1642271,,,1610612762,76,71,2025-11-24T02:37:29Z,4210000,False,,,0,,SUB in: K. Filipowski,[1642271],1610612762.0,UTA,,,,Filipowski,K. Filipowski,,,,,,,,,,,,,,,,,,,,,,,,,,
426,PT05M15.00S,2025-11-24T02:37:16.6Z,3,REGULAR,substitution,in,[],1641729,,,1610612762,76,71,2025-11-24T02:37:29Z,4220000,False,,,0,,SUB in: B. Sensabaugh,[1641729],1610612762.0,UTA,,,,Sensabaugh,B. Sensabaugh,,,,,,,,,,,,,,,,,,,,,,,,,,
427,PT05M03.00S,2025-11-24T02:37:49.3Z,3,REGULAR,3pt,Jump Shot,['fromturnover'],1641729,32.013797634691194,40.68627450980392,1610612762,76,71,2025-11-24T02:38:12Z,4230000,False,47.0,248.0,1,left,MISS B. Sensabaugh 25' step back 3PT,[1641729],1610612762.0,UTA,step back,,,Sensabaugh,B. Sensabaugh,,,,,Above the Break 3,24+ Center,25.27,Missed,,,,,,,,,,,,,,,,,,
428,PT05M01.00S,2025-11-24T02:37:51.3Z,3,REGULAR,rebound,defensive,[],1629029,,,1610612747,76,71,2025-11-24T02:37:54Z,4240000,False,,,0,,L. Dončić REBOUND (Off:0 Def:4),[1629029],1610612747.0,LAL,,,,Dončić,L. Dončić,,,,,Above the Break 3,24+ Center,,,427.0,4.0,4.0,0.0,,,,,,,,,,,,,,
430,PT04M59.00S,2025-11-24T02:38:00.4Z,3,REGULAR,substitution,out,[],1629004,,,1610612747,76,71,2025-11-24T02:38:05Z,4260000,False,,,0,,SUB out: S. Mykhailiuk,[1629004],1610612762.0,UTA,,,,Mykhailiuk,S. Mykhailiuk,,,,,,,,,,,,,,,,,,,,,,,,,,
431,PT04M59.00S,2025-11-24T02:38:00.4Z,3,REGULAR,substitution,in,[],1642268,,,1610612747,76,71,2025-11-24T02:38:05Z,4270000,False,,,0,,SUB in: I. Collier,[1642268],1610612762.0,UTA,,,,Collier,I. Collier,,,,,,,,,,,,,,,,,,,,,,,,,,
432,PT04M50.00S,2025-11-24T02:38:23.7Z,3,REGULAR,turnover,bad pass,[],1629029,,,1610612747,76,71,2025-11-24T02:38:27Z,4280000,False,,,0,,L. Dončić bad pass TURNOVER (4 TO),"[1629029, 201567]",1610612747.0,LAL,,,,Dončić,L. Dončić,,,,,In The Paint (Non-RA),0-8 Center,,,,,,,4.0,Love,201567.0,,,,,,,,,,,
433,PT04M50.00S,2025-11-24T02:38:23.7Z,3,REGULAR,steal,,[],201567,,,1610612762,76,71,2025-11-24T02:38:25Z,4290000,False,,,0,,K. Love STEAL (1 STL),[201567],1610612762.0,UTA,,,,Love,K. Love,,,,,In The Paint (Non-RA),0-8 Center,,,,,,,,,,,,,,,,,,,,
434,PT04M43.00S,2025-11-24T02:38:31.1Z,3,REGULAR,turnover,out-of-bounds,[],1642268,,,1610612762,76,71,2025-11-24T02:38:37Z,4300000,False,,,0,,I. Collier bad pass out-of-bounds TURNOVER (2 TO),[1642268],1610612762.0,UTA,bad pass,,,Collier,I. Collier,,,,,Mid-Range,8-16 Left,,,,,,,2.0,,,,,,,202056.0,,,,,,
435,PT04M29.00S,2025-11-24T02:38:49.3Z,3,REGULAR,3pt,Jump Shot,['fromturnover'],203935,68.28186596583443,32.35294117647059,1610612747,76,71,2025-11-24T02:38:54Z,4310000,False,-88.0,246.0,1,right,MISS M. Smart 26' 3PT,[203935],1610612747.0,LAL,,,,Smart,M. Smart,,,,,Above the Break 3,24+ Left Center,26.11,Missed,,,,,,,,,,,,,,,,,,
436,PT04M27.00S,2025-11-24T02:38:51.3Z,3,REGULAR,rebound,defensive,[],201567,,,1610612762,76,71,2025-11-24T02:38:54Z,4320000,False,,,0,,K. Love REBOUND (Off:2 Def:6),[201567],1610612762.0,UTA,,,,Love,K. Love,,,,,Above the Break 3,24+ Left Center,,,435.0,8.0,6.0,2.0,,,,,,,,,,,,,,
437,PT04M16.00S,2025-11-24T02:39:02.3Z,3,REGULAR,2pt,Layup,['pointsinthepaint'],1641718,9.017739816031538,46.07843137254902,1610612762,78,71,2025-11-24T02:39:12Z,4330000,False,20.0,32.0,1,left,K. George cutting Layup (23 PTS) (K. Love 2 AST),"[1641718, 201567]",1610612762.0,UTA,cutting,,,George,K. George,,,,,Restricted Area,0-8 Center,3.78,Made,,,,,,,,23.0,K. Love,201567.0,2.0,,,,,,,
439,PT03M58.00S,2025-11-24T02:39:22.5Z,3,REGULAR,2pt,Layup,['pointsinthepaint'],1630559,91.01511169513797,45.83333333333333,1610612747,78,73,2025-11-24T02:39:26Z,4350000,False,-21.0,32.0,1,right,A. Reaves driving Layup (16 PTS) (J. LaRavia 2 AST),"[1630559, 1631222]",1610612747.0,LAL,driving,,,Reaves,A. Reaves,,,,,Restricted Area,0-8 Center,3.82,Made,,,,,,,,16.0,J. LaRavia,1631222.0,2.0,,,,,,,
441,PT03M58.00S,2025-11-24T02:39:26.4Z,3,REGULAR,foul,personal,['1freethrow'],201567,,,1610612747,78,73,2025-11-24T02:39:37Z,4370000,False,,,0,,K. Love shooting personal FOUL (2 PF) (Reaves 1 FT),"[201567, 1630559]",1610612762.0,UTA,shooting,,,Love,K. Love,,,,,Restricted Area,0-8 Center,,,,,,,,,,,,,,202056.0,2.0,0.0,Reaves,1630559.0,,
443,PT03M58.00S,2025-11-24T02:39:52.0Z,3,REGULAR,freethrow,1 of 1,[],1630559,,,1610612747,78,74,2025-11-24T02:39:52Z,4390000,False,,,0,,A. Reaves Free Throw 1 of 1 (17 PTS),[1630559],1610612747.0,LAL,,,,Reaves,A. Reaves,,,,,,,,Made,,,,,,,,17.0,,,,,,,,,,
444,PT03M40.00S,2025-11-24T02:40:12.8Z,3,REGULAR,2pt,Jump Shot,['pointsinthepaint'],1642268,17.16491458607096,57.59803921568627,1610612762,78,74,2025-11-24T03:15:47Z,4400000,False,-38.0,109.0,1,left,MISS I. Collier 11' pullup Shot - blocked,"[1642268, 1631222]",1610612762.0,UTA,pullup,,,Collier,I. Collier,,,,,In The Paint (Non-RA),8-16 Center,11.53,Missed,,,,,,,,,,,,,,,,,LaRavia,1631222.0
445,PT03M40.00S,2025-11-24T02:40:12.8Z,3,REGULAR,block,,[],1631222,,,1610612762,78,74,2025-11-24T02:40:14Z,4410000,False,,,0,,J. LaRavia BLOCK (1 BLK),[1631222],1610612747.0,LAL,,,,LaRavia,J. LaRavia,,,,,In The Paint (Non-RA),8-16 Center,,,,,,,,,,,,,,,,,,,,
446,PT03M38.00S,2025-11-24T02:40:14.8Z,3,REGULAR,rebound,defensive,[],1630559,,,1610612747,78,74,2025-11-24T02:40:16Z,4420000,False,,,0,,A. Reaves REBOUND (Off:1 Def:7),[1630559],1610612747.0,LAL,,,,Reaves,A. Reaves,,,,,In The Paint (Non-RA),8-16 Center,,,444.0,8.0,7.0,1.0,,,,,,,,,,,,,,
447,PT03M32.00S,2025-11-24T02:40:20.5Z,3,REGULAR,2pt,Jump Shot,['pointsinthepaint'],1631222,90.22667542706965,35.78431372549019,1610612747,78,74,2025-11-24T02:40:24Z,4430000,False,-71.0,39.0,1,right,MISS J. LaRavia 8' driving floating bank Shot,[1631222],1610612747.0,LAL,driving floating bank,,,LaRavia,J. LaRavia,,,,,In The Paint (Non-RA),8-16 Left,8.13,Missed,,,,,,,,,,,,,,,,,,
448,PT03M30.00S,2025-11-24T02:40:22.5Z,3,REGULAR,rebound,defensive,[],1642271,,,1610612762,78,74,2025-11-24T02:40:24Z,4440000,False,,,0,,K. Filipowski REBOUND (Off:1 Def:1),[1642271],1610612762.0,UTA,,,,Filipowski,K. Filipowski,,,,,In The Paint (Non-RA),8-16 Left,,,447.0,2.0,1.0,1.0,,,,,,,,,,,,,,
450,PT03M07.00S,2025-11-24T02:41:07.5Z,3,REGULAR,2pt,Layup,['pointsinthepaint'],1641718,9.149145860709593,40.931372549019606,1610612762,78,74,2025-11-24T02:41:11Z,4460000,False,45.0,34.0,1,left,MISS K. George driving finger roll Layup - blocked,"[1641718, 1628467]",1610612762.0,UTA,driving finger roll,,,George,K. George,,,,,In The Paint (Non-RA),0-8 Center,5.63,Missed,,,,,,,,,,,,,,,,,Kleber,1628467.0
451,PT03M07.00S,2025-11-24T02:41:07.5Z,3,REGULAR,block,,[],1628467,,,1610612762,78,74,2025-11-24T02:41:09Z,4470000,False,,,0,,M. Kleber BLOCK (1 BLK),[1628467],1610612747.0,LAL,,,,Kleber,M. Kleber,,,,,In The Paint (Non-RA),0-8 Center,,,,,,,,,,,,,,,,,,,,
452,PT03M05.00S,2025-11-24T02:41:09.5Z,3,REGULAR,rebound,defensive,[],1630559,,,1610612747,78,74,2025-11-24T02:41:11Z,4480000,False,,,0,,A. Reaves REBOUND (Off:1 Def:8),[1630559],1610612747.0,LAL,,,,Reaves,A. Reaves,,,,,In The Paint (Non-RA),0-8 Center,,,450.0,9.0,8.0,1.0,,,,,,,,,,,,,,
454,PT03M01.00S,2025-11-24T02:41:14.0Z,3,REGULAR,3pt,Jump Shot,['fastbreak'],1629029,69.20170827858082,71.07843137254902,1610612747,78,77,2025-11-24T03:15:59Z,4500000,False,105.0,237.0,1,right,L. Dončić 25' 3PT running (21 PTS) (A. Reaves 3 AST),"[1629029, 1630559]",1610612747.0,LAL,running,,,Dončić,L. Dončić,,,,,Above the Break 3,24+ Right Center,25.94,Made,,,,,,,,21.0,A. Reaves,1630559.0,3.0,,,,,,,
456,PT02M40.00S,2025-11-24T02:41:35.2Z,3,REGULAR,2pt,Jump Shot,['pointsinthepaint'],1642271,15.982260183968464,46.81372549019608,1610612762,78,77,2025-11-24T02:41:55Z,4520000,False,16.0,98.0,1,left,MISS K. Filipowski 9' fadeaway Shot,[1642271],1610612762.0,UTA,fadeaway,,,Filipowski,K. Filipowski,,,,,In The Paint (Non-RA),8-16 Center,9.9,Missed,,,,,,,,,,,,,,,,,,
457,PT02M39.00S,2025-11-24T02:41:36.5Z,3,REGULAR,rebound,offensive,[],201567,,,1610612762,78,77,2025-11-24T02:41:36Z,4530000,False,,,0,,K. Love REBOUND (Off:3 Def:6),[201567],1610612762.0,UTA,,,,Love,K. Love,,,,,In The Paint (Non-RA),8-16 Center,,,456.0,9.0,6.0,3.0,,,,,,,,,,,,,,
458,PT02M38.00S,2025-11-24T02:41:37.5Z,3,REGULAR,2pt,Layup,"['pointsinthepaint', '2ndchance']",201567,7.703679369250986,43.38235294117647,1610612762,78,77,2025-11-24T02:41:48Z,4540000,False,33.0,20.0,1,left,MISS K. Love putback Layup,[201567],1610612762.0,UTA,putback,,,Love,K. Love,,,,,Restricted Area,0-8 Center,3.86,Missed,,,,,,,,,,,,,,,,,,
459,PT02M37.00S,2025-11-24T02:41:38.5Z,3,REGULAR,rebound,offensive,['team'],0,,,1610612762,78,77,2025-11-24T02:41:48Z,4550000,False,,,0,,TEAM offensive REBOUND,[],1610612762.0,UTA,,,,,,,,,,Restricted Area,0-8 Center,,,458.0,,,,,,,,,,,,,,,,,
461,PT02M34.00S,2025-11-24T02:42:18.3Z,3,REGULAR,2pt,Layup,"['pointsinthepaint', '2ndchance']",1641718,7.178055190538765,45.83333333333333,1610612762,78,77,2025-11-24T02:42:24Z,4570000,False,21.0,15.0,1,left,MISS K. George Layup - blocked,"[1641718, 203935]",1610612762.0,UTA,,,,George,K. George,,,,,Restricted Area,0-8 Center,2.56,Missed,,,,,,,,,,,,,,,,,Smart,203935.0
462,PT02M34.00S,2025-11-24T02:42:18.3Z,3,REGULAR,block,,[],203935,,,1610612762,78,77,2025-11-24T02:42:20Z,4580000,False,,,0,,M. Smart BLOCK (1 BLK),[203935],1610612747.0,LAL,,,,Smart,M. Smart,,,,,Restricted Area,0-8 Center,,,,,,,,,,,,,,,,,,,,
463,PT02M31.00S,2025-11-24T02:42:21.3Z,3,REGULAR,rebound,defensive,[],1628467,,,1610612747,78,77,2025-11-24T02:53:06Z,4590000,False,,,0,,M. Kleber REBOUND (Off:0 Def:1),[1628467],1610612747.0,LAL,,,,Kleber,M. Kleber,,,,,Restricted Area,0-8 Center,,,461.0,1.0,1.0,0.0,,,,,,,,,,,,,,
464,PT02M29.00S,2025-11-24T02:42:24.9Z,3,REGULAR,2pt,Layup,"['fastbreak', 'pointsinthepaint']",1631222,91.14651773981603,41.66666666666667,1610612747,78,77,2025-11-24T03:06:05Z,4600000,False,-42.0,31.0,1,right,MISS J. LaRavia running alley-oop Layup - blocked,"[1631222, 1642271]",1610612747.0,LAL,running alley-oop,,,LaRavia,J. LaRavia,,,,,In The Paint (Non-RA),0-8 Center,5.18,Missed,,,,,,,,,,,,,,,,,Filipowski,1642271.0
465,PT02M29.00S,2025-11-24T02:42:24.9Z,3,REGULAR,block,,[],1642271,,,1610612747,78,77,2025-11-24T02:42:27Z,4610000,False,,,0,,K. Filipowski BLOCK (1 BLK),[1642271],1610612762.0,UTA,,,,Filipowski,K. Filipowski,,,,,In The Paint (Non-RA),0-8 Center,,,,,,,,,,,,,,,,,,,,
466,PT02M29.00S,2025-11-24T02:42:24.9Z,3,REGULAR,rebound,offensive,['team'],0,,,1610612747,78,77,2025-11-24T02:42:33Z,4620000,False,,,0,,TEAM offensive REBOUND,[],1610612747.0,LAL,,,,,,,,,,In The Paint (Non-RA),0-8 Center,,,464.0,,,,,,,,,,,,,,,,,
468,PT02M29.00S,2025-11-24T02:42:46.2Z,3,REGULAR,substitution,out,[],1630559,,,1610612747,78,77,2025-11-24T02:42:49Z,4640000,False,,,0,,SUB out: A. Reaves,[1630559],1610612747.0,LAL,,,,Reaves,A. Reaves,,,,,,,,,,,,,,,,,,,,,,,,,,
469,PT02M29.00S,2025-11-24T02:42:46.2Z,3,REGULAR,substitution,in,[],2544,,,1610612747,78,77,2025-11-24T02:42:49Z,4650000,False,,,0,,SUB in: L. James,[2544],1610612747.0,LAL,,,,James,L. James,,,,,,,,,,,,,,,,,,,,,,,,,,
472,PT02M29.00S,2025-11-24T02:42:46.2Z,3,REGULAR,substitution,out,[],201567,,,1610612747,78,77,2025-11-24T02:43:14Z,4655000,False,,,0,,SUB out: K. Love,[201567],1610612762.0,UTA,,,,Love,K. Love,,,,,,,,,,,,,,,,,,,,,,,,,,
473,PT02M29.00S,2025-11-24T02:42:46.2Z,3,REGULAR,substitution,in,[],1628374,,,1610612747,78,77,2025-11-24T02:43:14Z,4657500,False,,,0,,SUB in: L. Markkanen,[1628374],1610612762.0,UTA,,,,Markkanen,L. Markkanen,,,,,,,,,,,,,,,,,,,,,,,,,,
470,PT02M26.00S,2025-11-24T02:43:02.5Z,3,REGULAR,foul,personal,"['inpenalty', '2freethrow']",1642268,,,1610612747,78,77,2025-11-24T02:43:10Z,4660000,False,,,0,,I. Collier personal FOUL (1 PF) (Dončić 2 FT),"[1642268, 1629029]",1610612762.0,UTA,,,,Collier,I. Collier,,,,,Above the Break 3,24+ Left Center,,,,,,,,,,,,,,202056.0,1.0,0.0,Dončić,1629029.0,,
474,PT02M26.00S,2025-11-24T02:43:34.4Z,3,REGULAR,freethrow,1 of 2,['2ndchance'],1629029,,,1610612747,78,78,2025-11-24T02:43:34Z,4680000,False,,,0,,L. Dončić Free Throw 1 of 2 (22 PTS),[1629029],1610612747.0,LAL,,,,Dončić,L. Dončić,,,,,,,,Made,,,,,,,,22.0,,,,,,,,,,
475,PT02M26.00S,2025-11-24T02:43:55.0Z,3,REGULAR,freethrow,2 of 2,['2ndchance'],1629029,,,1610612747,78,79,2025-11-24T02:43:55Z,4690000,False,,,0,,L. Dončić Free Throw 2 of 2 (23 PTS),[1629029],1610612747.0,LAL,,,,Dončić,L. Dončić,,,,,,,,Made,,,,,,,,23.0,,,,,,,,,,
476,PT02M13.00S,2025-11-24T02:44:10.2Z,3,REGULAR,2pt,Layup,['pointsinthepaint'],1628374,11.251642575558476,39.705882352941174,1610612762,78,79,2025-11-24T02:44:14Z,4700000,False,51.0,53.0,1,left,MISS L. Markkanen 7' driving finger roll Layup,[1628374],1610612762.0,UTA,driving finger roll,,,Markkanen,L. Markkanen,,,,,In The Paint (Non-RA),0-8 Center,7.41,Missed,,,,,,,,,,,,,,,,,,
477,PT02M11.00S,2025-11-24T02:44:12.2Z,3,REGULAR,rebound,defensive,[],2544,,,1610612747,78,79,2025-11-24T02:44:14Z,4710000,False,,,0,,L. James REBOUND (Off:0 Def:5),[2544],1610612747.0,LAL,,,,James,L. James,,,,,In The Paint (Non-RA),0-8 Center,,,476.0,5.0,5.0,0.0,,,,,,,,,,,,,,
478,PT01M56.00S,2025-11-24T02:44:26.7Z,3,REGULAR,3pt,Jump Shot,[],1629029,68.28186596583443,62.254901960784316,1610612747,78,79,2025-11-24T03:29:57Z,4720000,False,61.0,246.0,1,right,MISS L. Dončić 25' pullup 3PT,[1629029],1610612747.0,LAL,pullup,,,Dončić,L. Dončić,,,,,Above the Break 3,24+ Center,25.32,Missed,,,,,,,,,,,,,,,,,,
479,PT01M53.00S,2025-11-24T02:44:29.7Z,3,REGULAR,rebound,offensive,[],1628467,,,1610612747,78,79,2025-11-24T02:44:31Z,4730000,False,,,0,,M. Kleber REBOUND (Off:1 Def:1),[1628467],1610612747.0,LAL,,,,Kleber,M. Kleber,,,,,Above the Break 3,24+ Center,,,478.0,2.0,1.0,1.0,,,,,,,,,,,,,,
480,PT01M47.00S,2025-11-24T02:44:35.2Z,3,REGULAR,2pt,Layup,"['pointsinthepaint', '2ndchance']",1631222,88.64980289093299,39.705882352941174,1610612747,78,79,2025-11-24T02:44:38Z,4740000,False,-51.0,54.0,1,right,MISS J. LaRavia 7' driving Layup,[1631222],1610612747.0,LAL,driving,,,LaRavia,J. LaRavia,,,,,In The Paint (Non-RA),0-8 Center,7.48,Missed,,,,,,,,,,,,,,,,,,
481,PT01M46.00S,2025-11-24T02:44:36.2Z,3,REGULAR,rebound,defensive,[],1641718,,,1610612762,78,79,2025-11-24T02:44:38Z,4750000,False,,,0,,K. George REBOUND (Off:0 Def:4),[1641718],1610612762.0,UTA,,,,George,K. George,,,,,In The Paint (Non-RA),0-8 Center,,,480.0,4.0,4.0,0.0,,,,,,,,,,,,,,
482,PT01M43.00S,2025-11-24T02:44:40.0Z,3,REGULAR,3pt,Jump Shot,['fastbreak'],1641718,25.837713534822605,14.460784313725492,1610612762,78,79,2025-11-24T02:45:22Z,4760000,False,178.0,190.0,1,left,MISS K. George 26' running 3PT,[1641718],1610612762.0,UTA,running,,,George,K. George,,,,,Above the Break 3,24+ Right Center,26.04,Missed,,,,,,,,,,,,,,,,,,
483,PT01M39.00S,2025-11-24T02:44:44.0Z,3,REGULAR,rebound,defensive,[],1629029,,,1610612747,78,79,2025-11-24T02:44:44Z,4770000,False,,,0,,L. Dončić REBOUND (Off:0 Def:5),[1629029],1610612747.0,LAL,,,,Dončić,L. Dončić,,,,,Above the Break 3,24+ Right Center,,,482.0,5.0,5.0,0.0,,,,,,,,,,,,,,
484,PT01M36.00S,2025-11-24T02:44:46.8Z,3,REGULAR,2pt,DUNK,"['pointsinthepaint', 'fastbreak']",2544,91.01511169513797,55.392156862745104,1610612747,78,81,2025-11-24T02:44:52Z,4780000,False,27.0,32.0,1,right,L. James running DUNK (12 PTS) (L. Dončić 7 AST),"[2544, 1629029]",1610612747.0,LAL,running,,,James,L. James,,,,,Restricted Area,0-8 Center,4.19,Made,,,,,,,,12.0,L. Dončić,1629029.0,7.0,,,,,,,
486,PT01M19.00S,2025-11-24T02:45:06.4Z,3,REGULAR,foul,personal,['2freethrow'],1628467,,,1610612762,78,81,2025-11-24T02:45:14Z,4800000,False,,,0,,M. Kleber shooting personal FOUL (2 PF) (George 2 FT),"[1628467, 1641718]",1610612747.0,LAL,shooting,,,Kleber,M. Kleber,,,,,Restricted Area,0-8 Center,,,,,,,,,,,,,,202056.0,2.0,0.0,George,1641718.0,,
488,PT01M19.00S,2025-11-24T02:45:45.6Z,3,REGULAR,freethrow,1 of 2,[],1641718,,,1610612762,78,81,2025-11-24T02:45:45Z,4820000,False,,,0,,MISS K. George Free Throw 1 of 2,[1641718],1610612762.0,UTA,,,,George,K. George,,,,,,,,Missed,,,,,,,,,,,,,,,,,,
489,PT01M19.00S,2025-11-24T02:45:45.6Z,3,REGULAR,rebound,offensive,"['deadball', 'team']",0,,,1610612762,78,81,2025-11-24T02:45:45Z,4830000,False,,,0,,TEAM offensive REBOUND,[],1610612762.0,UTA,,,,,,,,,,,,,,488.0,,,,,,,,,,,,,,,,,
490,PT01M19.00S,2025-11-24T02:45:46.5Z,3,REGULAR,substitution,out,[],1642268,,,1610612762,78,81,2025-11-24T02:45:52Z,4840000,False,,,0,,SUB out: I. Collier,[1642268],1610612762.0,UTA,,,,Collier,I. Collier,,,,,,,,,,,,,,,,,,,,,,,,,,
491,PT01M19.00S,2025-11-24T02:45:46.5Z,3,REGULAR,substitution,in,[],1642846,,,1610612762,78,81,2025-11-24T02:45:52Z,4850000,False,,,0,,SUB in: A. Bailey,[1642846],1610612762.0,UTA,,,,Bailey,A. Bailey,,,,,,,,,,,,,,,,,,,,,,,,,,
492,PT01M19.00S,2025-11-24T02:46:08.8Z,3,REGULAR,freethrow,2 of 2,[],1641718,,,1610612762,79,81,2025-11-24T02:46:08Z,4860000,False,,,0,,K. George Free Throw 2 of 2 (24 PTS),[1641718],1610612762.0,UTA,,,,George,K. George,,,,,,,,Made,,,,,,,,24.0,,,,,,,,,,
493,PT01M10.00S,2025-11-24T02:46:23.4Z,3,REGULAR,3pt,Jump Shot,[],1628467,66.04796320630749,50.0,1610612747,79,81,2025-11-24T02:46:28Z,4870000,False,0.0,267.0,1,right,MISS M. Kleber 26' 3PT,[1628467],1610612747.0,LAL,,,,Kleber,M. Kleber,,,,,Above the Break 3,24+ Center,26.66,Missed,,,,,,,,,,,,,,,,,,
494,PT01M06.00S,2025-11-24T02:46:27.4Z,3,REGULAR,rebound,defensive,[],1641718,,,1610612762,79,81,2025-11-24T02:46:28Z,4880000,False,,,0,,K. George REBOUND (Off:0 Def:5),[1641718],1610612762.0,UTA,,,,George,K. George,,,,,Above the Break 3,24+ Center,,,493.0,5.0,5.0,0.0,,,,,,,,,,,,,,
506,PT00M53.40S,2025-11-24T02:46:44.7Z,3,REGULAR,turnover,out-of-bounds,[],1641729,,,1610612762,79,81,2025-11-24T02:51:46Z,4895000,False,,,0,,B. Sensabaugh step out-of-bounds TURNOVER (1 TO),[1641729],1610612762.0,UTA,step,,,Sensabaugh,B. Sensabaugh,,,,,Above the Break 3,24+ Left Center,,,,,,,1.0,,,,,,,202041.0,,,,,,
497,PT00M38.00S,2025-11-24T02:47:06.1Z,3,REGULAR,foul,personal,"['inpenalty', '2freethrow']",1642271,,,1610612747,79,81,2025-11-24T02:47:12Z,4910000,False,,,0,,K. Filipowski shooting personal FOUL (1 PF) (James 2 FT),"[1642271, 2544]",1610612762.0,UTA,shooting,,,Filipowski,K. Filipowski,,,,,Restricted Area,0-8 Center,,,,,,,,,,,,,,202056.0,1.0,0.0,James,2544.0,,
499,PT00M38.00S,2025-11-24T02:47:28.1Z,3,REGULAR,freethrow,1 of 2,['fromturnover'],2544,,,1610612747,79,82,2025-11-24T02:50:00Z,4930000,False,,,0,,L. James Free Throw 1 of 2 (13 PTS),[2544],1610612747.0,LAL,,,,James,L. James,,,,,,,,Made,,,,,,,,13.0,,,,,,,,,,
500,PT00M38.00S,2025-11-24T02:47:28.1Z,3,REGULAR,freethrow,2 of 2,['fromturnover'],2544,,,1610612747,79,82,2025-11-24T02:50:00Z,4940000,False,,,0,,MISS L. James Free Throw 2 of 2,[2544],1610612747.0,LAL,,,,James,L. James,,,,,,,,Missed,,,,,,,,,,,,,,,,,,
501,PT00M36.30S,2025-11-24T02:47:29.8Z,3,REGULAR,rebound,defensive,[],1642846,,,1610612762,79,82,2025-11-24T02:48:24Z,4950000,False,,,0,,A. Bailey REBOUND (Off:1 Def:1),[1642846],1610612762.0,UTA,,,,Bailey,A. Bailey,,,,,,,,,500.0,2.0,1.0,1.0,,,,,,,,,,,,,,
502,PT00M27.00S,2025-11-24T02:48:32.8Z,3,REGULAR,2pt,DUNK,['pointsinthepaint'],1642271,10.200394218134035,47.30392156862745,1610612762,81,82,2025-11-24T02:48:48Z,4960000,False,13.0,43.0,1,left,K. Filipowski cutting DUNK (2 PTS) (A. Bailey 2 AST),"[1642271, 1642846]",1610612762.0,UTA,cutting,,,Filipowski,K. Filipowski,,,,,In The Paint (Non-RA),0-8 Center,4.55,Made,,,,,,,,2.0,A. Bailey,1642846.0,2.0,,,,,,,
504,PT00M11.70S,2025-11-24T02:48:54.3Z,3,REGULAR,foul,personal,"['inpenalty', '2freethrow']",1642846,,,1610612747,81,82,2025-11-24T02:49:02Z,4980000,False,,,0,,A. Bailey shooting personal FOUL (2 PF) (Dončić 2 FT),"[1642846, 1629029]",1610612762.0,UTA,shooting,,,Bailey,A. Bailey,,,,,In The Paint (Non-RA),8-16 Center,,,,,,,,,,,,,,200833.0,2.0,1.0,Dončić,1629029.0,,
507,PT00M11.70S,2025-11-24T02:50:07.8Z,3,REGULAR,freethrow,1 of 2,[],1629029,,,1610612747,81,83,2025-11-24T02:50:07Z,5000000,False,,,0,,L. Dončić Free Throw 1 of 2 (24 PTS),[1629029],1610612747.0,LAL,,,,Dončić,L. Dončić,,,,,,,,Made,,,,,,,,24.0,,,,,,,,,,
509,PT00M11.70S,2025-11-24T02:50:29.2Z,3,REGULAR,freethrow,2 of 2,[],1629029,,,1610612747,81,84,2025-11-24T02:50:29Z,5020000,False,,,0,,L. Dončić Free Throw 2 of 2 (25 PTS),[1629029],1610612747.0,LAL,,,,Dončić,L. Dončić,,,,,,,,Made,,,,,,,,25.0,,,,,,,,,,
513,PT00M00.00S,2025-11-24T02:51:15.6Z,3,REGULAR,2pt,Hook,[],1642271,13.222733245729303,14.705882352941178,1610612762,81,84,2025-11-24T02:51:22Z,5060000,False,176.0,72.0,1,left,MISS K. Filipowski 19' Hook,[1642271],1610612762.0,UTA,,,,Filipowski,K. Filipowski,,,,,Mid-Range,16-24 Right,19.05,Missed,,,,,,,,,,,,,,,,,,
514,PT00M00.00S,2025-11-24T02:51:18.0Z,3,REGULAR,rebound,offensive,['team'],0,,,1610612762,81,84,2025-11-24T02:51:18Z,5070000,False,,,0,,TEAM offensive REBOUND,[],1610612762.0,UTA,,,,,,,,,,Mid-Range,16-24 Right,,,513.0,,,,,,,,,,,,,,,,,
515,PT00M00.00S,2025-11-24T02:51:23.4Z,3,REGULAR,period,end,[],0,,,1610612762,81,84,2025-11-24T02:51:23Z,5080000,False,,,0,,Period End,[],,,,,,,,,,,,,,,,,,,,,,,,,,,,,,,,,
516,PT12M00.00S,2025-11-24T02:53:24.2Z,4,REGULAR,substitution,out,['startperiod'],1641718,,,1610612762,81,84,2025-11-24T02:53:52Z,5090000,False,,,0,,SUB out: K. George,[1641718],1610612762.0,UTA,,,,George,K. George,,,,,,,,,,,,,,,,,,,,,,,,,,
517,PT12M00.00S,2025-11-24T02:53:24.2Z,4,REGULAR,substitution,out,['startperiod'],1642271,,,1610612762,81,84,2025-11-24T02:53:52Z,5100000,False,,,0,,SUB out: K. Filipowski,[1642271],1610612762.0,UTA,,,,Filipowski,K. Filipowski,,,,,,,,,,,,,,,,,,,,,,,,,,
518,PT12M00.00S,2025-11-24T02:53:24.2Z,4,REGULAR,substitution,out,['startperiod'],1631222,,,1610612762,81,84,2025-11-24T02:53:52Z,5110000,False,,,0,,SUB out: J. LaRavia,[1631222],1610612747.0,LAL,,,,LaRavia,J. LaRavia,,,,,,,,,,,,,,,,,,,,,,,,,,
519,PT12M00.00S,2025-11-24T02:53:24.2Z,4,REGULAR,substitution,out,['startperiod'],1628467,,,1610612762,81,84,2025-11-24T02:53:52Z,5120000,False,,,0,,SUB out: M. Kleber,[1628467],1610612747.0,LAL,,,,Kleber,M. Kleber,,,,,,,,,,,,,,,,,,,,,,,,,,
520,PT12M00.00S,2025-11-24T02:53:24.2Z,4,REGULAR,substitution,out,['startperiod'],203935,,,1610612762,81,84,2025-11-24T02:53:52Z,5130000,False,,,0,,SUB out: M. Smart,[203935],1610612747.0,LAL,,,,Smart,M. Smart,,,,,,,,,,,,,,,,,,,,,,,,,,
521,PT12M00.00S,2025-11-24T02:53:24.2Z,4,REGULAR,substitution,out,['startperiod'],1629029,,,1610612762,81,84,2025-11-24T02:53:52Z,5140000,False,,,0,,SUB out: L. Dončić,[1629029],1610612747.0,LAL,,,,Dončić,L. Dončić,,,,,,,,,,,,,,,,,,,,,,,,,,
522,PT12M00.00S,2025-11-24T02:53:24.2Z,4,REGULAR,substitution,in,['startperiod'],1642268,,,1610612762,81,84,2025-11-24T02:53:52Z,5150000,False,,,0,,SUB in: I. Collier,[1642268],1610612762.0,UTA,,,,Collier,I. Collier,,,,,,,,,,,,,,,,,,,,,,,,,,
523,PT12M00.00S,2025-11-24T02:53:24.2Z,4,REGULAR,substitution,in,['startperiod'],203994,,,1610612762,81,84,2025-11-24T02:53:52Z,5160000,False,,,0,,SUB in: J. Nurkić,[203994],1610612762.0,UTA,,,,Nurkić,J. Nurkić,,,,,,,,,,,,,,,,,,,,,,,,,,
524,PT12M00.00S,2025-11-24T02:53:24.2Z,4,REGULAR,substitution,in,['startperiod'],1629637,,,1610612762,81,84,2025-11-24T02:53:52Z,5170000,False,,,0,,SUB in: J. Hayes,[1629637],1610612747.0,LAL,,,,Hayes,J. Hayes,,,,,,,,,,,,,,,,,,,,,,,,,,
525,PT12M00.00S,2025-11-24T02:53:24.2Z,4,REGULAR,substitution,in,['startperiod'],1629060,,,1610612762,81,84,2025-11-24T02:53:52Z,5180000,False,,,0,,SUB in: R. Hachimura,[1629060],1610612747.0,LAL,,,,Hachimura,R. Hachimura,,,,,,,,,,,,,,,,,,,,,,,,,,
526,PT12M00.00S,2025-11-24T02:53:24.2Z,4,REGULAR,substitution,in,['startperiod'],1629216,,,1610612762,81,84,2025-11-24T02:53:52Z,5190000,False,,,0,,SUB in: G. Vincent,[1629216],1610612747.0,LAL,,,,Vincent,G. Vincent,,,,,,,,,,,,,,,,,,,,,,,,,,
527,PT12M00.00S,2025-11-24T02:53:24.2Z,4,REGULAR,substitution,in,['startperiod'],1630559,,,1610612762,81,84,2025-11-24T02:53:52Z,5200000,False,,,0,,SUB in: A. Reaves,[1630559],1610612747.0,LAL,,,,Reaves,A. Reaves,,,,,,,,,,,,,,,,,,,,,,,,,,
528,PT12M00.00S,2025-11-24T02:53:57.3Z,4,REGULAR,period,start,[],0,,,1610612747,81,84,2025-11-24T02:53:57Z,5210000,False,,,0,,Period Start,[],,,,,,,,,,,,,,,,,,,,,,,,,,,,,,,,,
529,PT11M44.00S,2025-11-24T02:54:12.8Z,4,REGULAR,2pt,Jump Shot,[],2544,89.43823915900131,75.49019607843137,1610612747,81,84,2025-11-24T02:54:58Z,5220000,False,127.0,47.0,1,right,MISS L. James 13' fadeaway Shot,[2544],1610612747.0,LAL,fadeaway,,,James,L. James,,,,,Mid-Range,8-16 Right,13.58,Missed,,,,,,,,,,,,,,,,,,
530,PT11M40.00S,2025-11-24T02:54:16.8Z,4,REGULAR,rebound,defensive,[],1642846,,,1610612762,81,84,2025-11-24T02:54:18Z,5230000,False,,,0,,A. Bailey REBOUND (Off:1 Def:2),[1642846],1610612762.0,UTA,,,,Bailey,A. Bailey,,,,,Mid-Range,8-16 Right,,,529.0,3.0,2.0,1.0,,,,,,,,,,,,,,
531,PT11M26.00S,2025-11-24T02:54:31.7Z,4,REGULAR,turnover,out-of-bounds,[],1628374,,,1610612762,81,84,2025-11-24T02:54:38Z,5240000,False,,,0,,L. Markkanen lost ball out-of-bounds TURNOVER (1 TO),[1628374],1610612762.0,UTA,lost ball,,,Markkanen,L. Markkanen,,,,,Above the Break 3,24+ Left Center,,,,,,,1.0,,,,,,,200833.0,,,,,,
532,PT11M03.00S,2025-11-24T02:54:58.2Z,4,REGULAR,3pt,Jump Shot,['fromturnover'],1630559,67.88764783180025,29.901960784313726,1610612747,81,84,2025-11-24T02:55:29Z,5250000,False,-100.0,249.0,1,right,MISS A. Reaves 26' pullup 3PT,[1630559],1610612747.0,LAL,pullup,,,Reaves,A. Reaves,,,,,Above the Break 3,24+ Left Center,26.89,Missed,,,,,,,,,,,,,,,,,,
533,PT11M00.00S,2025-11-24T02:55:01.2Z,4,REGULAR,rebound,defensive,[],1642846,,,1610612762,81,84,2025-11-24T02:55:03Z,5260000,False,,,0,,A. Bailey REBOUND (Off:1 Def:3),[1642846],1610612762.0,UTA,,,,Bailey,A. Bailey,,,,,Above the Break 3,24+ Left Center,,,532.0,4.0,3.0,1.0,,,,,,,,,,,,,,
534,PT10M51.00S,2025-11-24T02:55:12.0Z,4,REGULAR,foul,personal,[],1629216,,,1610612762,81,84,2025-11-24T02:55:39Z,5270000,False,,,0,,G. Vincent personal FOUL (2 PF),"[1629216, 203994]",1610612747.0,LAL,,,,Vincent,G. Vincent,,,,,Mid-Range,16-24 Right Center,,,,,,,,,,,,,,200833.0,2.0,0.0,Nurkić,203994.0,,
536,PT10M41.00S,2025-11-24T02:55:53.4Z,4,REGULAR,2pt,Jump Shot,[],1641729,12.171484888304862,26.96078431372549,1610612762,81,84,2025-11-24T02:55:58Z,5290000,False,115.0,62.0,1,left,MISS B. Sensabaugh 13' pullup Shot,[1641729],1610612762.0,UTA,pullup,,,Sensabaugh,B. Sensabaugh,,,,,Mid-Range,8-16 Right,13.08,Missed,,,,,,,,,,,,,,,,,,
537,PT10M38.00S,2025-11-24T02:55:56.4Z,4,REGULAR,rebound,defensive,[],2544,,,1610612747,81,84,2025-11-24T02:55:58Z,5300000,False,,,0,,L. James REBOUND (Off:0 Def:6),[2544],1610612747.0,LAL,,,,James,L. James,,,,,Mid-Range,8-16 Right,,,536.0,6.0,6.0,0.0,,,,,,,,,,,,,,
538,PT10M24.00S,2025-11-24T02:56:10.6Z,4,REGULAR,2pt,Jump Shot,[],2544,85.89027595269383,28.921568627450984,1610612747,81,84,2025-11-24T02:56:15Z,5310000,False,-105.0,80.0,1,right,MISS L. James 13' fadeaway Shot,[2544],1610612747.0,LAL,fadeaway,,,James,L. James,,,,,Mid-Range,8-16 Left,13.24,Missed,,,,,,,,,,,,,,,,,,
539,PT10M22.00S,2025-11-24T02:56:12.6Z,4,REGULAR,rebound,offensive,[],1629637,,,1610612747,81,84,2025-11-24T02:56:15Z,5320000,False,,,0,,J. Hayes REBOUND (Off:1 Def:2),[1629637],1610612747.0,LAL,,,,Hayes,J. Hayes,,,,,Mid-Range,8-16 Left,,,538.0,3.0,2.0,1.0,,,,,,,,,,,,,,
540,PT10M21.00S,2025-11-24T02:56:16.5Z,4,REGULAR,foul,personal,['2freethrow'],1641729,,,1610612747,81,84,2025-11-24T02:56:32Z,5330000,False,,,0,,B. Sensabaugh shooting personal FOUL (2 PF) (Reaves 2 FT),"[1641729, 1630559]",1610612762.0,UTA,shooting,,,Sensabaugh,B. Sensabaugh,,,,,Mid-Range,8-16 Left,,,,,,,,,,,,,,200833.0,2.0,0.0,Reaves,1630559.0,,
542,PT10M21.00S,2025-11-24T02:56:41.2Z,4,REGULAR,freethrow,1 of 2,['2ndchance'],1630559,,,1610612747,81,84,2025-11-24T02:56:41Z,5350000,False,,,0,,MISS A. Reaves Free Throw 1 of 2,[1630559],1610612747.0,LAL,,,,Reaves,A. Reaves,,,,,,,,Missed,,,,,,,,,,,,,,,,,,
543,PT10M21.00S,2025-11-24T02:56:41.2Z,4,REGULAR,rebound,offensive,"['deadball', 'team']",0,,,1610612747,81,84,2025-11-24T02:56:41Z,5360000,False,,,0,,TEAM offensive REBOUND,[],1610612747.0,LAL,,,,,,,,,,,,,,542.0,,,,,,,,,,,,,,,,,
544,PT10M21.00S,2025-11-24T02:56:55.4Z,4,REGULAR,freethrow,2 of 2,['2ndchance'],1630559,,,1610612747,81,85,2025-11-24T02:56:55Z,5370000,False,,,0,,A. Reaves Free Throw 2 of 2 (18 PTS),[1630559],1610612747.0,LAL,,,,Reaves,A. Reaves,,,,,,,,Made,,,,,,,,18.0,,,,,,,,,,
545,PT10M03.00S,2025-11-24T02:57:20.6Z,4,REGULAR,foul,personal,['2freethrow'],1629637,,,1610612762,81,85,2025-11-24T02:57:24Z,5380000,False,,,0,,J. Hayes shooting personal FOUL (2 PF) (Collier 2 FT),"[1629637, 1642268]",1610612747.0,LAL,shooting,,,Hayes,J. Hayes,,,,,In The Paint (Non-RA),0-8 Center,,,,,,,,,,,,,,200833.0,2.0,0.0,Collier,1642268.0,,
547,PT10M03.00S,2025-11-24T02:57:48.0Z,4,REGULAR,freethrow,1 of 2,[],1642268,,,1610612762,82,85,2025-11-24T02:58:10Z,5400000,False,,,0,,I. Collier Free Throw 1 of 2 (10 PTS),[1642268],1610612762.0,UTA,,,,Collier,I. Collier,,,,,,,,Made,,,,,,,,10.0,,,,,,,,,,
548,PT10M03.00S,2025-11-24T02:57:48.7Z,4,REGULAR,substitution,out,[],1628374,,,1610612762,82,85,2025-11-24T02:57:54Z,5410000,False,,,0,,SUB out: L. Markkanen,[1628374],1610612762.0,UTA,,,,Markkanen,L. Markkanen,,,,,,,,,,,,,,,,,,,,,,,,,,
549,PT10M03.00S,2025-11-24T02:57:48.7Z,4,REGULAR,substitution,out,[],1641729,,,1610612762,82,85,2025-11-24T02:57:54Z,5420000,False,,,0,,SUB out: B. Sensabaugh,[1641729],1610612762.0,UTA,,,,Sensabaugh,B. Sensabaugh,,,,,,,,,,,,,,,,,,,,,,,,,,
550,PT10M03.00S,2025-11-24T02:57:48.7Z,4,REGULAR,substitution,in,[],1642271,,,1610612762,82,85,2025-11-24T02:57:54Z,5430000,False,,,0,,SUB in: K. Filipowski,[1642271],1610612762.0,UTA,,,,Filipowski,K. Filipowski,,,,,,,,,,,,,,,,,,,,,,,,,,
551,PT10M03.00S,2025-11-24T02:57:48.7Z,4,REGULAR,substitution,in,[],1629004,,,1610612762,82,85,2025-11-24T02:57:54Z,5440000,False,,,0,,SUB in: S. Mykhailiuk,[1629004],1610612762.0,UTA,,,,Mykhailiuk,S. Mykhailiuk,,,,,,,,,,,,,,,,,,,,,,,,,,
552,PT10M03.00S,2025-11-24T02:57:48.0Z,4,REGULAR,freethrow,2 of 2,[],1642268,,,1610612762,82,85,2025-11-24T02:58:10Z,5450000,False,,,0,,MISS I. Collier Free Throw 2 of 2,[1642268],1610612762.0,UTA,,,,Collier,I. Collier,,,,,,,,Missed,,,,,,,,,,,,,,,,,,
553,PT10M01.00S,2025-11-24T02:57:50.0Z,4,REGULAR,rebound,defensive,[],1629060,,,1610612747,82,85,2025-11-24T02:58:10Z,5460000,False,,,0,,R. Hachimura REBOUND (Off:0 Def:6),[1629060],1610612747.0,LAL,,,,Hachimura,R. Hachimura,,,,,,,,,552.0,6.0,6.0,0.0,,,,,,,,,,,,,,
554,PT09M51.00S,2025-11-24T02:58:21.5Z,4,REGULAR,foul,offensive,[],1629637,,,1610612747,82,85,2025-11-24T02:58:32Z,5470000,False,,,0,,J. Hayes offensive FOUL (3 PF),"[1629637, 203994]",1610612747.0,LAL,,,,Hayes,J. Hayes,,,,,Mid-Range,16-24 Right Center,,,,,,,,,,,,,,202056.0,3.0,0.0,Nurkić,203994.0,,
556,PT09M51.00S,2025-11-24T02:58:21.5Z,4,REGULAR,turnover,offensive foul,[],1629637,,,1610612747,82,85,2025-11-24T02:58:21Z,5490000,False,,,0,,J. Hayes offensive foul TURNOVER (1 TO),[1629637],1610612747.0,LAL,,,,Hayes,J. Hayes,,,,,Mid-Range,16-24 Right Center,,,,,,,1.0,,,,,,,202056.0,,,,,,
557,PT09M36.00S,2025-11-24T02:58:46.5Z,4,REGULAR,turnover,bad pass,[],1642271,,,1610612762,82,85,2025-11-24T02:58:51Z,5500000,False,,,0,,K. Filipowski bad pass TURNOVER (2 TO),"[1642271, 1630559]",1610612762.0,UTA,,,,Filipowski,K. Filipowski,,,,,In The Paint (Non-RA),0-8 Center,,,,,,,2.0,Reaves,1630559.0,,,,,,,,,,,
558,PT09M36.00S,2025-11-24T02:58:46.5Z,4,REGULAR,steal,,[],1630559,,,1610612747,82,85,2025-11-24T02:58:48Z,5510000,False,,,0,,A. Reaves STEAL (1 STL),[1630559],1610612747.0,LAL,,,,Reaves,A. Reaves,,,,,In The Paint (Non-RA),0-8 Center,,,,,,,,,,,,,,,,,,,,
559,PT09M32.00S,2025-11-24T02:58:50.0Z,4,REGULAR,2pt,Layup,"['fastbreak', 'pointsinthepaint', 'fromturnover']",2544,92.32917214191852,55.88235294117647,1610612747,82,87,2025-11-24T02:59:17Z,5520000,False,29.0,20.0,1,right,L. James running Layup (15 PTS) (A. Reaves 4 AST),"[2544, 1630559]",1610612747.0,LAL,running,,,James,L. James,,,,,Restricted Area,0-8 Center,3.53,Made,,,,,,,,15.0,A. Reaves,1630559.0,4.0,,,,,,,
561,PT09M21.00S,2025-11-24T02:59:03.9Z,4,REGULAR,foul,personal,[],2544,,,1610612762,82,87,2025-11-24T02:59:13Z,5540000,False,,,0,,L. James personal FOUL (2 PF),"[2544, 1642271]",1610612747.0,LAL,,,,James,L. James,,,,,Mid-Range,16-24 Right,,,,,,,,,,,,,,202056.0,2.0,0.0,Filipowski,1642271.0,,
563,PT09M15.00S,2025-11-24T02:59:27.8Z,4,REGULAR,turnover,out-of-bounds,[],1629004,,,1610612762,82,87,2025-11-24T02:59:32Z,5560000,False,,,0,,S. Mykhailiuk lost ball out-of-bounds TURNOVER (1 TO),[1629004],1610612762.0,UTA,lost ball,,,Mykhailiuk,S. Mykhailiuk,,,,,Mid-Range,8-16 Left,,,,,,,1.0,,,,,,,200833.0,,,,,,
564,PT09M03.00S,2025-11-24T02:59:46.6Z,4,REGULAR,3pt,Jump Shot,['fromturnover'],1630559,69.99014454664915,19.11764705882353,1610612747,82,87,2025-11-24T02:59:50Z,5570000,False,-154.0,230.0,1,right,MISS A. Reaves 27' 3PT,[1630559],1610612747.0,LAL,,,,Reaves,A. Reaves,,,,,Above the Break 3,24+ Left Center,27.67,Missed,,,,,,,,,,,,,,,,,,
565,PT09M01.00S,2025-11-24T02:59:48.6Z,4,REGULAR,rebound,defensive,[],1642268,,,1610612762,82,87,2025-11-24T02:59:50Z,5580000,False,,,0,,I. Collier REBOUND (Off:0 Def:1),[1642268],1610612762.0,UTA,,,,Collier,I. Collier,,,,,Above the Break 3,24+ Left Center,,,564.0,1.0,1.0,0.0,,,,,,,,,,,,,,
567,PT08M56.00S,2025-11-24T03:00:03.6Z,4,REGULAR,substitution,out,[],2544,,,1610612762,82,87,2025-11-24T03:00:10Z,5600000,False,,,0,,SUB out: L. James,[2544],1610612747.0,LAL,,,,James,L. James,,,,,,,,,,,,,,,,,,,,,,,,,,
568,PT08M56.00S,2025-11-24T03:00:03.6Z,4,REGULAR,substitution,in,[],1629029,,,1610612762,82,87,2025-11-24T03:00:10Z,5610000,False,,,0,,SUB in: L. Dončić,[1629029],1610612747.0,LAL,,,,Dončić,L. Dončić,,,,,,,,,,,,,,,,,,,,,,,,,,
569,PT08M54.00S,2025-11-24T03:00:25.7Z,4,REGULAR,3pt,Jump Shot,[],1642846,17.559132720105126,5.147058823529411,1610612762,85,87,2025-11-24T03:00:30Z,5620000,False,224.0,113.0,1,left,A. Bailey 25' 3PT  (10 PTS) (I. Collier 3 AST),"[1642846, 1642268]",1610612762.0,UTA,,,,Bailey,A. Bailey,,,,,Above the Break 3,24+ Right Center,25.1,Made,,,,,,,,10.0,I. Collier,1642268.0,3.0,,,,,,,
571,PT08M34.00S,2025-11-24T03:00:45.4Z,4,REGULAR,2pt,Jump Shot,['pointsinthepaint'],1629060,87.86136662286465,49.754901960784316,1610612747,85,87,2025-11-24T03:00:50Z,5640000,False,-1.0,62.0,1,right,MISS R. Hachimura 6' fadeaway Shot,[1629060],1610612747.0,LAL,fadeaway,,,Hachimura,R. Hachimura,,,,,In The Paint (Non-RA),0-8 Center,6.16,Missed,,,,,,,,,,,,,,,,,,
572,PT08M31.00S,2025-11-24T03:00:48.4Z,4,REGULAR,rebound,defensive,[],1642271,,,1610612762,85,87,2025-11-24T03:00:50Z,5650000,False,,,0,,K. Filipowski REBOUND (Off:1 Def:2),[1642271],1610612762.0,UTA,,,,Filipowski,K. Filipowski,,,,,In The Paint (Non-RA),0-8 Center,,,571.0,3.0,2.0,1.0,,,,,,,,,,,,,,
573,PT08M24.00S,2025-11-24T03:00:55.2Z,4,REGULAR,3pt,Jump Shot,[],1642846,24.26084099868594,88.48039215686273,1610612762,85,87,2025-11-24T03:00:58Z,5660000,False,-192.0,176.0,1,left,MISS A. Bailey 26' 3PT,[1642846],1610612762.0,UTA,,,,Bailey,A. Bailey,,,,,Above the Break 3,24+ Left Center,26.05,Missed,,,,,,,,,,,,,,,,,,
574,PT08M22.00S,2025-11-24T03:00:57.2Z,4,REGULAR,rebound,defensive,[],1629029,,,1610612747,85,87,2025-11-24T03:00:58Z,5670000,False,,,0,,L. Dončić REBOUND (Off:0 Def:6),[1629029],1610612747.0,LAL,,,,Dončić,L. Dončić,,,,,Above the Break 3,24+ Left Center,,,573.0,6.0,6.0,0.0,,,,,,,,,,,,,,
575,PT08M18.00S,2025-11-24T03:01:03.8Z,4,REGULAR,foul,personal,['2freethrow'],1642846,,,1610612747,85,87,2025-11-24T03:01:16Z,5680000,False,,,0,,A. Bailey shooting personal FOUL (3 PF) (Hachimura 2 FT),"[1642846, 1629060]",1610612762.0,UTA,shooting,,,Bailey,A. Bailey,,,,,In The Paint (Non-RA),0-8 Center,,,,,,,,,,,,,,202056.0,3.0,1.0,Hachimura,1629060.0,,
577,PT08M18.00S,2025-11-24T03:01:30.9Z,4,REGULAR,freethrow,1 of 2,['fastbreak'],1629060,,,1610612747,85,88,2025-11-24T03:01:30Z,5700000,False,,,0,,R. Hachimura Free Throw 1 of 2 (12 PTS),[1629060],1610612747.0,LAL,,,,Hachimura,R. Hachimura,,,,,,,,Made,,,,,,,,12.0,,,,,,,,,,
578,PT08M18.00S,2025-11-24T03:01:48.3Z,4,REGULAR,freethrow,2 of 2,['fastbreak'],1629060,,,1610612747,85,89,2025-11-24T03:01:48Z,5710000,False,,,0,,R. Hachimura Free Throw 2 of 2 (13 PTS),[1629060],1610612747.0,LAL,,,,Hachimura,R. Hachimura,,,,,,,,Made,,,,,,,,13.0,,,,,,,,,,
579,PT08M02.00S,2025-11-24T03:02:07.4Z,4,REGULAR,2pt,Jump Shot,['pointsinthepaint'],1642268,13.87976346911958,55.88235294117647,1610612762,85,89,2025-11-24T03:02:10Z,5720000,False,-29.0,78.0,1,left,MISS I. Collier 8' floating Shot,[1642268],1610612762.0,UTA,floating,,,Collier,I. Collier,,,,,In The Paint (Non-RA),8-16 Center,8.34,Missed,,,,,,,,,,,,,,,,,,
580,PT08M00.00S,2025-11-24T03:02:09.4Z,4,REGULAR,rebound,defensive,[],1629637,,,1610612747,85,89,2025-11-24T03:02:10Z,5730000,False,,,0,,J. Hayes REBOUND (Off:1 Def:3),[1629637],1610612747.0,LAL,,,,Hayes,J. Hayes,,,,,In The Paint (Non-RA),8-16 Center,,,579.0,4.0,3.0,1.0,,,,,,,,,,,,,,
581,PT07M49.00S,2025-11-24T03:02:24.9Z,4,REGULAR,foul,personal,['2freethrow'],1642271,,,1610612747,85,89,2025-11-24T03:02:29Z,5740000,False,,,0,,K. Filipowski shooting personal FOUL (2 PF) (Dončić 2 FT),"[1642271, 1629029]",1610612762.0,UTA,shooting,,,Filipowski,K. Filipowski,,,,,In The Paint (Non-RA),8-16 Right,,,,,,,,,,,,,,202056.0,2.0,0.0,Dončić,1629029.0,,
583,PT07M49.00S,2025-11-24T03:02:50.1Z,4,REGULAR,freethrow,1 of 2,[],1629029,,,1610612747,85,90,2025-11-24T03:02:50Z,5760000,False,,,0,,L. Dončić Free Throw 1 of 2 (26 PTS),[1629029],1610612747.0,LAL,,,,Dončić,L. Dončić,,,,,,,,Made,,,,,,,,26.0,,,,,,,,,,
584,PT07M49.00S,2025-11-24T03:02:50.9Z,4,REGULAR,substitution,out,[],1642268,,,1610612747,85,90,2025-11-24T03:02:57Z,5770000,False,,,0,,SUB out: I. Collier,[1642268],1610612762.0,UTA,,,,Collier,I. Collier,,,,,,,,,,,,,,,,,,,,,,,,,,
585,PT07M49.00S,2025-11-24T03:02:50.9Z,4,REGULAR,substitution,out,[],203994,,,1610612747,85,90,2025-11-24T03:02:57Z,5780000,False,,,0,,SUB out: J. Nurkić,[203994],1610612762.0,UTA,,,,Nurkić,J. Nurkić,,,,,,,,,,,,,,,,,,,,,,,,,,
586,PT07M49.00S,2025-11-24T03:02:50.9Z,4,REGULAR,substitution,in,[],1628374,,,1610612747,85,90,2025-11-24T03:02:57Z,5790000,False,,,0,,SUB in: L. Markkanen,[1628374],1610612762.0,UTA,,,,Markkanen,L. Markkanen,,,,,,,,,,,,,,,,,,,,,,,,,,
587,PT07M49.00S,2025-11-24T03:02:50.9Z,4,REGULAR,substitution,in,[],1641718,,,1610612747,85,90,2025-11-24T03:02:57Z,5800000,False,,,0,,SUB in: K. George,[1641718],1610612762.0,UTA,,,,George,K. George,,,,,,,,,,,,,,,,,,,,,,,,,,
588,PT07M49.00S,2025-11-24T03:03:20.5Z,4,REGULAR,freethrow,2 of 2,[],1629029,,,1610612747,85,91,2025-11-24T03:03:20Z,5810000,False,,,0,,L. Dončić Free Throw 2 of 2 (27 PTS),[1629029],1610612747.0,LAL,,,,Dončić,L. Dončić,,,,,,,,Made,,,,,,,,27.0,,,,,,,,,,
589,PT07M32.00S,2025-11-24T03:03:39.0Z,4,REGULAR,2pt,Jump Shot,[],1628374,19.66162943495401,75.24509803921569,1610612762,85,91,2025-11-24T03:03:45Z,5820000,False,-126.0,132.0,1,left,MISS L. Markkanen 18' step back Shot,[1628374],1610612762.0,UTA,step back,,,Markkanen,L. Markkanen,,,,,Mid-Range,16-24 Left Center,18.28,Missed,,,,,,,,,,,,,,,,,,
590,PT07M29.00S,2025-11-24T03:03:42.0Z,4,REGULAR,rebound,defensive,[],1629029,,,1610612747,85,91,2025-11-24T03:03:45Z,5830000,False,,,0,,L. Dončić REBOUND (Off:0 Def:7),[1629029],1610612747.0,LAL,,,,Dončić,L. Dončić,,,,,Mid-Range,16-24 Left Center,,,589.0,7.0,7.0,0.0,,,,,,,,,,,,,,
591,PT07M15.00S,2025-11-24T03:03:55.8Z,4,REGULAR,2pt,Jump Shot,['pointsinthepaint'],1629029,83.26215505913272,48.28431372549019,1610612747,85,93,2025-11-24T03:04:06Z,5840000,False,-9.0,105.0,1,right,L. Dončić 10' turnaround fadeaway Jump Shot (29 PTS),[1629029],1610612747.0,LAL,turnaround fadeaway,,,Dončić,L. Dončić,,,,,In The Paint (Non-RA),8-16 Center,10.52,Made,,,,,,,,29.0,,,,,,,,,,
592,PT07M04.00S,2025-11-24T03:04:06.1Z,4,REGULAR,3pt,Jump Shot,[],1628374,29.6484888304862,24.264705882352942,1610612762,85,93,2025-11-24T03:04:11Z,5850000,False,129.0,226.0,1,left,MISS L. Markkanen 26' 3PT,[1628374],1610612762.0,UTA,,,,Markkanen,L. Markkanen,,,,,Above the Break 3,24+ Right Center,26.03,Missed,,,,,,,,,,,,,,,,,,
593,PT07M02.00S,2025-11-24T03:04:08.1Z,4,REGULAR,rebound,defensive,[],1630559,,,1610612747,85,93,2025-11-24T03:04:11Z,5860000,False,,,0,,A. Reaves REBOUND (Off:1 Def:9),[1630559],1610612747.0,LAL,,,,Reaves,A. Reaves,,,,,Above the Break 3,24+ Right Center,,,592.0,10.0,9.0,1.0,,,,,,,,,,,,,,
595,PT06M55.00S,2025-11-24T03:04:16.8Z,4,REGULAR,2pt,Layup,['pointsinthepaint'],1630559,91.40932982917214,57.84313725490197,1610612747,85,93,2025-11-24T03:04:34Z,5880000,False,39.0,28.0,1,right,MISS A. Reaves driving finger roll Layup - blocked,"[1630559, 1628374]",1610612747.0,LAL,driving finger roll,,,Reaves,A. Reaves,,,,,In The Paint (Non-RA),0-8 Center,4.83,Missed,,,,,,,,,,,,,,,,,Markkanen,1628374.0
596,PT06M55.00S,2025-11-24T03:04:16.8Z,4,REGULAR,block,,[],1628374,,,1610612747,85,93,2025-11-24T03:04:20Z,5890000,False,,,0,,L. Markkanen BLOCK (1 BLK),[1628374],1610612762.0,UTA,,,,Markkanen,L. Markkanen,,,,,In The Paint (Non-RA),0-8 Center,,,,,,,,,,,,,,,,,,,,
597,PT06M55.00S,2025-11-24T03:04:16.8Z,4,REGULAR,rebound,offensive,['team'],0,,,1610612747,85,93,2025-11-24T03:04:23Z,5900000,False,,,0,,TEAM offensive REBOUND,[],1610612747.0,LAL,,,,,,,,,,In The Paint (Non-RA),0-8 Center,,,595.0,,,,,,,,,,,,,,,,,
599,PT06M55.00S,2025-11-24T03:04:26.2Z,4,REGULAR,timeout,full,"['team', 'mandatory']",0,,,1610612747,85,93,2025-11-24T03:04:26Z,5920000,False,,,0,,UTA Timeout,[],1610612762.0,UTA,,,,,,,,,,,,,,,,,,,,,,,,,,,,,,,
600,PT06M55.00S,2025-11-24T03:06:46.7Z,4,REGULAR,substitution,out,[],1629637,,,1610612747,85,93,2025-11-24T03:06:56Z,5930000,False,,,0,,SUB out: J. Hayes,[1629637],1610612747.0,LAL,,,,Hayes,J. Hayes,,,,,,,,,,,,,,,,,,,,,,,,,,
601,PT06M55.00S,2025-11-24T03:06:46.7Z,4,REGULAR,substitution,in,[],1628467,,,1610612747,85,93,2025-11-24T03:06:56Z,5940000,False,,,0,,SUB in: M. Kleber,[1628467],1610612747.0,LAL,,,,Kleber,M. Kleber,,,,,,,,,,,,,,,,,,,,,,,,,,
602,PT06M46.00S,2025-11-24T03:07:23.1Z,4,REGULAR,2pt,Jump Shot,['2ndchance'],1629029,94.82588699080158,77.45098039215686,1610612747,85,93,2025-11-24T03:07:28Z,5950000,False,137.0,-4.0,1,right,MISS L. Dončić 13' fadeaway Shot,[1629029],1610612747.0,LAL,fadeaway,,,Dončić,L. Dončić,,,,,Mid-Range,8-16 Right,13.74,Missed,,,,,,,,,,,,,,,,,,
603,PT06M44.00S,2025-11-24T03:07:25.1Z,4,REGULAR,rebound,offensive,[],1628467,,,1610612747,85,93,2025-11-24T03:07:28Z,5960000,False,,,0,,M. Kleber REBOUND (Off:2 Def:1),[1628467],1610612747.0,LAL,,,,Kleber,M. Kleber,,,,,Mid-Range,8-16 Right,,,602.0,3.0,1.0,2.0,,,,,,,,,,,,,,
607,PT06M36.00S,2025-11-24T03:07:37.5Z,4,REGULAR,foul,personal,['2freethrow'],1642271,,,1610612747,85,93,2025-11-24T03:07:50Z,6000000,False,,,0,,K. Filipowski shooting personal FOUL (3 PF) (Reaves 2 FT),"[1642271, 1630559]",1610612762.0,UTA,shooting,,,Filipowski,K. Filipowski,,,,,In The Paint (Non-RA),0-8 Center,,,,,,,,,,,,,,202041.0,3.0,0.0,Reaves,1630559.0,,
609,PT06M36.00S,2025-11-24T03:07:58.9Z,4,REGULAR,freethrow,1 of 2,['2ndchance'],1630559,,,1610612747,85,94,2025-11-24T03:07:58Z,6020000,False,,,0,,A. Reaves Free Throw 1 of 2 (19 PTS),[1630559],1610612747.0,LAL,,,,Reaves,A. Reaves,,,,,,,,Made,,,,,,,,19.0,,,,,,,,,,
610,PT06M36.00S,2025-11-24T03:08:17.1Z,4,REGULAR,freethrow,2 of 2,['2ndchance'],1630559,,,1610612747,85,95,2025-11-24T03:08:17Z,6030000,False,,,0,,A. Reaves Free Throw 2 of 2 (20 PTS),[1630559],1610612747.0,LAL,,,,Reaves,A. Reaves,,,,,,,,Made,,,,,,,,20.0,,,,,,,,,,
611,PT06M21.00S,2025-11-24T03:08:34.9Z,4,REGULAR,2pt,Jump Shot,['pointsinthepaint'],1641718,14.273981603153747,58.82352941176471,1610612762,85,95,2025-11-24T03:08:41Z,6040000,False,-44.0,82.0,1,left,MISS K. George 9' driving floating Shot,[1641718],1610612762.0,UTA,driving floating,,,George,K. George,,,,,In The Paint (Non-RA),8-16 Center,9.28,Missed,,,,,,,,,,,,,,,,,,
612,PT06M18.00S,2025-11-24T03:08:37.9Z,4,REGULAR,rebound,defensive,[],1629029,,,1610612747,85,95,2025-11-24T03:08:41Z,6050000,False,,,0,,L. Dončić REBOUND (Off:0 Def:8),[1629029],1610612747.0,LAL,,,,Dončić,L. Dončić,,,,,In The Paint (Non-RA),8-16 Center,,,611.0,8.0,8.0,0.0,,,,,,,,,,,,,,
613,PT06M06.00S,2025-11-24T03:08:50.2Z,4,REGULAR,3pt,Jump Shot,[],1629029,67.62483574244416,57.107843137254896,1610612747,85,98,2025-11-24T03:10:10Z,6060000,False,36.0,252.0,1,right,L. Dončić 25' 3PT step back (32 PTS),[1629029],1610612747.0,LAL,step back,,,Dončić,L. Dončić,,,,,Above the Break 3,24+ Center,25.43,Made,,,,,,,,32.0,,,,,,,,,,
614,PT05M51.00S,2025-11-24T03:09:07.2Z,4,REGULAR,foul,personal,['2freethrow'],1628467,,,1610612762,85,98,2025-11-24T03:09:12Z,6070000,False,,,0,,M. Kleber shooting personal FOUL (3 PF) (Filipowski 2 FT),"[1628467, 1642271]",1610612747.0,LAL,shooting,,,Kleber,M. Kleber,,,,,Mid-Range,8-16 Right,,,,,,,,,,,,,,202041.0,3.0,0.0,Filipowski,1642271.0,,
616,PT05M51.00S,2025-11-24T03:09:37.8Z,4,REGULAR,freethrow,1 of 2,[],1642271,,,1610612762,86,98,2025-11-24T03:09:37Z,6090000,False,,,0,,K. Filipowski Free Throw 1 of 2 (3 PTS),[1642271],1610612762.0,UTA,,,,Filipowski,K. Filipowski,,,,,,,,Made,,,,,,,,3.0,,,,,,,,,,
617,PT05M51.00S,2025-11-24T03:09:38.6Z,4,REGULAR,substitution,out,[],1629060,,,1610612762,86,98,2025-11-24T03:09:43Z,6100000,False,,,0,,SUB out: R. Hachimura,[1629060],1610612747.0,LAL,,,,Hachimura,R. Hachimura,,,,,,,,,,,,,,,,,,,,,,,,,,
618,PT05M51.00S,2025-11-24T03:09:38.6Z,4,REGULAR,substitution,in,[],2544,,,1610612762,86,98,2025-11-24T03:09:43Z,6110000,False,,,0,,SUB in: L. James,[2544],1610612747.0,LAL,,,,James,L. James,,,,,,,,,,,,,,,,,,,,,,,,,,
619,PT05M51.00S,2025-11-24T03:09:38.6Z,4,REGULAR,substitution,out,[],1642846,,,1610612762,86,98,2025-11-24T03:09:47Z,6120000,False,,,0,,SUB out: A. Bailey,[1642846],1610612762.0,UTA,,,,Bailey,A. Bailey,,,,,,,,,,,,,,,,,,,,,,,,,,
620,PT05M51.00S,2025-11-24T03:09:38.6Z,4,REGULAR,substitution,in,[],203994,,,1610612762,86,98,2025-11-24T03:09:47Z,6130000,False,,,0,,SUB in: J. Nurkić,[203994],1610612762.0,UTA,,,,Nurkić,J. Nurkić,,,,,,,,,,,,,,,,,,,,,,,,,,
621,PT05M51.00S,2025-11-24T03:10:05.1Z,4,REGULAR,freethrow,2 of 2,[],1642271,,,1610612762,87,98,2025-11-24T03:10:05Z,6140000,False,,,0,,K. Filipowski Free Throw 2 of 2 (4 PTS),[1642271],1610612762.0,UTA,,,,Filipowski,K. Filipowski,,,,,,,,Made,,,,,,,,4.0,,,,,,,,,,
622,PT05M34.00S,2025-11-24T03:10:26.4Z,4,REGULAR,turnover,out-of-bounds,[],1629029,,,1610612747,87,98,2025-11-24T03:10:31Z,6150000,False,,,0,,L. Dončić bad pass out-of-bounds TURNOVER (5 TO),[1629029],1610612747.0,LAL,bad pass,,,Dončić,L. Dončić,,,,,In The Paint (Non-RA),8-16 Left,,,,,,,5.0,,,,,,,202041.0,,,,,,
623,PT05M24.00S,2025-11-24T03:10:44.2Z,4,REGULAR,foul,personal,"['inpenalty', '2freethrow']",1628467,,,1610612762,87,98,2025-11-24T03:10:54Z,6160000,False,,,0,,M. Kleber shooting personal FOUL (4 PF) (Markkanen 2 FT),"[1628467, 1628374]",1610612747.0,LAL,shooting,,,Kleber,M. Kleber,,,,,Mid-Range,8-16 Right,,,,,,,,,,,,,,202041.0,4.0,0.0,Markkanen,1628374.0,,
625,PT05M24.00S,2025-11-24T03:11:10.2Z,4,REGULAR,freethrow,1 of 2,['fromturnover'],1628374,,,1610612762,88,98,2025-11-24T03:11:10Z,6180000,False,,,0,,L. Markkanen Free Throw 1 of 2 (9 PTS),[1628374],1610612762.0,UTA,,,,Markkanen,L. Markkanen,,,,,,,,Made,,,,,,,,9.0,,,,,,,,,,
626,PT05M24.00S,2025-11-24T03:11:26.4Z,4,REGULAR,freethrow,2 of 2,['fromturnover'],1628374,,,1610612762,89,98,2025-11-24T03:11:26Z,6190000,False,,,0,,L. Markkanen Free Throw 2 of 2 (10 PTS),[1628374],1610612762.0,UTA,,,,Markkanen,L. Markkanen,,,,,,,,Made,,,,,,,,10.0,,,,,,,,,,
627,PT05M06.00S,2025-11-24T03:11:46.4Z,4,REGULAR,2pt,Layup,['pointsinthepaint'],2544,90.3580814717477,44.6078431372549,1610612747,89,100,2025-11-24T03:11:51Z,6200000,False,-27.0,38.0,1,right,L. James driving Layup (17 PTS),[2544],1610612747.0,LAL,driving,,,James,L. James,,,,,In The Paint (Non-RA),0-8 Center,4.67,Made,,,,,,,,17.0,,,,,,,,,,
628,PT04M52.00S,2025-11-24T03:12:00.7Z,4,REGULAR,2pt,Jump Shot,['pointsinthepaint'],203994,11.514454664914586,54.166666666666664,1610612762,89,100,2025-11-24T03:31:48Z,6210000,False,-21.0,56.0,1,left,MISS J. Nurkić driving floating Shot,[203994],1610612762.0,UTA,driving floating,,,Nurkić,J. Nurkić,,,,,In The Paint (Non-RA),0-8 Center,5.95,Missed,,,,,,,,,,,,,,,,,,
629,PT04M49.00S,2025-11-24T03:12:03.7Z,4,REGULAR,rebound,defensive,[],1629029,,,1610612747,89,100,2025-11-24T03:12:11Z,6220000,False,,,0,,L. Dončić REBOUND (Off:0 Def:9),[1629029],1610612747.0,LAL,,,,Dončić,L. Dončić,,,,,In The Paint (Non-RA),0-8 Center,,,628.0,9.0,9.0,0.0,,,,,,,,,,,,,,
630,PT04M41.00S,2025-11-24T03:12:15.6Z,4,REGULAR,foul,personal,"['inpenalty', '2freethrow']",1642271,,,1610612747,89,100,2025-11-24T03:12:21Z,6230000,False,,,0,,K. Filipowski personal FOUL (4 PF) (Reaves 2 FT),"[1642271, 1630559]",1610612762.0,UTA,,,,Filipowski,K. Filipowski,,,,,Mid-Range,16-24 Right Center,,,,,,,,,,,,,,202041.0,4.0,0.0,Reaves,1630559.0,,
632,PT04M41.00S,2025-11-24T03:12:39.5Z,4,REGULAR,freethrow,1 of 2,[],1630559,,,1610612747,89,101,2025-11-24T03:12:39Z,6250000,False,,,0,,A. Reaves Free Throw 1 of 2 (21 PTS),[1630559],1610612747.0,LAL,,,,Reaves,A. Reaves,,,,,,,,Made,,,,,,,,21.0,,,,,,,,,,
633,PT04M41.00S,2025-11-24T03:12:40.4Z,4,REGULAR,substitution,out,[],1642271,,,1610612747,89,101,2025-11-24T03:12:43Z,6260000,False,,,0,,SUB out: K. Filipowski,[1642271],1610612762.0,UTA,,,,Filipowski,K. Filipowski,,,,,,,,,,,,,,,,,,,,,,,,,,
634,PT04M41.00S,2025-11-24T03:12:40.4Z,4,REGULAR,substitution,in,[],1642846,,,1610612747,89,101,2025-11-24T03:12:43Z,6270000,False,,,0,,SUB in: A. Bailey,[1642846],1610612762.0,UTA,,,,Bailey,A. Bailey,,,,,,,,,,,,,,,,,,,,,,,,,,
635,PT04M41.00S,2025-11-24T03:12:55.8Z,4,REGULAR,freethrow,2 of 2,[],1630559,,,1610612747,89,102,2025-11-24T03:12:55Z,6280000,False,,,0,,A. Reaves Free Throw 2 of 2 (22 PTS),[1630559],1610612747.0,LAL,,,,Reaves,A. Reaves,,,,,,,,Made,,,,,,,,22.0,,,,,,,,,,
636,PT04M31.00S,2025-11-24T03:13:06.7Z,4,REGULAR,3pt,Jump Shot,[],1641718,27.151773981603156,77.69607843137256,1610612762,92,102,2025-11-24T03:13:48Z,6290000,False,-138.0,203.0,1,left,K. George 24' 3PT pullup (27 PTS),[1641718],1610612762.0,UTA,pullup,,,George,K. George,,,,,Above the Break 3,24+ Left Center,24.55,Made,,,,,,,,27.0,,,,,,,,,,
637,PT04M31.00S,2025-11-24T03:13:12.9Z,4,REGULAR,timeout,full,"['team', 'mandatory']",0,,,1610612747,92,102,2025-11-24T03:13:12Z,6300000,False,,,0,,LAL Timeout,[],1610612747.0,LAL,,,,,,,,,,,,,,,,,,,,,,,,,,,,,,,
638,PT04M09.00S,2025-11-24T03:16:32.1Z,4,REGULAR,3pt,Jump Shot,[],1629029,73.01248357424441,7.352941176470589,1610612747,92,102,2025-11-24T03:16:45Z,6310000,False,-213.0,201.0,1,right,MISS L. Dončić 29' step back 3PT,[1629029],1610612747.0,LAL,step back,,,Dončić,L. Dončić,,,,,Above the Break 3,24+ Left Center,29.31,Missed,,,,,,,,,,,,,,,,,,
639,PT04M07.00S,2025-11-24T03:16:34.1Z,4,REGULAR,rebound,defensive,['team'],0,,,1610612762,92,102,2025-11-24T03:16:37Z,6320000,False,,,0,,TEAM defensive REBOUND,[],1610612762.0,UTA,,,,,,,,,,Above the Break 3,24+ Left Center,,,638.0,,,,,,,,,,,,,,,,,
641,PT04M00.00S,2025-11-24T03:16:47.1Z,4,REGULAR,2pt,DUNK,['pointsinthepaint'],1628374,5.863994743758213,56.127450980392155,1610612762,94,102,2025-11-24T03:16:51Z,6340000,False,-31.0,3.0,1,left,L. Markkanen alley-oop DUNK (12 PTS) (K. George 6 AST),"[1628374, 1641718]",1610612762.0,UTA,alley-oop,,,Markkanen,L. Markkanen,,,,,Restricted Area,0-8 Center,3.07,Made,,,,,,,,12.0,K. George,1641718.0,6.0,,,,,,,
643,PT03M33.00S,2025-11-24T03:17:14.3Z,4,REGULAR,3pt,Jump Shot,[],1629216,83.13074901445466,3.431372549019608,1610612747,94,105,2025-11-24T03:17:18Z,6360000,False,-233.0,106.0,1,right,G. Vincent 25' 3PT  (3 PTS) (L. Dončić 8 AST),"[1629216, 1629029]",1610612747.0,LAL,,,,Vincent,G. Vincent,,,,,Above the Break 3,24+ Left Center,25.58,Made,,,,,,,,3.0,L. Dončić,1629029.0,8.0,,,,,,,
645,PT03M18.00S,2025-11-24T03:17:28.1Z,4,REGULAR,3pt,Jump Shot,[],1641718,31.35676741130092,59.068627450980394,1610612762,94,105,2025-11-24T03:17:35Z,6380000,False,-45.0,242.0,1,left,MISS K. George 24' pullup 3PT,[1641718],1610612762.0,UTA,pullup,,,George,K. George,,,,,Above the Break 3,24+ Center,24.65,Missed,,,,,,,,,,,,,,,,,,
646,PT03M13.00S,2025-11-24T03:17:33.1Z,4,REGULAR,rebound,defensive,[],1629029,,,1610612747,94,105,2025-11-24T03:17:35Z,6390000,False,,,0,,L. Dončić REBOUND (Off:0 Def:10),[1629029],1610612747.0,LAL,,,,Dončić,L. Dončić,,,,,Above the Break 3,24+ Center,,,645.0,10.0,10.0,0.0,,,,,,,,,,,,,,
647,PT03M08.00S,2025-11-24T03:17:40.9Z,4,REGULAR,turnover,out-of-bounds,[],1629216,,,1610612747,94,105,2025-11-24T03:17:47Z,6400000,False,,,0,,G. Vincent step out-of-bounds TURNOVER (1 TO),[1629216],1610612747.0,LAL,step,,,Vincent,G. Vincent,,,,,Left Corner 3,24+ Left,,,,,,,1.0,,,,,,,202056.0,,,,,,
648,PT03M08.00S,2025-11-24T03:17:58.8Z,4,REGULAR,timeout,full,['team'],0,,,1610612762,94,105,2025-11-24T03:17:58Z,6410000,False,,,0,,LAL Timeout,[],1610612747.0,LAL,,,,,,,,,,,,,,,,,,,,,,,,,,,,,,,
649,PT02M52.00S,2025-11-24T03:19:43.2Z,4,REGULAR,2pt,Layup,"['pointsinthepaint', 'fromturnover']",1629004,5.075558475689881,46.568627450980394,1610612762,96,105,2025-11-24T03:19:48Z,6420000,False,17.0,-5.0,1,left,S. Mykhailiuk reverse Layup (10 PTS) (K. George 7 AST),"[1629004, 1641718]",1610612762.0,UTA,reverse,,,Mykhailiuk,S. Mykhailiuk,,,,,Restricted Area,0-8 Center,1.79,Made,,,,,,,,10.0,K. George,1641718.0,7.0,,,,,,,
651,PT02M28.00S,2025-11-24T03:20:07.6Z,4,REGULAR,3pt,Jump Shot,[],1630559,82.86793692509855,4.6568627450980395,1610612747,96,105,2025-11-24T03:20:11Z,6440000,False,-227.0,109.0,1,right,MISS A. Reaves 25' 3PT,[1630559],1610612747.0,LAL,,,,Reaves,A. Reaves,,,,,Above the Break 3,24+ Left Center,25.13,Missed,,,,,,,,,,,,,,,,,,
652,PT02M25.00S,2025-11-24T03:20:10.6Z,4,REGULAR,rebound,defensive,[],1629004,,,1610612762,96,105,2025-11-24T03:20:11Z,6450000,False,,,0,,S. Mykhailiuk REBOUND (Off:0 Def:2),[1629004],1610612762.0,UTA,,,,Mykhailiuk,S. Mykhailiuk,,,,,Above the Break 3,24+ Left Center,,,651.0,2.0,2.0,0.0,,,,,,,,,,,,,,
653,PT02M15.00S,2025-11-24T03:20:21.0Z,4,REGULAR,3pt,Jump Shot,[],1628374,22.815374507227332,4.411764705882353,1610612762,99,105,2025-11-24T03:20:25Z,6460000,False,228.0,162.0,1,left,L. Markkanen 27' 3PT pullup (15 PTS) (S. Mykhailiuk 4 AST),"[1628374, 1629004]",1610612762.0,UTA,pullup,,,Markkanen,L. Markkanen,,,,,Above the Break 3,24+ Right Center,27.96,Made,,,,,,,,15.0,S. Mykhailiuk,1629004.0,4.0,,,,,,,
655,PT01M47.00S,2025-11-24T03:20:49.2Z,4,REGULAR,turnover,lost ball,[],1629029,,,1610612747,99,105,2025-11-24T03:20:52Z,6480000,False,,,0,,L. Dončić lost ball TURNOVER (6 TO),"[1629029, 1642846]",1610612747.0,LAL,,,,Dončić,L. Dončić,,,,,In The Paint (Non-RA),8-16 Right,,,,,,,6.0,Bailey,1642846.0,,,,,,,,,,,
656,PT01M47.00S,2025-11-24T03:20:49.2Z,4,REGULAR,steal,,[],1642846,,,1610612762,99,105,2025-11-24T03:20:50Z,6490000,False,,,0,,A. Bailey STEAL (1 STL),[1642846],1610612762.0,UTA,,,,Bailey,A. Bailey,,,,,In The Paint (Non-RA),8-16 Right,,,,,,,,,,,,,,,,,,,,
657,PT01M42.00S,2025-11-24T03:20:54.1Z,4,REGULAR,2pt,Layup,"['pointsinthepaint', 'fromturnover', 'fastbreak']",1628374,9.543363994743759,57.107843137254896,1610612762,101,105,2025-11-24T03:20:59Z,6500000,False,-36.0,37.0,1,left,L. Markkanen running Layup (17 PTS) (S. Mykhailiuk 5 AST),"[1628374, 1629004]",1610612762.0,UTA,running,,,Markkanen,L. Markkanen,,,,,In The Paint (Non-RA),0-8 Center,5.14,Made,,,,,,,,17.0,S. Mykhailiuk,1629004.0,5.0,,,,,,,
659,PT01M21.00S,2025-11-24T03:21:22.1Z,4,REGULAR,2pt,DUNK,['pointsinthepaint'],1628467,92.59198423127464,56.372549019607845,1610612747,101,107,2025-11-24T03:21:26Z,6520000,False,32.0,17.0,1,right,M. Kleber driving DUNK (2 PTS) (L. James 8 AST),"[1628467, 2544]",1610612747.0,LAL,driving,,,Kleber,M. Kleber,,,,,Restricted Area,0-8 Center,3.62,Made,,,,,,,,2.0,L. James,2544.0,8.0,,,,,,,
661,PT01M08.00S,2025-11-24T03:21:43.8Z,4,REGULAR,2pt,Layup,['pointsinthepaint'],1642846,7.835085413929041,42.40196078431372,1610612762,101,107,2025-11-24T03:21:46Z,6540000,False,38.0,21.0,1,left,MISS A. Bailey driving Layup,[1642846],1610612762.0,UTA,driving,,,Bailey,A. Bailey,,,,,Restricted Area,0-8 Center,4.35,Missed,,,,,,,,,,,,,,,,,,
662,PT01M08.00S,2025-11-24T03:21:43.8Z,4,REGULAR,rebound,offensive,['team'],0,,,1610612762,101,107,2025-11-24T03:21:46Z,6550000,False,,,0,,TEAM offensive REBOUND,[],1610612762.0,UTA,,,,,,,,,,Restricted Area,0-8 Center,,,661.0,,,,,,,,,,,,,,,,,
664,PT01M07.00S,2025-11-24T03:22:05.9Z,4,REGULAR,2pt,Layup,"['pointsinthepaint', '2ndchance']",1629004,6.652431011826544,52.94117647058824,1610612762,103,107,2025-11-24T03:22:09Z,6570000,False,-15.0,10.0,1,left,S. Mykhailiuk reverse Layup (12 PTS) (K. George 8 AST),"[1629004, 1641718]",1610612762.0,UTA,reverse,,,Mykhailiuk,S. Mykhailiuk,,,,,Restricted Area,0-8 Center,1.78,Made,,,,,,,,12.0,K. George,1641718.0,8.0,,,,,,,
666,PT00M46.10S,2025-11-24T03:22:29.4Z,4,REGULAR,3pt,Jump Shot,[],2544,68.28186596583443,67.15686274509804,1610612747,103,107,2025-11-24T03:22:33Z,6590000,False,86.0,246.0,1,right,MISS L. James 26' 3PT,[2544],1610612747.0,LAL,,,,James,L. James,,,,,Above the Break 3,24+ Right Center,26.03,Missed,,,,,,,,,,,,,,,,,,
667,PT00M43.50S,2025-11-24T03:22:32.0Z,4,REGULAR,rebound,defensive,[],1642846,,,1610612762,103,107,2025-11-24T03:22:33Z,6600000,False,,,0,,A. Bailey REBOUND (Off:1 Def:4),[1642846],1610612762.0,UTA,,,,Bailey,A. Bailey,,,,,Above the Break 3,24+ Right Center,,,666.0,5.0,4.0,1.0,,,,,,,,,,,,,,
668,PT00M41.30S,2025-11-24T03:22:34.5Z,4,REGULAR,3pt,Jump Shot,['fastbreak'],1628374,14.4053876478318,3.9215686274509802,1610612762,106,107,2025-11-24T03:22:39Z,6610000,False,230.0,83.0,1,left,L. Markkanen 24' 3PT running (20 PTS) (A. Bailey 3 AST),"[1628374, 1642846]",1610612762.0,UTA,running,,,Markkanen,L. Markkanen,,,,,Right Corner 3,24+ Right,24.49,Made,,,,,,,,20.0,A. Bailey,1642846.0,3.0,,,,,,,
670,PT00M20.40S,2025-11-24T03:22:59.4Z,4,REGULAR,3pt,Jump Shot,[],1630559,70.64717477003943,9.803921568627452,1610612747,106,107,2025-11-24T03:32:05Z,6630000,False,-201.0,223.0,1,right,MISS A. Reaves 30' pullup 3PT,[1630559],1610612747.0,LAL,pullup,,,Reaves,A. Reaves,,,,,Above the Break 3,24+ Left Center,30.05,Missed,,,,,,,,,,,,,,,,,,
671,PT00M17.40S,2025-11-24T03:23:02.6Z,4,REGULAR,rebound,defensive,[],1628374,,,1610612762,106,107,2025-11-24T03:23:02Z,6640000,False,,,0,,L. Markkanen REBOUND (Off:1 Def:6),[1628374],1610612762.0,UTA,,,,Markkanen,L. Markkanen,,,,,Above the Break 3,24+ Left Center,,,670.0,7.0,6.0,1.0,,,,,,,,,,,,,,
672,PT00M11.40S,2025-11-24T03:23:08.5Z,4,REGULAR,2pt,Jump Shot,[],1628374,23.340998685939553,55.88235294117647,1610612762,106,107,2025-11-24T03:23:15Z,6650000,False,-29.0,167.0,1,left,MISS L. Markkanen 16' turnaround Shot,[1628374],1610612762.0,UTA,turnaround,,,Markkanen,L. Markkanen,,,,,Mid-Range,16-24 Center,16.95,Missed,,,,,,,,,,,,,,,,,,
673,PT00M07.40S,2025-11-24T03:23:12.5Z,4,REGULAR,rebound,defensive,[],1629029,,,1610612747,106,107,2025-11-24T03:23:12Z,6660000,False,,,0,,L. Dončić REBOUND (Off:0 Def:11),[1629029],1610612747.0,LAL,,,,Dončić,L. Dončić,,,,,Mid-Range,16-24 Center,,,672.0,11.0,11.0,0.0,,,,,,,,,,,,,,
674,PT00M05.80S,2025-11-24T03:23:17.1Z,4,REGULAR,foul,personal,"['inpenalty', '2freethrow']",1629004,,,1610612747,106,107,2025-11-24T03:23:30Z,6670000,False,,,0,,S. Mykhailiuk take personal FOUL (1 PF) (Dončić 2 FT),"[1629004, 1629029]",1610612762.0,UTA,take,,,Mykhailiuk,S. Mykhailiuk,,,,,Mid-Range,16-24 Right,,,,,,,,,,,,,,202041.0,1.0,0.0,Dončić,1629029.0,,
676,PT00M05.80S,2025-11-24T03:23:55.0Z,4,REGULAR,freethrow,1 of 2,[],1629029,,,1610612747,106,107,2025-11-24T03:23:55Z,6690000,False,,,0,,MISS L. Dončić Free Throw 1 of 2,[1629029],1610612747.0,LAL,,,,Dončić,L. Dončić,,,,,,,,Missed,,,,,,,,,,,,,,,,,,
677,PT00M05.80S,2025-11-24T03:23:55.0Z,4,REGULAR,rebound,offensive,"['deadball', 'team']",0,,,1610612747,106,107,2025-11-24T03:23:55Z,6700000,False,,,0,,TEAM offensive REBOUND,[],1610612747.0,LAL,,,,,,,,,,,,,,676.0,,,,,,,,,,,,,,,,,
678,PT00M05.80S,2025-11-24T03:24:13.3Z,4,REGULAR,freethrow,2 of 2,[],1629029,,,1610612747,106,108,2025-11-24T03:24:13Z,6710000,False,,,0,,L. Dončić Free Throw 2 of 2 (33 PTS),[1629029],1610612747.0,LAL,,,,Dončić,L. Dončić,,,,,,,,Made,,,,,,,,33.0,,,,,,,,,,
679,PT00M05.80S,2025-11-24T03:24:15.9Z,4,REGULAR,timeout,full,['team'],0,,,1610612762,106,108,2025-11-24T03:24:15Z,6720000,False,,,0,,UTA Timeout,[],1610612762.0,UTA,,,,,,,,,,,,,,,,,,,,,,,,,,,,,,,
680,PT00M05.80S,2025-11-24T03:25:35.8Z,4,REGULAR,substitution,out,[],1629216,,,1610612762,106,108,2025-11-24T03:25:42Z,6730000,False,,,0,,SUB out: G. Vincent,[1629216],1610612747.0,LAL,,,,Vincent,G. Vincent,,,,,,,,,,,,,,,,,,,,,,,,,,
681,PT00M05.80S,2025-11-24T03:25:35.8Z,4,REGULAR,substitution,in,[],203935,,,1610612762,106,108,2025-11-24T03:25:42Z,6740000,False,,,0,,SUB in: M. Smart,[203935],1610612747.0,LAL,,,,Smart,M. Smart,,,,,,,,,,,,,,,,,,,,,,,,,,
682,PT00M01.70S,2025-11-24T03:26:05.1Z,4,REGULAR,3pt,Jump Shot,[],1641718,4.812746386333772,4.166666666666666,1610612762,106,108,2025-11-24T03:26:15Z,6750000,False,229.0,-7.0,1,left,MISS K. George 3PT,[1641718],1610612762.0,UTA,,,,George,K. George,,,,,Right Corner 3,24+ Right,22.93,Missed,,,,,,,,,,,,,,,,,,
683,PT00M01.70S,2025-11-24T03:26:05.1Z,4,REGULAR,rebound,offensive,['team'],0,,,1610612762,106,108,2025-11-24T03:26:15Z,6760000,False,,,0,,TEAM offensive REBOUND,[],1610612762.0,UTA,,,,,,,,,,Right Corner 3,24+ Right,,,682.0,,,,,,,,,,,,,,,,,
684,PT00M00.00S,2025-11-24T03:26:31.0Z,4,REGULAR,period,end,[],0,,,1610612762,106,108,2025-11-24T03:26:31Z,6770000,False,,,0,,Period End,[],,,,,,,,,,,,,,,,,,,,,,,,,,,,,,,,,
685,PT00M00.00S,2025-11-24T03:26:43.7Z,4,REGULAR,game,end,[],0,,,0,106,108,2025-11-24T03:26:43Z,6780000,False,,,0,,Game End,[],,,,,,,,,,,,,,,,,,,,,,,,,,,,,,,,,
