actionNumber,clock,timeActual,period,periodType,actionType,subType,qualifiers,personId,x,y,possession,scoreHome,scoreAway,edited,orderNumber,isTargetScoreLastPeriod,xLegacy,yLegacy,isFieldGoal,side,description,personIdsFilter,teamId,teamTricode,descriptor,jumpBallRecoveredName,jumpBallRecoverdPersonId,playerName,playerNameI,jumpBallWonPlayerName,jumpBallWonPersonId,jumpBallLostPlayerName,jumpBallLostPersonId,area,areaDetail,shotDistance,shotResult,shotActionNumber,reboundTotal,reboundDefensiveTotal,reboundOffensiveTotal,pointsTotal,assistPlayerNameInitial,assistPersonId,assistTotal,blockPlayerName,blockPersonId,turnoverTotal,stealPlayerName,stealPersonId,officialId,foulPersonalTotal,foulTechnicalTotal,foulDrawnPlayerName,foulDrawnPersonId
2,PT12M00.00S,2022-12-23T01:10:20.3Z,1,REGULAR,period,start,[],0,,,0,0,0,2022-12-23T01:10:20Z,20000,False,,,0,,Period Start,[],,,,,,,,,,,,,,,,,,,,,,,,,,,,,,,,,
4,PT11M58.00S,2022-12-23T01:10:22.6Z,1,REGULAR,jumpball,recovered,[],1631110,,,1610612759,0,0,2022-12-23T01:10:22Z,40000,False,,,0,,Jump Ball J. Poeltl vs. J. Valanciunas: Tip to J. Sochan,"[1631110, 1627751, 202685]",1610612759.0,SAS,startperiod,J. Sochan,1631110.0,Sochan,J. Sochan,Poeltl,1627751.0,Valanciunas,202685.0,,,,,,,,,,,,,,,,,,,,,,
7,PT11M44.00S,2022-12-23T01:10:35.7Z,1,REGULAR,2pt,Hook,['pointsinthepaint'],1627751,19.004599211563733,49.26470588235294,1610612759,0,0,2022-12-23T01:10:40Z,70000,False,4.0,126.0,1,left,MISS J. Poeltl 12' Hook,[1627751],1610612759.0,SAS,,,,Poeltl,J. Poeltl,,,,,In The Paint (Non-RA),8-16 Center,12.62,Missed,,,,,,,,,,,,,,,,,,
8,PT11M42.00S,2022-12-23T01:10:37.7Z,1,REGULAR,rebound,defensive,[],202685,,,1610612740,0,0,2022-12-23T01:10:40Z,80000,False,,,0,,J. Valanciunas REBOUND (Off:0 Def:1),[202685],1610612740.0,NOP,,,,Valanciunas,J. Valanciunas,,,,,In The Paint (Non-RA),8-16 Center,,,7.0,1.0,1.0,0.0,,,,,,,,,,,,,,
9,PT11M22.00S,2022-12-23T01:10:56.9Z,1,REGULAR,2pt,Jump Shot,['pointsinthepaint'],203468,86.5473061760841,50.0,1610612740,0,0,2022-12-23T01:11:03Z,90000,False,0.0,74.0,1,right,MISS C. McCollum 7' driving floating Shot,[203468],1610612740.0,NOP,driving floating,,,McCollum,C. McCollum,,,,,In The Paint (Non-RA),0-8 Center,7.4,Missed,,,,,,,,,,,,,,,,,,
10,PT11M20.00S,2022-12-23T01:10:59.5Z,1,REGULAR,rebound,defensive,[],1630170,,,1610612759,0,0,2022-12-23T01:10:59Z,100000,False,,,0,,D. Vassell REBOUND (Off:0 Def:1),[1630170],1610612759.0,SAS,,,,Vassell,D. Vassell,,,,,In The Paint (Non-RA),0-8 Center,,,9.0,1.0,1.0,0.0,,,,,,,,,,,,,,
11,PT11M16.00S,2022-12-23T01:11:03.4Z,1,REGULAR,2pt,Jump Shot,"['fastbreak', 'pointsinthepaint']",1630200,16.245072273324574,50.49019607843137,1610612759,0,2,2022-12-23T01:11:51Z,110000,False,-2.0,100.0,1,left,T. Jones 10' pullup Jump Shot (2 PTS),[1630200],1610612759.0,SAS,pullup,,,Jones,T. Jones,,,,,In The Paint (Non-RA),8-16 Center,10.02,Made,,,,,2.0,,,,,,,,,,,,,
12,PT10M59.00S,2022-12-23T01:11:20.9Z,1,REGULAR,2pt,Jump Shot,['pointsinthepaint'],1630529,86.5473061760841,52.94117647058824,1610612740,0,2,2022-12-23T01:11:23Z,120000,False,15.0,74.0,1,right,MISS H. Jones 7' pullup Shot,[1630529],1610612740.0,NOP,pullup,,,Jones,H. Jones,,,,,In The Paint (Non-RA),0-8 Center,7.54,Missed,,,,,,,,,,,,,,,,,,
13,PT10M57.00S,2022-12-23T01:11:22.9Z,1,REGULAR,rebound,defensive,[],1631110,,,1610612759,0,2,2022-12-23T01:11:23Z,130000,False,,,0,,J. Sochan REBOUND (Off:0 Def:1),[1631110],1610612759.0,SAS,,,,Sochan,J. Sochan,,,,,In The Paint (Non-RA),0-8 Center,,,12.0,1.0,1.0,0.0,,,,,,,,,,,,,,
14,PT10M40.00S,2022-12-23T01:11:39.8Z,1,REGULAR,2pt,Jump Shot,[],1630200,5.732588699080158,75.0,1610612759,0,2,2022-12-23T01:13:39Z,140000,False,-125.0,1.0,1,left,MISS T. Jones 12' step back Shot,[1630200],1610612759.0,SAS,step back,,,Jones,T. Jones,,,,,Mid-Range,8-16 Left,12.5,Missed,,,,,,,,,,,,,,,,,,
15,PT10M33.00S,2022-12-23T01:11:46.8Z,1,REGULAR,rebound,offensive,[],1629641,,,1610612759,0,2,2022-12-23T01:11:48Z,150000,False,,,0,,R. Langford REBOUND (Off:1 Def:0),[1629641],1610612759.0,SAS,,,,Langford,R. Langford,,,,,Mid-Range,8-16 Left,,,14.0,1.0,0.0,1.0,,,,,,,,,,,,,,
17,PT10M30.00S,2022-12-23T01:11:58.1Z,1,REGULAR,2pt,Layup,"['pointsinthepaint', '2ndchance']",1630170,6.783837056504599,51.470588235294116,1610612759,0,2,2022-12-23T01:12:05Z,170000,False,-7.0,11.0,1,left,MISS D. Vassell Layup,[1630170],1610612759.0,SAS,,,,Vassell,D. Vassell,,,,,Restricted Area,0-8 Center,1.35,Missed,,,,,,,,,,,,,,,,,,
18,PT10M28.00S,2022-12-23T01:12:00.1Z,1,REGULAR,rebound,defensive,['team'],0,,,1610612740,0,2,2022-12-23T01:12:00Z,180000,False,,,0,,TEAM defensive REBOUND,[],1610612740.0,NOP,,,,,,,,,,Restricted Area,0-8 Center,,,17.0,,,,,,,,,,,,,,,,,
20,PT10M21.00S,2022-12-23T01:12:06.3Z,1,REGULAR,3pt,Jump Shot,[],203468,92.9862023653088,96.07843137254902,1610612740,3,2,2022-12-23T01:12:12Z,200000,False,230.0,13.0,1,right,C. McCollum 3PT  (3 PTS) (H. Jones 1 AST),"[203468, 1630529]",1610612740.0,NOP,,,,McCollum,C. McCollum,,,,,Right Corner 3,24+ Right,23.08,Made,,,,,3.0,H. Jones,1630529.0,1.0,,,,,,,,,,
22,PT10M04.00S,2022-12-23T01:12:23.7Z,1,REGULAR,2pt,DUNK,['pointsinthepaint'],1630170,6.258212877792378,52.450980392156865,1610612759,3,2,2022-12-23T01:12:32Z,220000,False,-12.0,6.0,1,left,MISS D. Vassell cutting DUNK - blocked,"[1630170, 1630529]",1610612759.0,SAS,cutting,,,Vassell,D. Vassell,,,,,Restricted Area,0-8 Center,1.38,Missed,,,,,,,,,Jones,1630529.0,,,,,,,,
23,PT10M04.00S,2022-12-23T01:12:23.7Z,1,REGULAR,block,,[],1630529,,,1610612759,3,2,2022-12-23T01:12:26Z,230000,False,,,0,,H. Jones BLOCK (1 BLK),[1630529],1610612740.0,NOP,,,,Jones,H. Jones,,,,,Restricted Area,0-8 Center,,,,,,,,,,,,,,,,,,,,
24,PT10M04.00S,2022-12-23T01:12:23.7Z,1,REGULAR,rebound,defensive,[],203468,,,1610612740,3,2,2022-12-23T01:12:32Z,240000,False,,,0,,C. McCollum REBOUND (Off:0 Def:1),[203468],1610612740.0,NOP,,,,McCollum,C. McCollum,,,,,Restricted Area,0-8 Center,,,22.0,1.0,1.0,0.0,,,,,,,,,,,,,,
25,PT09M57.00S,2022-12-23T01:12:30.2Z,1,REGULAR,3pt,Jump Shot,[],202685,73.80091984231275,83.33333333333334,1610612740,3,2,2022-12-23T01:12:41Z,250000,False,167.0,194.0,1,right,MISS J. Valanciunas 25' 3PT,[202685],1610612740.0,NOP,,,,Valanciunas,J. Valanciunas,,,,,Above the Break 3,24+ Right Center,25.56,Missed,,,,,,,,,,,,,,,,,,
26,PT09M51.00S,2022-12-23T01:12:36.2Z,1,REGULAR,rebound,defensive,[],1630170,,,1610612759,3,2,2022-12-23T01:19:31Z,260000,False,,,0,,D. Vassell REBOUND (Off:0 Def:2),[1630170],1610612759.0,SAS,,,,Vassell,D. Vassell,,,,,Above the Break 3,24+ Right Center,,,25.0,2.0,2.0,0.0,,,,,,,,,,,,,,
29,PT09M45.00S,2022-12-23T01:12:42.0Z,1,REGULAR,turnover,bad pass,[],1630170,,,1610612759,3,2,2022-12-23T01:12:50Z,290000,False,,,0,,D. Vassell bad pass TURNOVER (1 TO),"[1630170, 1630530]",1610612759.0,SAS,,,,Vassell,D. Vassell,,,,,Above the Break 3,24+ Right Center,,,,,,,,,,,,,1.0,Murphy III,1630530.0,,,,,
30,PT09M45.00S,2022-12-23T01:12:42.0Z,1,REGULAR,steal,,[],1630530,,,1610612740,3,2,2022-12-23T01:12:45Z,300000,False,,,0,,T. Murphy III STEAL (1 STL),[1630530],1610612740.0,NOP,,,,Murphy III,T. Murphy III,,,,,Above the Break 3,24+ Right Center,,,,,,,,,,,,,,,,,,,,
32,PT09M34.00S,2022-12-23T01:13:13.1Z,1,REGULAR,2pt,Jump Shot,['fromturnover'],203468,77.61169513797634,67.8921568627451,1610612740,3,2,2022-12-23T01:13:20Z,320000,False,89.0,158.0,1,right,MISS C. McCollum 18' pullup Shot,[203468],1610612740.0,NOP,pullup,,,McCollum,C. McCollum,,,,,Mid-Range,16-24 Right Center,18.16,Missed,,,,,,,,,,,,,,,,,,
33,PT09M28.00S,2022-12-23T01:13:19.1Z,1,REGULAR,rebound,defensive,[],1627751,,,1610612759,3,2,2022-12-23T01:13:20Z,330000,False,,,0,,J. Poeltl REBOUND (Off:0 Def:1),[1627751],1610612759.0,SAS,,,,Poeltl,J. Poeltl,,,,,Mid-Range,16-24 Right Center,,,32.0,1.0,1.0,0.0,,,,,,,,,,,,,,
34,PT09M20.00S,2022-12-23T01:13:27.8Z,1,REGULAR,2pt,Layup,['pointsinthepaint'],1627751,6.521024967148489,43.872549019607845,1610612759,3,2,2022-12-23T01:13:33Z,340000,False,31.0,9.0,1,left,MISS J. Poeltl driving Layup,[1627751],1610612759.0,SAS,driving,,,Poeltl,J. Poeltl,,,,,Restricted Area,0-8 Center,3.18,Missed,,,,,,,,,,,,,,,,,,
35,PT09M18.00S,2022-12-23T01:13:29.8Z,1,REGULAR,rebound,offensive,[],1631110,,,1610612759,3,2,2022-12-23T01:13:33Z,350000,False,,,0,,J. Sochan REBOUND (Off:1 Def:1),[1631110],1610612759.0,SAS,,,,Sochan,J. Sochan,,,,,Restricted Area,0-8 Center,,,34.0,2.0,1.0,1.0,,,,,,,,,,,,,,
36,PT09M17.00S,2022-12-23T01:13:30.6Z,1,REGULAR,2pt,Layup,"['pointsinthepaint', '2ndchance']",1631110,5.863994743758213,52.69607843137255,1610612759,3,2,2022-12-23T01:13:36Z,360000,False,-13.0,3.0,1,left,MISS J. Sochan putback Layup,[1631110],1610612759.0,SAS,putback,,,Sochan,J. Sochan,,,,,Restricted Area,0-8 Center,1.37,Missed,,,,,,,,,,,,,,,,,,
37,PT09M16.00S,2022-12-23T01:13:32.3Z,1,REGULAR,rebound,offensive,[],1631110,,,1610612759,3,2,2022-12-23T01:13:32Z,370000,False,,,0,,J. Sochan REBOUND (Off:2 Def:1),[1631110],1610612759.0,SAS,,,,Sochan,J. Sochan,,,,,Restricted Area,0-8 Center,,,36.0,3.0,1.0,2.0,,,,,,,,,,,,,,
38,PT09M14.00S,2022-12-23T01:13:34.2Z,1,REGULAR,3pt,Jump Shot,['2ndchance'],1630170,26.49474375821288,79.16666666666666,1610612759,3,2,2022-12-23T01:13:39Z,380000,False,-146.0,197.0,1,left,MISS D. Vassell 24' 3PT,[1630170],1610612759.0,SAS,,,,Vassell,D. Vassell,,,,,Above the Break 3,24+ Left Center,24.48,Missed,,,,,,,,,,,,,,,,,,
39,PT09M10.00S,2022-12-23T01:13:38.2Z,1,REGULAR,rebound,defensive,[],1630230,,,1610612740,3,2,2022-12-23T01:13:39Z,390000,False,,,0,,N. Marshall REBOUND (Off:0 Def:1),[1630230],1610612740.0,NOP,,,,Marshall,N. Marshall,,,,,Above the Break 3,24+ Left Center,,,38.0,1.0,1.0,0.0,,,,,,,,,,,,,,
40,PT09M04.00S,2022-12-23T01:13:44.2Z,1,REGULAR,3pt,Jump Shot,['fastbreak'],1630230,89.83245729303549,3.6764705882352944,1610612740,6,2,2022-12-23T01:13:50Z,400000,False,-232.0,43.0,1,right,N. Marshall 3PT  (3 PTS) (C. McCollum 1 AST),"[1630230, 203468]",1610612740.0,NOP,,,,Marshall,N. Marshall,,,,,Left Corner 3,24+ Left,23.56,Made,,,,,3.0,C. McCollum,203468.0,1.0,,,,,,,,,,
42,PT08M43.00S,2022-12-23T01:14:04.9Z,1,REGULAR,2pt,Jump Shot,[],1630170,11.514454664914586,19.607843137254903,1610612759,6,2,2022-12-23T01:14:08Z,420000,False,152.0,56.0,1,left,MISS D. Vassell 16' pullup Shot,[1630170],1610612759.0,SAS,pullup,,,Vassell,D. Vassell,,,,,Mid-Range,16-24 Right,16.19,Missed,,,,,,,,,,,,,,,,,,
43,PT08M40.00S,2022-12-23T01:14:07.9Z,1,REGULAR,rebound,defensive,[],202685,,,1610612740,6,2,2022-12-23T01:14:08Z,430000,False,,,0,,J. Valanciunas REBOUND (Off:0 Def:2),[202685],1610612740.0,NOP,,,,Valanciunas,J. Valanciunas,,,,,Mid-Range,16-24 Right,,,42.0,2.0,2.0,0.0,,,,,,,,,,,,,,
44,PT08M32.00S,2022-12-23T01:14:15.4Z,1,REGULAR,2pt,Layup,['pointsinthepaint'],203468,94.1688567674113,53.18627450980392,1610612740,6,2,2022-12-23T01:14:27Z,440000,False,16.0,2.0,1,right,MISS C. McCollum driving finger roll Layup,[203468],1610612740.0,NOP,driving finger roll,,,McCollum,C. McCollum,,,,,Restricted Area,0-8 Center,1.61,Missed,,,,,,,,,,,,,,,,,,
45,PT08M30.00S,2022-12-23T01:14:17.4Z,1,REGULAR,rebound,offensive,[],202685,,,1610612740,6,2,2022-12-23T01:14:27Z,450000,False,,,0,,J. Valanciunas REBOUND (Off:1 Def:2),[202685],1610612740.0,NOP,,,,Valanciunas,J. Valanciunas,,,,,Restricted Area,0-8 Center,,,44.0,3.0,2.0,1.0,,,,,,,,,,,,,,
46,PT08M30.00S,2022-12-23T01:14:17.7Z,1,REGULAR,2pt,Layup,"['2ndchance', 'pointsinthepaint']",202685,94.40999984741211,50.0,1610612740,6,2,2022-12-23T01:15:13Z,460000,False,0.0,0.0,1,right,MISS J. Valanciunas tip Layup,[202685],1610612740.0,NOP,tip,,,Valanciunas,J. Valanciunas,,,,,Restricted Area,0-8 Center,0.0,Missed,,,,,,,,,,,,,,,,,,
47,PT08M29.00S,2022-12-23T01:14:18.7Z,1,REGULAR,rebound,defensive,[],1629641,,,1610612759,6,2,2022-12-23T01:15:13Z,470000,False,,,0,,R. Langford REBOUND (Off:1 Def:1),[1629641],1610612759.0,SAS,,,,Langford,R. Langford,,,,,Restricted Area,0-8 Center,,,46.0,2.0,1.0,1.0,,,,,,,,,,,,,,
48,PT08M28.00S,2022-12-23T01:14:23.6Z,1,REGULAR,turnover,out-of-bounds,[],1629641,,,1610612759,6,2,2022-12-23T01:14:33Z,480000,False,,,0,,R. Langford bad pass out-of-bounds TURNOVER (1 TO),[1629641],1610612759.0,SAS,bad pass,,,Langford,R. Langford,,,,,Mid-Range,8-16 Right,,,,,,,,,,,,,1.0,,,1628171.0,,,,
49,PT08M20.00S,2022-12-23T01:14:48.5Z,1,REGULAR,2pt,Jump Shot,['fromturnover'],1630530,78.53153745072274,47.30392156862745,1610612740,6,2,2022-12-23T01:14:58Z,490000,False,-13.0,149.0,1,right,MISS T. Murphy III 14' step back Shot,[1630530],1610612740.0,NOP,step back,,,Murphy III,T. Murphy III,,,,,Mid-Range,8-16 Center,14.99,Missed,,,,,,,,,,,,,,,,,,
50,PT08M19.00S,2022-12-23T01:14:49.5Z,1,REGULAR,rebound,offensive,['team'],0,,,1610612740,6,2,2022-12-23T01:14:58Z,500000,False,,,0,,TEAM offensive REBOUND,[],1610612740.0,NOP,,,,,,,,,,Mid-Range,8-16 Center,,,49.0,,,,,,,,,,,,,,,,,
51,PT08M19.00S,2022-12-23T01:14:55.3Z,1,REGULAR,foul,personal,[],1627751,,,1610612740,6,2,2022-12-23T01:14:59Z,510000,False,,,0,,J. Poeltl loose ball personal FOUL (1 PF),"[1627751, 202685]",1610612759.0,SAS,loose ball,,,Poeltl,J. Poeltl,,,,,Restricted Area,0-8 Center,,,,,,,,,,,,,,,,200832.0,1.0,0.0,Valanciunas,202685.0
53,PT08M11.00S,2022-12-23T01:15:20.9Z,1,REGULAR,3pt,Jump Shot,"['fromturnover', '2ndchance']",1630530,72.09264126149803,14.950980392156863,1610612740,6,2,2022-12-23T01:15:25Z,530000,False,-175.0,210.0,1,right,MISS T. Murphy III 27' 3PT,[1630530],1610612740.0,NOP,,,,Murphy III,T. Murphy III,,,,,Above the Break 3,24+ Left Center,27.33,Missed,,,,,,,,,,,,,,,,,,
54,PT08M09.00S,2022-12-23T01:15:22.9Z,1,REGULAR,rebound,offensive,[],1630230,,,1610612740,6,2,2022-12-23T01:15:25Z,540000,False,,,0,,N. Marshall REBOUND (Off:1 Def:1),[1630230],1610612740.0,NOP,,,,Marshall,N. Marshall,,,,,Above the Break 3,24+ Left Center,,,53.0,2.0,1.0,1.0,,,,,,,,,,,,,,
55,PT08M07.00S,2022-12-23T01:15:25.6Z,1,REGULAR,3pt,Jump Shot,"['fromturnover', '2ndchance']",203468,66.17936925098554,48.529411764705884,1610612740,9,2,2022-12-23T01:15:30Z,550000,False,-7.0,265.0,1,right,C. McCollum 26' 3PT  (6 PTS) (N. Marshall 1 AST),"[203468, 1630230]",1610612740.0,NOP,,,,McCollum,C. McCollum,,,,,Above the Break 3,24+ Center,26.55,Made,,,,,6.0,N. Marshall,1630230.0,1.0,,,,,,,,,,
57,PT07M56.00S,2022-12-23T01:15:38.9Z,1,REGULAR,foul,offensive,[],1627751,,,1610612759,9,2,2022-12-23T01:15:55Z,570000,False,,,0,,J. Poeltl charge offensive FOUL (2 PF),"[1627751, 1630529]",1610612759.0,SAS,charge,,,Poeltl,J. Poeltl,,,,,In The Paint (Non-RA),8-16 Center,,,,,,,,,,,,,,,,200832.0,2.0,0.0,Jones,1630529.0
59,PT07M56.00S,2022-12-23T01:15:38.9Z,1,REGULAR,turnover,offensive foul,[],1627751,,,1610612759,9,2,2022-12-23T01:15:38Z,590000,False,,,0,,J. Poeltl offensive foul TURNOVER (1 TO),[1627751],1610612759.0,SAS,,,,Poeltl,J. Poeltl,,,,,In The Paint (Non-RA),8-16 Center,,,,,,,,,,,,,1.0,,,200832.0,,,,
60,PT07M56.00S,2022-12-23T01:15:51.8Z,1,REGULAR,substitution,out,[],1627751,,,1610612740,9,2,2022-12-23T01:15:58Z,600000,False,,,0,,SUB out: J. Poeltl,[1627751],1610612759.0,SAS,,,,Poeltl,J. Poeltl,,,,,,,,,,,,,,,,,,,,,,,,,,
61,PT07M56.00S,2022-12-23T01:15:51.8Z,1,REGULAR,substitution,in,[],1628380,,,1610612740,9,2,2022-12-23T01:15:58Z,610000,False,,,0,,SUB in: Z. Collins,[1628380],1610612759.0,SAS,,,,Collins,Z. Collins,,,,,,,,,,,,,,,,,,,,,,,,,,
62,PT07M48.00S,2022-12-23T01:16:07.4Z,1,REGULAR,3pt,Jump Shot,['fromturnover'],203468,78.13731931668858,92.8921568627451,1610612740,12,2,2022-12-23T01:16:11Z,620000,False,214.0,153.0,1,right,C. McCollum 26' 3PT  (9 PTS) (T. Murphy III 1 AST),"[203468, 1630530]",1610612740.0,NOP,,,,McCollum,C. McCollum,,,,,Above the Break 3,24+ Right Center,26.35,Made,,,,,9.0,T. Murphy III,1630530.0,1.0,,,,,,,,,,
64,PT07M46.00S,2022-12-23T01:16:17.5Z,1,REGULAR,timeout,full,"['team', 'mandatory']",0,,,1610612759,12,2,2022-12-23T01:16:17Z,640000,False,,,0,,SAS Timeout,[],1610612759.0,SAS,,,,,,,,,,,,,,,,,,,,,,,,,,,,,,,
65,PT07M30.00S,2022-12-23T01:19:26.5Z,1,REGULAR,3pt,Jump Shot,[],1630200,14.011169513797633,97.05882352941177,1610612759,12,2,2022-12-23T01:19:41Z,650000,False,-235.0,79.0,1,left,MISS T. Jones 24' 3PT,[1630200],1610612759.0,SAS,,,,Jones,T. Jones,,,,,Left Corner 3,24+ Left,24.83,Missed,,,,,,,,,,,,,,,,,,
66,PT07M27.00S,2022-12-23T01:19:29.9Z,1,REGULAR,rebound,defensive,[],203468,,,1610612740,12,2,2022-12-23T01:19:29Z,660000,False,,,0,,C. McCollum REBOUND (Off:0 Def:2),[203468],1610612740.0,NOP,,,,McCollum,C. McCollum,,,,,Left Corner 3,24+ Left,,,65.0,2.0,2.0,0.0,,,,,,,,,,,,,,
67,PT07M22.00S,2022-12-23T01:19:34.8Z,1,REGULAR,turnover,bad pass,[],203468,,,1610612740,12,2,2022-12-23T01:19:43Z,670000,False,,,0,,C. McCollum bad pass TURNOVER (1 TO),"[203468, 1630170]",1610612740.0,NOP,,,,McCollum,C. McCollum,,,,,In The Paint (Non-RA),0-8 Center,,,,,,,,,,,,,1.0,Vassell,1630170.0,,,,,
68,PT07M22.00S,2022-12-23T01:19:34.8Z,1,REGULAR,steal,,[],1630170,,,1610612759,12,2,2022-12-23T01:19:37Z,680000,False,,,0,,D. Vassell STEAL (1 STL),[1630170],1610612759.0,SAS,,,,Vassell,D. Vassell,,,,,In The Paint (Non-RA),0-8 Center,,,,,,,,,,,,,,,,,,,,
69,PT07M16.00S,2022-12-23T01:19:39.8Z,1,REGULAR,2pt,Layup,"['pointsinthepaint', 'fromturnover']",1630200,5.995400788436268,45.588235294117645,1610612759,12,4,2022-12-23T01:19:50Z,690000,False,22.0,4.0,1,left,T. Jones running Layup (4 PTS) (D. Vassell 1 AST),"[1630200, 1630170]",1610612759.0,SAS,running,,,Jones,T. Jones,,,,,Restricted Area,0-8 Center,2.24,Made,,,,,4.0,D. Vassell,1630170.0,1.0,,,,,,,,,,
71,PT06M47.00S,2022-12-23T01:20:08.4Z,1,REGULAR,2pt,Layup,['pointsinthepaint'],202685,92.59198423127464,53.92156862745098,1610612740,12,4,2022-12-23T01:27:46Z,710000,False,20.0,17.0,1,right,MISS J. Valanciunas Layup,[202685],1610612740.0,NOP,,,,Valanciunas,J. Valanciunas,,,,,Restricted Area,0-8 Center,2.6,Missed,,,,,,,,,,,,,,,,,,
72,PT06M45.00S,2022-12-23T01:20:10.4Z,1,REGULAR,rebound,offensive,[],202685,,,1610612740,12,4,2022-12-23T01:27:46Z,720000,False,,,0,,J. Valanciunas REBOUND (Off:2 Def:2),[202685],1610612740.0,NOP,,,,Valanciunas,J. Valanciunas,,,,,Restricted Area,0-8 Center,,,71.0,4.0,2.0,2.0,,,,,,,,,,,,,,
230,PT06M44.00S,2022-12-23T01:20:13.1Z,1,REGULAR,2pt,Layup,"['pointsinthepaint', '2ndchance']",202685,91.80354796320631,51.225490196078425,1610612740,12,4,2022-12-23T01:43:47Z,725000,False,6.0,25.0,1,right,MISS J. Valanciunas tip Layup,[202685],1610612740.0,NOP,tip,,,Valanciunas,J. Valanciunas,,,,,Restricted Area,0-8 Center,2.52,Missed,,,,,,,,,,,,,,,,,,
231,PT06M43.00S,2022-12-23T01:20:14.1Z,1,REGULAR,rebound,offensive,[],202685,,,1610612740,12,4,2022-12-23T01:43:47Z,727500,False,,,0,,J. Valanciunas REBOUND (Off:3 Def:2),[202685],1610612740.0,NOP,,,,Valanciunas,J. Valanciunas,,,,,Restricted Area,0-8 Center,,,230.0,5.0,2.0,3.0,,,,,,,,,,,,,,
73,PT06M41.00S,2022-12-23T01:20:17.8Z,1,REGULAR,turnover,out-of-bounds,[],1630529,,,1610612740,12,4,2022-12-23T01:20:23Z,730000,False,,,0,,H. Jones bad pass out-of-bounds TURNOVER (1 TO),[1630529],1610612740.0,NOP,bad pass,,,Jones,H. Jones,,,,,Above the Break 3,24+ Left Center,,,,,,,,,,,,,1.0,,,1628171.0,,,,
74,PT06M41.00S,2022-12-23T01:20:20.9Z,1,REGULAR,substitution,out,[],202685,,,1610612759,12,4,2022-12-23T01:20:35Z,740000,False,,,0,,SUB out: J. Valanciunas,[202685],1610612740.0,NOP,,,,Valanciunas,J. Valanciunas,,,,,,,,,,,,,,,,,,,,,,,,,,
75,PT06M41.00S,2022-12-23T01:20:20.9Z,1,REGULAR,substitution,out,[],1630170,,,1610612759,12,4,2022-12-23T01:20:35Z,750000,False,,,0,,SUB out: D. Vassell,[1630170],1610612759.0,SAS,,,,Vassell,D. Vassell,,,,,,,,,,,,,,,,,,,,,,,,,,
76,PT06M41.00S,2022-12-23T01:20:20.9Z,1,REGULAR,substitution,out,[],1630200,,,1610612759,12,4,2022-12-23T01:20:35Z,760000,False,,,0,,SUB out: T. Jones,[1630200],1610612759.0,SAS,,,,Jones,T. Jones,,,,,,,,,,,,,,,,,,,,,,,,,,
77,PT06M41.00S,2022-12-23T01:20:20.9Z,1,REGULAR,substitution,in,[],1626195,,,1610612759,12,4,2022-12-23T01:20:35Z,770000,False,,,0,,SUB in: W. Hernangomez,[1626195],1610612740.0,NOP,,,,Hernangomez,W. Hernangomez,,,,,,,,,,,,,,,,,,,,,,,,,,
78,PT06M41.00S,2022-12-23T01:20:20.9Z,1,REGULAR,substitution,in,[],203926,,,1610612759,12,4,2022-12-23T01:20:35Z,780000,False,,,0,,SUB in: D. McDermott,[203926],1610612759.0,SAS,,,,McDermott,D. McDermott,,,,,,,,,,,,,,,,,,,,,,,,,,
79,PT06M41.00S,2022-12-23T01:20:20.9Z,1,REGULAR,substitution,in,[],1626196,,,1610612759,12,4,2022-12-23T01:20:35Z,790000,False,,,0,,SUB in: J. Richardson,[1626196],1610612759.0,SAS,,,,Richardson,J. Richardson,,,,,,,,,,,,,,,,,,,,,,,,,,
80,PT06M25.00S,2022-12-23T01:20:53.2Z,1,REGULAR,2pt,Jump Shot,"['pointsinthepaint', 'fromturnover']",203926,11.383048620236531,53.431372549019606,1610612759,12,4,2022-12-23T01:21:14Z,800000,False,-17.0,55.0,1,left,MISS D. McDermott driving floating Shot,[203926],1610612759.0,SAS,driving floating,,,McDermott,D. McDermott,,,,,In The Paint (Non-RA),0-8 Center,5.71,Missed,,,,,,,,,,,,,,,,,,
81,PT06M24.00S,2022-12-23T01:20:54.2Z,1,REGULAR,rebound,defensive,['team'],0,,,1610612740,12,4,2022-12-23T01:21:14Z,810000,False,,,0,,TEAM defensive REBOUND,[],1610612740.0,NOP,,,,,,,,,,In The Paint (Non-RA),0-8 Center,,,80.0,,,,,,,,,,,,,,,,,
83,PT06M13.00S,2022-12-23T01:21:12.1Z,1,REGULAR,3pt,Jump Shot,[],203468,71.48488830486203,18.160232843137255,1610612740,12,4,2022-12-23T01:45:29Z,830000,False,-159.0,216.0,1,right,MISS C. McCollum 26' pullup 3PT,[203468],1610612740.0,NOP,pullup,,,McCollum,C. McCollum,,,,,Above the Break 3,24+ Left Center,26.79,Missed,,,,,,,,,,,,,,,,,,
84,PT06M13.00S,2022-12-23T01:21:12.1Z,1,REGULAR,rebound,defensive,[],1631110,,,1610612759,12,4,2022-12-23T01:21:25Z,840000,False,,,0,,J. Sochan REBOUND (Off:2 Def:2),[1631110],1610612759.0,SAS,,,,Sochan,J. Sochan,,,,,Above the Break 3,24+ Left Center,,,83.0,4.0,2.0,2.0,,,,,,,,,,,,,,
85,PT06M05.00S,2022-12-23T01:21:19.4Z,1,REGULAR,3pt,Jump Shot,['fastbreak'],1626196,23.866622864651774,88.72549019607843,1610612759,12,7,2022-12-23T01:21:33Z,850000,False,-194.0,172.0,1,left,J. Richardson 25' 3PT  (3 PTS) (J. Sochan 1 AST),"[1626196, 1631110]",1610612759.0,SAS,,,,Richardson,J. Richardson,,,,,Above the Break 3,24+ Left Center,25.88,Made,,,,,3.0,J. Sochan,1631110.0,1.0,,,,,,,,,,
87,PT05M54.00S,2022-12-23T01:21:34.5Z,1,REGULAR,2pt,Layup,['pointsinthepaint'],1630530,92.46057818659659,54.65686274509803,1610612740,14,7,2022-12-23T01:21:53Z,870000,False,23.0,18.0,1,right,T. Murphy III driving Layup (2 PTS) (C. McCollum 2 AST),"[1630530, 203468]",1610612740.0,NOP,driving,,,Murphy III,T. Murphy III,,,,,Restricted Area,0-8 Center,2.97,Made,,,,,2.0,C. McCollum,203468.0,2.0,,,,,,,,,,
89,PT05M54.00S,2022-12-23T01:21:37.2Z,1,REGULAR,foul,personal,['1freethrow'],1628380,,,1610612740,14,7,2022-12-23T01:21:57Z,890000,False,,,0,,Z. Collins shooting personal FOUL (1 PF) (Murphy III 1 FT),"[1628380, 1630530]",1610612759.0,SAS,shooting,,,Collins,Z. Collins,,,,,Restricted Area,0-8 Center,,,,,,,,,,,,,,,,1628171.0,1.0,0.0,Murphy III,1630530.0
91,PT05M54.00S,2022-12-23T01:21:47.7Z,1,REGULAR,substitution,out,[],1630230,,,1610612740,14,7,2022-12-23T01:21:55Z,910000,False,,,0,,SUB out: N. Marshall,[1630230],1610612740.0,NOP,,,,Marshall,N. Marshall,,,,,,,,,,,,,,,,,,,,,,,,,,
92,PT05M54.00S,2022-12-23T01:21:47.7Z,1,REGULAR,substitution,out,[],1629641,,,1610612740,14,7,2022-12-23T01:21:55Z,920000,False,,,0,,SUB out: R. Langford,[1629641],1610612759.0,SAS,,,,Langford,R. Langford,,,,,,,,,,,,,,,,,,,,,,,,,,
93,PT05M54.00S,2022-12-23T01:21:47.7Z,1,REGULAR,substitution,in,[],1630700,,,1610612740,14,7,2022-12-23T01:21:55Z,930000,False,,,0,,SUB in: D. Daniels,[1630700],1610612740.0,NOP,,,,Daniels,D. Daniels,,,,,,,,,,,,,,,,,,,,,,,,,,
94,PT05M54.00S,2022-12-23T01:21:47.7Z,1,REGULAR,substitution,in,[],1631103,,,1610612740,14,7,2022-12-23T01:21:55Z,940000,False,,,0,,SUB in: M. Branham,[1631103],1610612759.0,SAS,,,,Branham,M. Branham,,,,,,,,,,,,,,,,,,,,,,,,,,
95,PT05M54.00S,2022-12-23T01:22:04.1Z,1,REGULAR,freethrow,1 of 1,[],1630530,,,1610612740,14,7,2022-12-23T01:22:10Z,950000,False,,,0,,MISS T. Murphy III Free Throw 1 of 1,[1630530],1610612740.0,NOP,,,,Murphy III,T. Murphy III,,,,,,,,Missed,,,,,,,,,,,,,,,,,,
96,PT05M50.00S,2022-12-23T01:22:08.1Z,1,REGULAR,rebound,defensive,[],203926,,,1610612759,14,7,2022-12-23T01:22:10Z,960000,False,,,0,,D. McDermott REBOUND (Off:0 Def:1),[203926],1610612759.0,SAS,,,,McDermott,D. McDermott,,,,,,,,,95.0,1.0,1.0,0.0,,,,,,,,,,,,,,
97,PT05M41.00S,2022-12-23T01:22:15.8Z,1,REGULAR,3pt,Jump Shot,[],203926,5.601182654402102,94.85294117647058,1610612759,14,7,2022-12-23T01:22:20Z,970000,False,-224.0,0.0,1,left,MISS D. McDermott 3PT,[203926],1610612759.0,SAS,,,,McDermott,D. McDermott,,,,,Left Corner 3,24+ Left,22.43,Missed,,,,,,,,,,,,,,,,,,
98,PT05M38.00S,2022-12-23T01:22:18.8Z,1,REGULAR,rebound,defensive,[],203468,,,1610612740,14,7,2022-12-23T01:22:20Z,980000,False,,,0,,C. McCollum REBOUND (Off:0 Def:3),[203468],1610612740.0,NOP,,,,McCollum,C. McCollum,,,,,Left Corner 3,24+ Left,,,97.0,3.0,3.0,0.0,,,,,,,,,,,,,,
99,PT05M35.00S,2022-12-23T01:22:22.4Z,1,REGULAR,2pt,DUNK,"['pointsinthepaint', 'fastbreak']",1630530,92.85479632063075,50.73529411764706,1610612740,16,7,2022-12-23T01:22:29Z,990000,False,4.0,15.0,1,right,T. Murphy III cutting DUNK (4 PTS) (C. McCollum 3 AST),"[1630530, 203468]",1610612740.0,NOP,cutting,,,Murphy III,T. Murphy III,,,,,Restricted Area,0-8 Center,1.52,Made,,,,,4.0,C. McCollum,203468.0,3.0,,,,,,,,,,
101,PT05M14.00S,2022-12-23T01:22:43.1Z,1,REGULAR,2pt,Hook,['pointsinthepaint'],1628380,5.863994743758213,56.372549019607845,1610612759,16,7,2022-12-23T01:22:48Z,1010000,False,-32.0,3.0,1,left,MISS Z. Collins turnaround Hook,[1628380],1610612759.0,SAS,turnaround,,,Collins,Z. Collins,,,,,Restricted Area,0-8 Center,3.2,Missed,,,,,,,,,,,,,,,,,,
102,PT05M12.00S,2022-12-23T01:22:45.1Z,1,REGULAR,rebound,defensive,[],203468,,,1610612740,16,7,2022-12-23T01:22:48Z,1020000,False,,,0,,C. McCollum REBOUND (Off:0 Def:4),[203468],1610612740.0,NOP,,,,McCollum,C. McCollum,,,,,Restricted Area,0-8 Center,,,101.0,4.0,4.0,0.0,,,,,,,,,,,,,,
103,PT05M10.00S,2022-12-23T01:22:51.8Z,1,REGULAR,turnover,out-of-bounds,[],203468,,,1610612740,16,7,2022-12-23T01:22:56Z,1030000,False,,,0,,C. McCollum bad pass out-of-bounds TURNOVER (2 TO),[203468],1610612740.0,NOP,bad pass,,,McCollum,C. McCollum,,,,,Mid-Range,16-24 Center,,,,,,,,,,,,,2.0,,,200832.0,,,,
104,PT04M56.00S,2022-12-23T01:23:32.4Z,1,REGULAR,2pt,Layup,"['pointsinthepaint', 'fromturnover']",1631110,10.200394218134035,50.49019607843137,1610612759,16,9,2022-12-23T01:23:36Z,1040000,False,-2.0,43.0,1,left,J. Sochan cutting Layup (2 PTS) (Z. Collins 1 AST),"[1631110, 1628380]",1610612759.0,SAS,cutting,,,Sochan,J. Sochan,,,,,Restricted Area,0-8 Center,4.35,Made,,,,,2.0,Z. Collins,1628380.0,1.0,,,,,,,,,,
106,PT04M44.00S,2022-12-23T01:23:45.3Z,1,REGULAR,2pt,DUNK,['pointsinthepaint'],1626195,93.38042049934296,50.245098039215684,1610612740,18,9,2022-12-23T01:23:49Z,1060000,False,1.0,10.0,1,right,W. Hernangomez cutting DUNK (2 PTS) (D. Daniels 1 AST),"[1626195, 1630700]",1610612740.0,NOP,cutting,,,Hernangomez,W. Hernangomez,,,,,Restricted Area,0-8 Center,0.98,Made,,,,,2.0,D. Daniels,1630700.0,1.0,,,,,,,,,,
108,PT04M32.00S,2022-12-23T01:23:56.4Z,1,REGULAR,2pt,Layup,['pointsinthepaint'],203926,4.812746386333772,46.81372549019608,1610612759,18,11,2022-12-23T01:24:03Z,1080000,False,16.0,-7.0,1,left,D. McDermott reverse Layup (2 PTS) (J. Sochan 2 AST),"[203926, 1631110]",1610612759.0,SAS,reverse,,,McDermott,D. McDermott,,,,,Restricted Area,0-8 Center,1.75,Made,,,,,2.0,J. Sochan,1631110.0,2.0,,,,,,,,,,
110,PT04M22.00S,2022-12-23T01:24:06.8Z,1,REGULAR,3pt,Jump Shot,[],1630530,87.33574244415243,96.56862745098039,1610612740,21,11,2022-12-23T01:24:11Z,1100000,False,233.0,67.0,1,right,T. Murphy III 24' 3PT  (7 PTS) (W. Hernangomez 1 AST),"[1630530, 1626195]",1610612740.0,NOP,,,,Murphy III,T. Murphy III,,,,,Right Corner 3,24+ Right,24.21,Made,,,,,7.0,W. Hernangomez,1626195.0,1.0,,,,,,,,,,
112,PT04M12.00S,2022-12-23T01:24:16.6Z,1,REGULAR,3pt,Jump Shot,[],203926,33.065045992115635,44.36274509803921,1610612759,21,11,2022-12-23T01:24:25Z,1120000,False,28.0,258.0,1,left,MISS D. McDermott 25' 3PT,[203926],1610612759.0,SAS,,,,McDermott,D. McDermott,,,,,Above the Break 3,24+ Center,25.98,Missed,,,,,,,,,,,,,,,,,,
113,PT04M07.00S,2022-12-23T01:24:22.5Z,1,REGULAR,rebound,offensive,[],1626196,,,1610612759,21,11,2022-12-23T01:24:22Z,1130000,False,,,0,,J. Richardson REBOUND (Off:1 Def:0),[1626196],1610612759.0,SAS,,,,Richardson,J. Richardson,,,,,Above the Break 3,24+ Center,,,112.0,1.0,0.0,1.0,,,,,,,,,,,,,,
114,PT03M59.00S,2022-12-23T01:24:29.6Z,1,REGULAR,2pt,Jump Shot,['2ndchance'],1626196,23.866622864651774,55.88235294117647,1610612759,21,11,2022-12-23T01:24:34Z,1140000,False,-29.0,172.0,1,left,MISS J. Richardson 17' pullup Shot,[1626196],1610612759.0,SAS,pullup,,,Richardson,J. Richardson,,,,,Mid-Range,16-24 Center,17.43,Missed,,,,,,,,,,,,,,,,,,
115,PT03M56.00S,2022-12-23T01:24:32.6Z,1,REGULAR,rebound,offensive,[],1628380,,,1610612759,21,11,2022-12-23T01:24:34Z,1150000,False,,,0,,Z. Collins REBOUND (Off:1 Def:0),[1628380],1610612759.0,SAS,,,,Collins,Z. Collins,,,,,Mid-Range,16-24 Center,,,114.0,1.0,0.0,1.0,,,,,,,,,,,,,,
117,PT03M56.00S,2022-12-23T01:24:38.7Z,1,REGULAR,substitution,out,[],1630529,,,1610612759,21,11,2022-12-23T01:24:44Z,1170000,False,,,0,,SUB out: H. Jones,[1630529],1610612740.0,NOP,,,,Jones,H. Jones,,,,,,,,,,,,,,,,,,,,,,,,,,
118,PT03M56.00S,2022-12-23T01:24:38.7Z,1,REGULAR,substitution,in,[],1630631,,,1610612759,21,11,2022-12-23T01:24:44Z,1180000,False,,,0,,SUB in: J. Alvarado,[1630631],1610612740.0,NOP,,,,Alvarado,J. Alvarado,,,,,,,,,,,,,,,,,,,,,,,,,,
119,PT03M50.00S,2022-12-23T01:24:59.6Z,1,REGULAR,2pt,Jump Shot,['2ndchance'],1631103,20.45006570302234,27.205882352941174,1610612759,21,13,2022-12-23T01:25:04Z,1190000,False,114.0,140.0,1,left,M. Branham 18' pullup Jump Shot (2 PTS),[1631103],1610612759.0,SAS,pullup,,,Branham,M. Branham,,,,,Mid-Range,16-24 Right Center,18.03,Made,,,,,2.0,,,,,,,,,,,,,
120,PT03M36.00S,2022-12-23T01:25:12.3Z,1,REGULAR,3pt,Jump Shot,[],1630631,95.48291721419186,96.07843137254902,1610612740,21,13,2022-12-23T01:25:24Z,1200000,False,230.0,-10.0,1,right,MISS J. Alvarado 3PT,[1630631],1610612740.0,NOP,,,,Alvarado,J. Alvarado,,,,,Right Corner 3,24+ Right,23.06,Missed,,,,,,,,,,,,,,,,,,
121,PT03M33.00S,2022-12-23T01:25:15.3Z,1,REGULAR,rebound,offensive,[],1626195,,,1610612740,21,13,2022-12-23T01:25:24Z,1210000,False,,,0,,W. Hernangomez REBOUND (Off:1 Def:0),[1626195],1610612740.0,NOP,,,,Hernangomez,W. Hernangomez,,,,,Right Corner 3,24+ Right,,,120.0,1.0,0.0,1.0,,,,,,,,,,,,,,
122,PT03M33.00S,2022-12-23T01:25:21.7Z,1,REGULAR,2pt,Layup,"['pointsinthepaint', '2ndchance']",1626195,94.40999984741211,50.0,1610612740,23,13,2022-12-23T01:25:21Z,1220000,False,0.0,0.0,1,right,W. Hernangomez putback Layup (4 PTS),[1626195],1610612740.0,NOP,putback,,,Hernangomez,W. Hernangomez,,,,,Mid-Range,8-16 Left,0.0,Made,,,,,4.0,,,,,,,,,,,,,
123,PT03M33.00S,2022-12-23T01:25:22.9Z,1,REGULAR,foul,personal,['1freethrow'],1628380,,,1610612740,23,13,2022-12-23T01:25:33Z,1230000,False,,,0,,Z. Collins shooting personal FOUL (2 PF) (Hernangomez 1 FT),"[1628380, 1626195]",1610612759.0,SAS,shooting,,,Collins,Z. Collins,,,,,Restricted Area,0-8 Center,,,,,,,,,,,,,,,,1201.0,2.0,0.0,Hernangomez,1626195.0
125,PT03M33.00S,2022-12-23T01:25:50.6Z,1,REGULAR,freethrow,1 of 1,['2ndchance'],1626195,,,1610612740,24,13,2022-12-23T01:25:50Z,1250000,False,,,0,,W. Hernangomez Free Throw 1 of 1 (5 PTS),[1626195],1610612740.0,NOP,,,,Hernangomez,W. Hernangomez,,,,,,,,Made,,,,,5.0,,,,,,,,,,,,,
126,PT03M23.00S,2022-12-23T01:26:09.7Z,1,REGULAR,foul,personal,['2freethrow'],1630530,,,1610612759,24,13,2022-12-23T01:26:15Z,1260000,False,,,0,,T. Murphy III shooting personal FOUL (1 PF) (Sochan 2 FT),"[1630530, 1631110]",1610612740.0,NOP,shooting,,,Murphy III,T. Murphy III,,,,,Restricted Area,0-8 Center,,,,,,,,,,,,,,,,1628171.0,1.0,0.0,Sochan,1631110.0
128,PT03M23.00S,2022-12-23T01:26:27.8Z,1,REGULAR,freethrow,1 of 2,[],1631110,,,1610612759,24,13,2022-12-23T01:26:27Z,1280000,False,,,0,,MISS J. Sochan Free Throw 1 of 2,[1631110],1610612759.0,SAS,,,,Sochan,J. Sochan,,,,,,,,Missed,,,,,,,,,,,,,,,,,,
129,PT03M23.00S,2022-12-23T01:26:27.8Z,1,REGULAR,rebound,offensive,"['deadball', 'team']",0,,,1610612759,24,13,2022-12-23T01:26:27Z,1290000,False,,,0,,TEAM offensive REBOUND,[],1610612759.0,SAS,,,,,,,,,,,,,,128.0,,,,,,,,,,,,,,,,,
130,PT03M23.00S,2022-12-23T01:26:33.2Z,1,REGULAR,substitution,out,[],1631103,,,1610612759,24,13,2022-12-23T01:26:38Z,1300000,False,,,0,,SUB out: M. Branham,[1631103],1610612759.0,SAS,,,,Branham,M. Branham,,,,,,,,,,,,,,,,,,,,,,,,,,
131,PT03M23.00S,2022-12-23T01:26:33.2Z,1,REGULAR,substitution,in,[],1630170,,,1610612759,24,13,2022-12-23T01:26:38Z,1310000,False,,,0,,SUB in: D. Vassell,[1630170],1610612759.0,SAS,,,,Vassell,D. Vassell,,,,,,,,,,,,,,,,,,,,,,,,,,
132,PT03M23.00S,2022-12-23T01:26:48.8Z,1,REGULAR,freethrow,2 of 2,[],1631110,,,1610612759,24,14,2022-12-23T01:26:48Z,1320000,False,,,0,,J. Sochan Free Throw 2 of 2 (3 PTS),[1631110],1610612759.0,SAS,,,,Sochan,J. Sochan,,,,,,,,Made,,,,,3.0,,,,,,,,,,,,,
133,PT03M11.00S,2022-12-23T01:27:02.3Z,1,REGULAR,2pt,Layup,['pointsinthepaint'],1630631,92.72339027595268,52.450980392156865,1610612740,26,14,2022-12-23T01:28:34Z,1330000,False,12.0,16.0,1,right,J. Alvarado driving Layup (2 PTS) (W. Hernangomez 2 AST),"[1630631, 1626195]",1610612740.0,NOP,driving,,,Alvarado,J. Alvarado,,,,,Restricted Area,0-8 Center,2.01,Made,,,,,2.0,W. Hernangomez,1626195.0,2.0,,,,,,,,,,
136,PT03M02.00S,2022-12-23T01:27:11.4Z,1,REGULAR,turnover,bad pass,[],1631110,,,1610612759,26,14,2022-12-23T01:27:21Z,1360000,False,,,0,,J. Sochan bad pass TURNOVER (1 TO),"[1631110, 1630631]",1610612759.0,SAS,,,,Sochan,J. Sochan,,,,,Mid-Range,16-24 Left Center,,,,,,,,,,,,,1.0,Alvarado,1630631.0,,,,,
137,PT03M02.00S,2022-12-23T01:27:11.4Z,1,REGULAR,steal,,[],1630631,,,1610612740,26,14,2022-12-23T01:27:15Z,1370000,False,,,0,,J. Alvarado STEAL (1 STL),[1630631],1610612740.0,NOP,,,,Alvarado,J. Alvarado,,,,,Mid-Range,16-24 Left Center,,,,,,,,,,,,,,,,,,,,
138,PT02M56.00S,2022-12-23T01:27:17.2Z,1,REGULAR,3pt,Jump Shot,['fromturnover'],1630631,78.53153745072274,7.8431372549019605,1610612740,26,14,2022-12-23T01:27:26Z,1380000,False,-211.0,149.0,1,right,MISS J. Alvarado 25' 3PT,[1630631],1610612740.0,NOP,,,,Alvarado,J. Alvarado,,,,,Above the Break 3,24+ Left Center,25.83,Missed,,,,,,,,,,,,,,,,,,
139,PT02M54.00S,2022-12-23T01:27:19.7Z,1,REGULAR,rebound,defensive,[],203926,,,1610612759,26,14,2022-12-23T01:27:19Z,1390000,False,,,0,,D. McDermott REBOUND (Off:0 Def:2),[203926],1610612759.0,SAS,,,,McDermott,D. McDermott,,,,,Above the Break 3,24+ Left Center,,,138.0,2.0,2.0,0.0,,,,,,,,,,,,,,
140,PT02M51.00S,2022-12-23T01:27:22.1Z,1,REGULAR,3pt,Jump Shot,['fastbreak'],1626196,26.62614980289093,88.48039215686273,1610612759,26,14,2022-12-23T01:27:31Z,1400000,False,-192.0,198.0,1,left,MISS J. Richardson 27' 3PT,[1626196],1610612759.0,SAS,,,,Richardson,J. Richardson,,,,,Above the Break 3,24+ Left Center,27.59,Missed,,,,,,,,,,,,,,,,,,
141,PT02M49.00S,2022-12-23T01:27:24.1Z,1,REGULAR,rebound,defensive,[],1630530,,,1610612740,26,14,2022-12-23T01:27:58Z,1410000,False,,,0,,T. Murphy III REBOUND (Off:0 Def:1),[1630530],1610612740.0,NOP,,,,Murphy III,T. Murphy III,,,,,Above the Break 3,24+ Left Center,,,140.0,1.0,1.0,0.0,,,,,,,,,,,,,,
206,PT02M48.00S,2022-12-23T01:27:40.0Z,1,REGULAR,turnover,lost ball,[],1630700,,,1610612740,26,14,2022-12-23T01:40:27Z,1425000,False,,,0,,D. Daniels lost ball TURNOVER (1 TO),[1630700],1610612740.0,NOP,,,,Daniels,D. Daniels,,,,,Above the Break 3,24+ Right Center,,,,,,,,,,,,,1.0,,,,,,,
144,PT02M48.00S,2022-12-23T01:27:58.0Z,1,REGULAR,foul,personal,[],1626195,,,1610612759,26,14,2022-12-23T01:40:27Z,1440000,False,,,0,,W. Hernangomez loose ball personal FOUL (1 PF),"[1626195, 203926]",1610612740.0,NOP,loose ball,,,Hernangomez,W. Hernangomez,,,,,Above the Break 3,24+ Right Center,,,,,,,,,,,,,,,,200832.0,1.0,0.0,McDermott,203926.0
189,PT02M48.00S,2022-12-23T01:28:59.5Z,1,REGULAR,timeout,full,"['team', 'mandatory']",0,,,1610612759,26,14,2022-12-23T01:37:44Z,1465000,False,,,0,,NOP Timeout,[],1610612740.0,NOP,,,,,,,,,,,,,,,,,,,,,,,,,,,,,,,
147,PT02M48.00S,2022-12-23T01:30:01.1Z,1,REGULAR,substitution,out,[],203468,,,1610612759,26,14,2022-12-23T01:30:27Z,1470000,False,,,0,,SUB out: C. McCollum,[203468],1610612740.0,NOP,,,,McCollum,C. McCollum,,,,,,,,,,,,,,,,,,,,,,,,,,
148,PT02M48.00S,2022-12-23T01:30:01.1Z,1,REGULAR,substitution,out,[],1626195,,,1610612759,26,14,2022-12-23T01:30:27Z,1480000,False,,,0,,SUB out: W. Hernangomez,[1626195],1610612740.0,NOP,,,,Hernangomez,W. Hernangomez,,,,,,,,,,,,,,,,,,,,,,,,,,
149,PT02M48.00S,2022-12-23T01:30:01.1Z,1,REGULAR,substitution,out,[],1630530,,,1610612759,26,14,2022-12-23T01:30:27Z,1490000,False,,,0,,SUB out: T. Murphy III,[1630530],1610612740.0,NOP,,,,Murphy III,T. Murphy III,,,,,,,,,,,,,,,,,,,,,,,,,,
150,PT02M48.00S,2022-12-23T01:30:01.1Z,1,REGULAR,substitution,out,[],1631110,,,1610612759,26,14,2022-12-23T01:30:27Z,1500000,False,,,0,,SUB out: J. Sochan,[1631110],1610612759.0,SAS,,,,Sochan,J. Sochan,,,,,,,,,,,,,,,,,,,,,,,,,,
151,PT02M48.00S,2022-12-23T01:30:01.1Z,1,REGULAR,substitution,in,[],202685,,,1610612759,26,14,2022-12-23T01:30:27Z,1510000,False,,,0,,SUB in: J. Valanciunas,[202685],1610612740.0,NOP,,,,Valanciunas,J. Valanciunas,,,,,,,,,,,,,,,,,,,,,,,,,,
152,PT02M48.00S,2022-12-23T01:30:01.1Z,1,REGULAR,substitution,in,[],1629637,,,1610612759,26,14,2022-12-23T01:30:27Z,1520000,False,,,0,,SUB in: J. Hayes,[1629637],1610612740.0,NOP,,,,Hayes,J. Hayes,,,,,,,,,,,,,,,,,,,,,,,,,,
153,PT02M48.00S,2022-12-23T01:30:01.1Z,1,REGULAR,substitution,in,[],1628984,,,1610612759,26,14,2022-12-23T01:30:27Z,1530000,False,,,0,,SUB in: D. Graham,[1628984],1610612740.0,NOP,,,,Graham,D. Graham,,,,,,,,,,,,,,,,,,,,,,,,,,
154,PT02M48.00S,2022-12-23T01:30:01.1Z,1,REGULAR,substitution,in,[],1631103,,,1610612759,26,14,2022-12-23T01:30:27Z,1540000,False,,,0,,SUB in: M. Branham,[1631103],1610612759.0,SAS,,,,Branham,M. Branham,,,,,,,,,,,,,,,,,,,,,,,,,,
155,PT02M32.00S,2022-12-23T01:30:45.6Z,1,REGULAR,3pt,Jump Shot,['fromturnover'],1631103,8.360709592641262,95.83333333333334,1610612759,26,14,2022-12-23T01:30:53Z,1550000,False,-229.0,26.0,1,left,MISS M. Branham 3PT,[1631103],1610612759.0,SAS,,,,Branham,M. Branham,,,,,Left Corner 3,24+ Left,23.07,Missed,,,,,,,,,,,,,,,,,,
156,PT02M28.00S,2022-12-23T01:30:49.6Z,1,REGULAR,rebound,offensive,[],203926,,,1610612759,26,14,2022-12-23T01:30:53Z,1560000,False,,,0,,D. McDermott REBOUND (Off:1 Def:2),[203926],1610612759.0,SAS,,,,McDermott,D. McDermott,,,,,Left Corner 3,24+ Left,,,155.0,3.0,2.0,1.0,,,,,,,,,,,,,,
158,PT02M18.00S,2022-12-23T01:31:16.1Z,1,REGULAR,2pt,Jump Shot,"['fromturnover', '2ndchance']",203926,4.944152431011826,20.588235294117645,1610612759,26,14,2022-12-23T01:31:22Z,1580000,False,147.0,-6.0,1,left,MISS D. McDermott 14' turnaround Shot,[203926],1610612759.0,SAS,turnaround,,,McDermott,D. McDermott,,,,,Mid-Range,8-16 Right,14.72,Missed,,,,,,,,,,,,,,,,,,
159,PT02M14.00S,2022-12-23T01:31:20.1Z,1,REGULAR,rebound,defensive,[],1629637,,,1610612740,26,14,2022-12-23T01:31:22Z,1590000,False,,,0,,J. Hayes REBOUND (Off:0 Def:1),[1629637],1610612740.0,NOP,,,,Hayes,J. Hayes,,,,,Mid-Range,8-16 Right,,,158.0,1.0,1.0,0.0,,,,,,,,,,,,,,
160,PT02M06.00S,2022-12-23T01:31:30.3Z,1,REGULAR,foul,personal,['2freethrow'],1630170,,,1610612740,26,14,2022-12-23T01:31:40Z,1600000,False,,,0,,D. Vassell shooting personal FOUL (1 PF) (Valanciunas 2 FT),"[1630170, 202685]",1610612759.0,SAS,shooting,,,Vassell,D. Vassell,,,,,Restricted Area,0-8 Center,,,,,,,,,,,,,,,,1628171.0,1.0,0.0,Valanciunas,202685.0
162,PT02M06.00S,2022-12-23T01:32:01.6Z,1,REGULAR,freethrow,1 of 2,[],202685,,,1610612740,27,14,2022-12-23T01:32:01Z,1620000,False,,,0,,J. Valanciunas Free Throw 1 of 2 (1 PTS),[202685],1610612740.0,NOP,,,,Valanciunas,J. Valanciunas,,,,,,,,Made,,,,,1.0,,,,,,,,,,,,,
163,PT02M06.00S,2022-12-23T01:32:22.1Z,1,REGULAR,freethrow,2 of 2,[],202685,,,1610612740,28,14,2022-12-23T01:32:22Z,1630000,False,,,0,,J. Valanciunas Free Throw 2 of 2 (2 PTS),[202685],1610612740.0,NOP,,,,Valanciunas,J. Valanciunas,,,,,,,,Made,,,,,2.0,,,,,,,,,,,,,
164,PT01M55.00S,2022-12-23T01:32:34.8Z,1,REGULAR,turnover,bad pass,[],1631103,,,1610612759,28,14,2022-12-23T01:32:39Z,1640000,False,,,0,,M. Branham bad pass TURNOVER (1 TO),"[1631103, 1630631]",1610612759.0,SAS,,,,Branham,M. Branham,,,,,Mid-Range,16-24 Left Center,,,,,,,,,,,,,1.0,Alvarado,1630631.0,,,,,
165,PT01M55.00S,2022-12-23T01:32:34.8Z,1,REGULAR,steal,,[],1630631,,,1610612740,28,14,2022-12-23T01:32:37Z,1650000,False,,,0,,J. Alvarado STEAL (2 STL),[1630631],1610612740.0,NOP,,,,Alvarado,J. Alvarado,,,,,Mid-Range,16-24 Left Center,,,,,,,,,,,,,,,,,,,,
166,PT01M50.00S,2022-12-23T01:32:38.9Z,1,REGULAR,2pt,DUNK,"['pointsinthepaint', 'fromturnover', 'fastbreak']",1629637,93.9060446780552,49.754901960784316,1610612740,30,14,2022-12-23T01:32:44Z,1660000,False,-1.0,5.0,1,right,J. Hayes alley-oop DUNK (2 PTS) (J. Alvarado 1 AST),"[1629637, 1630631]",1610612740.0,NOP,alley-oop,,,Hayes,J. Hayes,,,,,Restricted Area,0-8 Center,0.49,Made,,,,,2.0,J. Alvarado,1630631.0,1.0,,,,,,,,,,
168,PT01M45.00S,2022-12-23T01:32:47.1Z,1,REGULAR,turnover,out-of-bounds,[],203926,,,1610612759,30,14,2022-12-23T01:32:52Z,1680000,False,,,0,,D. McDermott lost ball out-of-bounds TURNOVER (1 TO),[203926],1610612759.0,SAS,lost ball,,,McDermott,D. McDermott,,,,,Mid-Range,8-16 Right,,,,,,,,,,,,,1.0,,,1628171.0,,,,
169,PT01M45.00S,2022-12-23T01:32:57.9Z,1,REGULAR,substitution,out,[],1626196,,,1610612740,30,14,2022-12-23T01:33:01Z,1690000,False,,,0,,SUB out: J. Richardson,[1626196],1610612759.0,SAS,,,,Richardson,J. Richardson,,,,,,,,,,,,,,,,,,,,,,,,,,
170,PT01M45.00S,2022-12-23T01:32:57.9Z,1,REGULAR,substitution,in,[],1630200,,,1610612740,30,14,2022-12-23T01:33:01Z,1700000,False,,,0,,SUB in: T. Jones,[1630200],1610612759.0,SAS,,,,Jones,T. Jones,,,,,,,,,,,,,,,,,,,,,,,,,,
171,PT01M26.00S,2022-12-23T01:33:21.4Z,1,REGULAR,2pt,Jump Shot,"['pointsinthepaint', 'fromturnover']",202685,91.80354796320631,37.99019607843137,1610612740,32,14,2022-12-23T01:33:26Z,1710000,False,-60.0,25.0,1,right,J. Valanciunas 6' turnaround Jump Shot (4 PTS) (D. Graham 1 AST),"[202685, 1628984]",1610612740.0,NOP,turnaround,,,Valanciunas,J. Valanciunas,,,,,In The Paint (Non-RA),0-8 Center,6.48,Made,,,,,4.0,D. Graham,1628984.0,1.0,,,,,,,,,,
173,PT01M08.00S,2022-12-23T01:33:39.1Z,1,REGULAR,3pt,Jump Shot,[],1631103,6.783837056504599,5.392156862745098,1610612759,32,17,2022-12-23T01:33:44Z,1730000,False,223.0,11.0,1,left,M. Branham 3PT  (5 PTS) (D. Vassell 2 AST),"[1631103, 1630170]",1610612759.0,SAS,,,,Branham,M. Branham,,,,,Right Corner 3,24+ Right,22.33,Made,,,,,5.0,D. Vassell,1630170.0,2.0,,,,,,,,,,
175,PT00M56.90S,2022-12-23T01:33:54.6Z,1,REGULAR,foul,personal,"['inpenalty', '2freethrow']",1631103,,,1610612740,32,17,2022-12-23T01:34:01Z,1750000,False,,,0,,M. Branham personal FOUL (1 PF) (Graham 2 FT),"[1631103, 1628984]",1610612759.0,SAS,,,,Branham,M. Branham,,,,,Above the Break 3,24+ Center,,,,,,,,,,,,,,,,1201.0,1.0,0.0,Graham,1628984.0
177,PT00M56.90S,2022-12-23T01:34:19.7Z,1,REGULAR,freethrow,1 of 2,[],1628984,,,1610612740,33,17,2022-12-23T01:34:19Z,1770000,False,,,0,,D. Graham Free Throw 1 of 2 (1 PTS),[1628984],1610612740.0,NOP,,,,Graham,D. Graham,,,,,,,,Made,,,,,1.0,,,,,,,,,,,,,
178,PT00M56.90S,2022-12-23T01:34:40.0Z,1,REGULAR,freethrow,2 of 2,[],1628984,,,1610612740,34,17,2022-12-23T01:34:40Z,1780000,False,,,0,,D. Graham Free Throw 2 of 2 (2 PTS),[1628984],1610612740.0,NOP,,,,Graham,D. Graham,,,,,,,,Made,,,,,2.0,,,,,,,,,,,,,
179,PT00M46.70S,2022-12-23T01:34:51.8Z,1,REGULAR,2pt,Jump Shot,['pointsinthepaint'],1630170,16.90210249671485,49.50980392156863,1610612759,34,17,2022-12-23T01:35:01Z,1790000,False,2.0,106.0,1,left,MISS D. Vassell 10' pullup Shot,[1630170],1610612759.0,SAS,pullup,,,Vassell,D. Vassell,,,,,In The Paint (Non-RA),8-16 Center,10.64,Missed,,,,,,,,,,,,,,,,,,
180,PT00M44.00S,2022-12-23T01:34:54.5Z,1,REGULAR,rebound,offensive,['team'],0,,,1610612759,34,17,2022-12-23T01:35:01Z,1800000,False,,,0,,TEAM offensive REBOUND,[],1610612759.0,SAS,,,,,,,,,,In The Paint (Non-RA),8-16 Center,,,179.0,,,,,,,,,,,,,,,,,
182,PT00M34.70S,2022-12-23T01:35:27.7Z,1,REGULAR,3pt,Jump Shot,['2ndchance'],203926,4.681340341655716,95.58823529411765,1610612759,34,17,2022-12-23T01:35:33Z,1820000,False,-228.0,-8.0,1,left,MISS D. McDermott 3PT,[203926],1610612759.0,SAS,,,,McDermott,D. McDermott,,,,,Left Corner 3,24+ Left,22.81,Missed,,,,,,,,,,,,,,,,,,
183,PT00M30.00S,2022-12-23T01:35:32.4Z,1,REGULAR,rebound,defensive,[],202685,,,1610612740,34,17,2022-12-23T01:35:33Z,1830000,False,,,0,,J. Valanciunas REBOUND (Off:3 Def:3),[202685],1610612740.0,NOP,,,,Valanciunas,J. Valanciunas,,,,,Left Corner 3,24+ Left,,,182.0,6.0,3.0,3.0,,,,,,,,,,,,,,
184,PT00M11.90S,2022-12-23T01:35:50.5Z,1,REGULAR,3pt,Jump Shot,[],1628984,82.60512483574244,95.34313725490196,1610612740,37,17,2022-12-23T01:35:56Z,1840000,False,227.0,111.0,1,right,D. Graham 25' 3PT  (5 PTS) (J. Alvarado 2 AST),"[1628984, 1630631]",1610612740.0,NOP,,,,Graham,D. Graham,,,,,Above the Break 3,24+ Right Center,25.24,Made,,,,,5.0,J. Alvarado,1630631.0,2.0,,,,,,,,,,
186,PT00M00.10S,2022-12-23T01:36:04.7Z,1,REGULAR,3pt,Jump Shot,[],1631103,4.681340341655716,99.01960784313727,1610612759,37,17,2022-12-23T01:36:09Z,1860000,False,-245.0,-8.0,1,left,MISS M. Branham 24' 3PT,[1631103],1610612759.0,SAS,,,,Branham,M. Branham,,,,,Left Corner 3,24+ Left,24.52,Missed,,,,,,,,,,,,,,,,,,
187,PT00M00.10S,2022-12-23T01:36:04.7Z,1,REGULAR,rebound,offensive,['team'],0,,,1610612759,37,17,2022-12-23T01:36:09Z,1870000,False,,,0,,TEAM offensive REBOUND,[],1610612759.0,SAS,,,,,,,,,,Left Corner 3,24+ Left,,,186.0,,,,,,,,,,,,,,,,,
188,PT00M00.00S,2022-12-23T01:36:08.8Z,1,REGULAR,period,end,[],0,,,1610612759,37,17,2022-12-23T01:36:08Z,1880000,False,,,0,,Period End,[],,,,,,,,,,,,,,,,,,,,,,,,,,,,,,,,,
190,PT12M00.00S,2022-12-23T01:38:17.0Z,2,REGULAR,substitution,out,['startperiod'],1628380,,,1610612759,37,17,2022-12-23T01:38:30Z,1890000,False,,,0,,SUB out: Z. Collins,[1628380],1610612759.0,SAS,,,,Collins,Z. Collins,,,,,,,,,,,,,,,,,,,,,,,,,,
191,PT12M00.00S,2022-12-23T01:38:17.0Z,2,REGULAR,substitution,in,['startperiod'],1627751,,,1610612759,37,17,2022-12-23T01:38:30Z,1900000,False,,,0,,SUB in: J. Poeltl,[1627751],1610612759.0,SAS,,,,Poeltl,J. Poeltl,,,,,,,,,,,,,,,,,,,,,,,,,,
192,PT12M00.00S,2022-12-23T01:38:48.4Z,2,REGULAR,period,start,[],0,,,1610612740,37,17,2022-12-23T01:38:48Z,1910000,False,,,0,,Period Start,[],,,,,,,,,,,,,,,,,,,,,,,,,,,,,,,,,
193,PT11M48.00S,2022-12-23T01:39:00.1Z,2,REGULAR,3pt,Jump Shot,[],1628984,78.26872536136662,90.93137254901961,1610612740,37,17,2022-12-23T01:39:08Z,1920000,False,205.0,152.0,1,right,MISS D. Graham 25' 3PT,[1628984],1610612740.0,NOP,,,,Graham,D. Graham,,,,,Above the Break 3,24+ Right Center,25.48,Missed,,,,,,,,,,,,,,,,,,
194,PT11M44.00S,2022-12-23T01:39:03.8Z,2,REGULAR,rebound,defensive,[],1630200,,,1610612759,37,17,2022-12-23T01:39:03Z,1930000,False,,,0,,T. Jones REBOUND (Off:0 Def:1),[1630200],1610612759.0,SAS,,,,Jones,T. Jones,,,,,Above the Break 3,24+ Right Center,,,193.0,1.0,1.0,0.0,,,,,,,,,,,,,,
195,PT11M28.00S,2022-12-23T01:39:18.9Z,2,REGULAR,3pt,Jump Shot,[],1630200,27.94021024967148,79.90196078431373,1610612759,37,20,2022-12-23T01:39:44Z,1940000,False,-150.0,210.0,1,left,T. Jones 25' 3PT  (7 PTS) (D. Vassell 3 AST),"[1630200, 1630170]",1610612759.0,SAS,,,,Jones,T. Jones,,,,,Above the Break 3,24+ Left Center,25.79,Made,,,,,7.0,D. Vassell,1630170.0,3.0,,,,,,,,,,
197,PT11M18.00S,2022-12-23T01:39:37.6Z,2,REGULAR,foul,offensive,[],1629637,,,1610612740,37,20,2022-12-23T01:39:49Z,1960000,False,,,0,,J. Hayes off-the-ball offensive FOUL (1 PF),"[1629637, 1630200]",1610612740.0,NOP,off-the-ball,,,Hayes,J. Hayes,,,,,Mid-Range,16-24 Right,,,,,,,,,,,,,,,,1628171.0,1.0,0.0,Jones,1630200.0
199,PT11M18.00S,2022-12-23T01:39:37.6Z,2,REGULAR,turnover,offensive foul,[],1629637,,,1610612740,37,20,2022-12-23T01:39:37Z,1980000,False,,,0,,J. Hayes offensive foul TURNOVER (1 TO),[1629637],1610612740.0,NOP,,,,Hayes,J. Hayes,,,,,Mid-Range,16-24 Right,,,,,,,,,,,,,1.0,,,1628171.0,,,,
200,PT11M18.00S,2022-12-23T01:39:45.9Z,2,REGULAR,substitution,out,[],203926,,,1610612759,37,20,2022-12-23T01:39:49Z,1990000,False,,,0,,SUB out: D. McDermott,[203926],1610612759.0,SAS,,,,McDermott,D. McDermott,,,,,,,,,,,,,,,,,,,,,,,,,,
201,PT11M18.00S,2022-12-23T01:39:45.9Z,2,REGULAR,substitution,in,[],1628966,,,1610612759,37,20,2022-12-23T01:39:49Z,2000000,False,,,0,,SUB in: K. Bates-Diop,[1628966],1610612759.0,SAS,,,,Bates-Diop,K. Bates-Diop,,,,,,,,,,,,,,,,,,,,,,,,,,
202,PT11M00.00S,2022-12-23T01:40:10.5Z,2,REGULAR,turnover,bad pass,[],1630200,,,1610612759,37,20,2022-12-23T01:40:15Z,2010000,False,,,0,,T. Jones bad pass TURNOVER (1 TO),"[1630200, 1630631]",1610612759.0,SAS,,,,Jones,T. Jones,,,,,Above the Break 3,24+ Center,,,,,,,,,,,,,1.0,Alvarado,1630631.0,,,,,
203,PT11M00.00S,2022-12-23T01:40:10.5Z,2,REGULAR,steal,,[],1630631,,,1610612740,37,20,2022-12-23T01:40:13Z,2020000,False,,,0,,J. Alvarado STEAL (3 STL),[1630631],1610612740.0,NOP,,,,Alvarado,J. Alvarado,,,,,Above the Break 3,24+ Center,,,,,,,,,,,,,,,,,,,,
204,PT10M56.00S,2022-12-23T01:40:15.2Z,2,REGULAR,2pt,Layup,"['pointsinthepaint', 'fromturnover', 'fastbreak']",1630631,93.9060446780552,52.20588235294118,1610612740,37,20,2022-12-23T01:40:20Z,2030000,False,11.0,5.0,1,right,MISS J. Alvarado running finger roll Layup,[1630631],1610612740.0,NOP,running finger roll,,,Alvarado,J. Alvarado,,,,,Restricted Area,0-8 Center,1.2,Missed,,,,,,,,,,,,,,,,,,
205,PT10M53.00S,2022-12-23T01:40:18.2Z,2,REGULAR,rebound,offensive,[],1630631,,,1610612740,37,20,2022-12-23T01:40:23Z,2040000,False,,,0,,J. Alvarado REBOUND (Off:1 Def:0),[1630631],1610612740.0,NOP,,,,Alvarado,J. Alvarado,,,,,Restricted Area,0-8 Center,,,204.0,1.0,0.0,1.0,,,,,,,,,,,,,,
207,PT10M41.00S,2022-12-23T01:40:29.3Z,2,REGULAR,2pt,Jump Shot,"['fromturnover', '2ndchance']",202685,93.9060446780552,30.392156862745097,1610612740,39,20,2022-12-23T01:40:34Z,2050000,False,-98.0,5.0,1,right,J. Valanciunas 9' turnaround Jump Shot (6 PTS),[202685],1610612740.0,NOP,turnaround,,,Valanciunas,J. Valanciunas,,,,,Mid-Range,8-16 Left,9.81,Made,,,,,6.0,,,,,,,,,,,,,
208,PT10M30.00S,2022-12-23T01:40:41.0Z,2,REGULAR,3pt,Jump Shot,[],1630200,29.122864651773984,25.98039215686275,1610612759,39,20,2022-12-23T01:40:46Z,2060000,False,120.0,221.0,1,left,MISS T. Jones 25' pullup 3PT,[1630200],1610612759.0,SAS,pullup,,,Jones,T. Jones,,,,,Above the Break 3,24+ Right Center,25.18,Missed,,,,,,,,,,,,,,,,,,
209,PT10M26.00S,2022-12-23T01:40:45.0Z,2,REGULAR,rebound,defensive,[],202685,,,1610612740,39,20,2022-12-23T01:40:46Z,2070000,False,,,0,,J. Valanciunas REBOUND (Off:3 Def:4),[202685],1610612740.0,NOP,,,,Valanciunas,J. Valanciunas,,,,,Above the Break 3,24+ Right Center,,,208.0,7.0,4.0,3.0,,,,,,,,,,,,,,
210,PT10M15.00S,2022-12-23T01:40:55.2Z,2,REGULAR,2pt,Layup,['pointsinthepaint'],1630631,94.30026281208936,52.20588235294118,1610612740,41,20,2022-12-23T01:41:00Z,2080000,False,11.0,1.0,1,right,J. Alvarado driving reverse Layup (4 PTS),[1630631],1610612740.0,NOP,driving reverse,,,Alvarado,J. Alvarado,,,,,Restricted Area,0-8 Center,1.11,Made,,,,,4.0,,,,,,,,,,,,,
211,PT10M03.00S,2022-12-23T01:41:08.4Z,2,REGULAR,2pt,Jump Shot,[],1628966,5.469776609724048,70.34313725490196,1610612759,41,20,2022-12-23T01:41:15Z,2090000,False,-102.0,-1.0,1,left,MISS K. Bates-Diop 10' driving floating Shot,[1628966],1610612759.0,SAS,driving floating,,,Bates-Diop,K. Bates-Diop,,,,,Mid-Range,8-16 Left,10.17,Missed,,,,,,,,,,,,,,,,,,
212,PT10M00.00S,2022-12-23T01:41:11.4Z,2,REGULAR,rebound,defensive,[],1630700,,,1610612740,41,20,2022-12-23T01:41:15Z,2100000,False,,,0,,D. Daniels REBOUND (Off:0 Def:1),[1630700],1610612740.0,NOP,,,,Daniels,D. Daniels,,,,,Mid-Range,8-16 Left,,,211.0,1.0,1.0,0.0,,,,,,,,,,,,,,
213,PT09M55.00S,2022-12-23T01:41:16.0Z,2,REGULAR,2pt,Layup,"['pointsinthepaint', 'fastbreak']",1630700,91.27792378449409,50.0,1610612740,41,20,2022-12-23T01:41:36Z,2110000,False,0.0,29.0,1,right,MISS D. Daniels driving Layup,[1630700],1610612740.0,NOP,driving,,,Daniels,D. Daniels,,,,,Restricted Area,0-8 Center,2.95,Missed,,,,,,,,,,,,,,,,,,
214,PT09M53.00S,2022-12-23T01:41:18.0Z,2,REGULAR,rebound,defensive,[],1630170,,,1610612759,41,20,2022-12-23T01:41:36Z,2120000,False,,,0,,D. Vassell REBOUND (Off:0 Def:3),[1630170],1610612759.0,SAS,,,,Vassell,D. Vassell,,,,,Restricted Area,0-8 Center,,,213.0,3.0,3.0,0.0,,,,,,,,,,,,,,
215,PT09M49.00S,2022-12-23T01:41:30.9Z,2,REGULAR,foul,personal,['2freethrow'],202685,,,1610612759,41,20,2022-12-23T01:41:38Z,2130000,False,,,0,,J. Valanciunas shooting personal FOUL (1 PF) (Bates-Diop 2 FT),"[202685, 1628966]",1610612740.0,NOP,shooting,,,Valanciunas,J. Valanciunas,,,,,Restricted Area,0-8 Center,,,,,,,,,,,,,,,,1201.0,1.0,0.0,Bates-Diop,1628966.0
217,PT09M49.00S,2022-12-23T01:41:51.9Z,2,REGULAR,freethrow,1 of 2,[],1628966,,,1610612759,41,21,2022-12-23T01:41:51Z,2150000,False,,,0,,K. Bates-Diop Free Throw 1 of 2 (1 PTS),[1628966],1610612759.0,SAS,,,,Bates-Diop,K. Bates-Diop,,,,,,,,Made,,,,,1.0,,,,,,,,,,,,,
218,PT09M49.00S,2022-12-23T01:41:53.0Z,2,REGULAR,substitution,out,[],1630700,,,1610612759,41,21,2022-12-23T01:41:58Z,2160000,False,,,0,,SUB out: D. Daniels,[1630700],1610612740.0,NOP,,,,Daniels,D. Daniels,,,,,,,,,,,,,,,,,,,,,,,,,,
219,PT09M49.00S,2022-12-23T01:41:53.0Z,2,REGULAR,substitution,out,[],1631103,,,1610612759,41,21,2022-12-23T01:41:58Z,2170000,False,,,0,,SUB out: M. Branham,[1631103],1610612759.0,SAS,,,,Branham,M. Branham,,,,,,,,,,,,,,,,,,,,,,,,,,
220,PT09M49.00S,2022-12-23T01:41:53.0Z,2,REGULAR,substitution,in,[],1630230,,,1610612759,41,21,2022-12-23T01:41:58Z,2180000,False,,,0,,SUB in: N. Marshall,[1630230],1610612740.0,NOP,,,,Marshall,N. Marshall,,,,,,,,,,,,,,,,,,,,,,,,,,
221,PT09M49.00S,2022-12-23T01:41:53.0Z,2,REGULAR,substitution,in,[],1629641,,,1610612759,41,21,2022-12-23T01:41:58Z,2190000,False,,,0,,SUB in: R. Langford,[1629641],1610612759.0,SAS,,,,Langford,R. Langford,,,,,,,,,,,,,,,,,,,,,,,,,,
222,PT09M49.00S,2022-12-23T01:42:12.7Z,2,REGULAR,freethrow,2 of 2,[],1628966,,,1610612759,41,22,2022-12-23T01:42:12Z,2200000,False,,,0,,K. Bates-Diop Free Throw 2 of 2 (2 PTS),[1628966],1610612759.0,SAS,,,,Bates-Diop,K. Bates-Diop,,,,,,,,Made,,,,,2.0,,,,,,,,,,,,,
223,PT09M41.00S,2022-12-23T01:42:22.2Z,2,REGULAR,2pt,Jump Shot,[],1630631,80.76544021024968,24.019607843137255,1610612740,41,22,2022-12-23T02:16:47Z,2210000,False,-130.0,128.0,1,right,MISS J. Alvarado 18' pullup Shot,[1630631],1610612740.0,NOP,pullup,,,Alvarado,J. Alvarado,,,,,Mid-Range,16-24 Left Center,18.26,Missed,,,,,,,,,,,,,,,,,,
224,PT09M36.00S,2022-12-23T01:42:27.2Z,2,REGULAR,rebound,defensive,[],1630170,,,1610612759,41,22,2022-12-23T01:42:28Z,2220000,False,,,0,,D. Vassell REBOUND (Off:0 Def:4),[1630170],1610612759.0,SAS,,,,Vassell,D. Vassell,,,,,Mid-Range,16-24 Left Center,,,223.0,4.0,4.0,0.0,,,,,,,,,,,,,,
225,PT09M20.00S,2022-12-23T01:42:42.1Z,2,REGULAR,2pt,Jump Shot,[],1630170,16.770696452036795,72.54901960784314,1610612759,41,24,2022-12-23T01:42:47Z,2230000,False,-113.0,105.0,1,left,D. Vassell 15' step back Jump Shot (2 PTS),[1630170],1610612759.0,SAS,step back,,,Vassell,D. Vassell,,,,,Mid-Range,8-16 Left,15.41,Made,,,,,2.0,,,,,,,,,,,,,
226,PT09M03.00S,2022-12-23T01:42:59.2Z,2,REGULAR,3pt,Jump Shot,[],1630230,68.80749014454665,61.76470588235294,1610612740,41,24,2022-12-23T01:44:03Z,2240000,False,59.0,241.0,1,right,MISS N. Marshall 24' 3PT,[1630230],1610612740.0,NOP,,,,Marshall,N. Marshall,,,,,Above the Break 3,24+ Center,24.78,Missed,,,,,,,,,,,,,,,,,,
227,PT09M00.00S,2022-12-23T01:43:02.4Z,2,REGULAR,rebound,defensive,[],1627751,,,1610612759,41,24,2022-12-23T01:43:02Z,2250000,False,,,0,,J. Poeltl REBOUND (Off:0 Def:2),[1627751],1610612759.0,SAS,,,,Poeltl,J. Poeltl,,,,,Above the Break 3,24+ Center,,,226.0,2.0,2.0,0.0,,,,,,,,,,,,,,
228,PT08M56.00S,2022-12-23T01:43:07.3Z,2,REGULAR,2pt,Layup,"['fastbreak', 'pointsinthepaint']",1630200,5.732588699080158,53.92156862745098,1610612759,41,26,2022-12-23T02:17:09Z,2260000,False,-20.0,1.0,1,left,T. Jones running Layup (9 PTS),[1630200],1610612759.0,SAS,running,,,Jones,T. Jones,,,,,Restricted Area,0-8 Center,1.96,Made,,,,,9.0,,,,,,,,,,,,,
229,PT08M56.00S,2022-12-23T01:43:13.7Z,2,REGULAR,timeout,full,"['team', 'mandatory']",0,,,1610612740,41,26,2022-12-23T01:43:13Z,2270000,False,,,0,,NOP Timeout,[],1610612740.0,NOP,,,,,,,,,,,,,,,,,,,,,,,,,,,,,,,
232,PT08M56.00S,2022-12-23T01:45:38.3Z,2,REGULAR,substitution,out,[],1628984,,,1610612740,41,26,2022-12-23T01:45:54Z,2280000,False,,,0,,SUB out: D. Graham,[1628984],1610612740.0,NOP,,,,Graham,D. Graham,,,,,,,,,,,,,,,,,,,,,,,,,,
233,PT08M56.00S,2022-12-23T01:45:38.3Z,2,REGULAR,substitution,out,[],1629637,,,1610612740,41,26,2022-12-23T01:45:54Z,2290000,False,,,0,,SUB out: J. Hayes,[1629637],1610612740.0,NOP,,,,Hayes,J. Hayes,,,,,,,,,,,,,,,,,,,,,,,,,,
234,PT08M56.00S,2022-12-23T01:45:38.3Z,2,REGULAR,substitution,in,[],1630529,,,1610612740,41,26,2022-12-23T01:45:54Z,2300000,False,,,0,,SUB in: H. Jones,[1630529],1610612740.0,NOP,,,,Jones,H. Jones,,,,,,,,,,,,,,,,,,,,,,,,,,
235,PT08M56.00S,2022-12-23T01:45:38.3Z,2,REGULAR,substitution,in,[],203468,,,1610612740,41,26,2022-12-23T01:45:54Z,2310000,False,,,0,,SUB in: C. McCollum,[203468],1610612740.0,NOP,,,,McCollum,C. McCollum,,,,,,,,,,,,,,,,,,,,,,,,,,
236,PT08M40.00S,2022-12-23T01:46:29.5Z,2,REGULAR,foul,personal,[],1629641,,,1610612740,41,26,2022-12-23T01:46:54Z,2320000,False,,,0,,R. Langford personal FOUL (1 PF),"[1629641, 202685]",1610612759.0,SAS,,,,Langford,R. Langford,,,,,Restricted Area,0-8 Center,,,,,,,,,,,,,,,,1201.0,1.0,0.0,Valanciunas,202685.0
238,PT08M29.00S,2022-12-23T01:46:52.0Z,2,REGULAR,2pt,Layup,['pointsinthepaint'],1630631,94.03745072273325,45.09803921568628,1610612740,41,26,2022-12-23T01:46:57Z,2340000,False,-25.0,4.0,1,right,MISS J. Alvarado driving reverse Layup,[1630631],1610612740.0,NOP,driving reverse,,,Alvarado,J. Alvarado,,,,,Restricted Area,0-8 Center,2.47,Missed,,,,,,,,,,,,,,,,,,
239,PT08M28.00S,2022-12-23T01:46:53.4Z,2,REGULAR,rebound,offensive,[],202685,,,1610612740,41,26,2022-12-23T01:46:53Z,2350000,False,,,0,,J. Valanciunas REBOUND (Off:4 Def:4),[202685],1610612740.0,NOP,,,,Valanciunas,J. Valanciunas,,,,,Restricted Area,0-8 Center,,,238.0,8.0,4.0,4.0,,,,,,,,,,,,,,
240,PT08M27.00S,2022-12-23T01:46:54.7Z,2,REGULAR,2pt,Hook,"['pointsinthepaint', '2ndchance']",202685,87.20433639947439,50.245098039215684,1610612740,43,26,2022-12-23T01:47:07Z,2360000,False,1.0,68.0,1,right,J. Valanciunas 6' turnaround Hook (8 PTS),[202685],1610612740.0,NOP,turnaround,,,Valanciunas,J. Valanciunas,,,,,In The Paint (Non-RA),0-8 Center,6.78,Made,,,,,8.0,,,,,,,,,,,,,
241,PT08M13.00S,2022-12-23T01:47:08.6Z,2,REGULAR,2pt,Hook,['pointsinthepaint'],1627751,13.485545335085414,48.77450980392157,1610612759,43,26,2022-12-23T01:47:13Z,2370000,False,6.0,74.0,1,left,MISS J. Poeltl 7' turnaround Hook,[1627751],1610612759.0,SAS,turnaround,,,Poeltl,J. Poeltl,,,,,In The Paint (Non-RA),0-8 Center,7.45,Missed,,,,,,,,,,,,,,,,,,
242,PT08M11.00S,2022-12-23T01:47:10.6Z,2,REGULAR,rebound,defensive,[],1630631,,,1610612740,43,26,2022-12-23T01:47:13Z,2380000,False,,,0,,J. Alvarado REBOUND (Off:1 Def:1),[1630631],1610612740.0,NOP,,,,Alvarado,J. Alvarado,,,,,In The Paint (Non-RA),0-8 Center,,,241.0,2.0,1.0,1.0,,,,,,,,,,,,,,
243,PT08M03.00S,2022-12-23T01:47:24.4Z,2,REGULAR,foul,personal,[],1627751,,,1610612740,43,26,2022-12-23T01:47:31Z,2390000,False,,,0,,J. Poeltl personal FOUL (3 PF),"[1627751, 202685]",1610612759.0,SAS,,,,Poeltl,J. Poeltl,,,,,Mid-Range,16-24 Left Center,,,,,,,,,,,,,,,,200832.0,3.0,0.0,Valanciunas,202685.0
245,PT08M03.00S,2022-12-23T01:47:30.8Z,2,REGULAR,substitution,out,[],1630631,,,1610612740,43,26,2022-12-23T01:47:35Z,2410000,False,,,0,,SUB out: J. Alvarado,[1630631],1610612740.0,NOP,,,,Alvarado,J. Alvarado,,,,,,,,,,,,,,,,,,,,,,,,,,
246,PT08M03.00S,2022-12-23T01:47:30.8Z,2,REGULAR,substitution,out,[],202685,,,1610612740,43,26,2022-12-23T01:47:35Z,2420000,False,,,0,,SUB out: J. Valanciunas,[202685],1610612740.0,NOP,,,,Valanciunas,J. Valanciunas,,,,,,,,,,,,,,,,,,,,,,,,,,
247,PT08M03.00S,2022-12-23T01:47:30.8Z,2,REGULAR,substitution,in,[],1626195,,,1610612740,43,26,2022-12-23T01:47:35Z,2430000,False,,,0,,SUB in: W. Hernangomez,[1626195],1610612740.0,NOP,,,,Hernangomez,W. Hernangomez,,,,,,,,,,,,,,,,,,,,,,,,,,
248,PT08M03.00S,2022-12-23T01:47:30.8Z,2,REGULAR,substitution,in,[],1630530,,,1610612740,43,26,2022-12-23T01:47:35Z,2440000,False,,,0,,SUB in: T. Murphy III,[1630530],1610612740.0,NOP,,,,Murphy III,T. Murphy III,,,,,,,,,,,,,,,,,,,,,,,,,,
249,PT08M03.00S,2022-12-23T01:47:37.7Z,2,REGULAR,substitution,out,[],1627751,,,1610612740,43,26,2022-12-23T01:47:46Z,2450000,False,,,0,,SUB out: J. Poeltl,[1627751],1610612759.0,SAS,,,,Poeltl,J. Poeltl,,,,,,,,,,,,,,,,,,,,,,,,,,
250,PT08M03.00S,2022-12-23T01:47:37.7Z,2,REGULAR,substitution,in,[],1629646,,,1610612740,43,26,2022-12-23T01:47:46Z,2460000,False,,,0,,SUB in: C. Bassey,[1629646],1610612759.0,SAS,,,,Bassey,C. Bassey,,,,,,,,,,,,,,,,,,,,,,,,,,
251,PT08M03.00S,2022-12-23T01:47:48.1Z,2,REGULAR,violation,delay-of-game,['team'],0,,,1610612740,43,26,2022-12-23T01:47:54Z,2470000,False,,,0,,TEAM delay-of-game VIOLATION,[],1610612759.0,SAS,,,,,,,,,,,,,,,,,,,,,,,,,,,1628171.0,,,,
252,PT07M57.00S,2022-12-23T01:48:01.4Z,2,REGULAR,2pt,Jump Shot,['pointsinthepaint'],203468,91.27792378449409,34.55882352941176,1610612740,43,26,2022-12-23T01:48:09Z,2480000,False,-77.0,29.0,1,right,MISS C. McCollum 8' fadeaway Shot,[203468],1610612740.0,NOP,fadeaway,,,McCollum,C. McCollum,,,,,In The Paint (Non-RA),8-16 Left,8.26,Missed,,,,,,,,,,,,,,,,,,
253,PT07M52.00S,2022-12-23T01:48:06.4Z,2,REGULAR,rebound,defensive,[],1630170,,,1610612759,43,26,2022-12-23T01:48:09Z,2490000,False,,,0,,D. Vassell REBOUND (Off:0 Def:5),[1630170],1610612759.0,SAS,,,,Vassell,D. Vassell,,,,,In The Paint (Non-RA),8-16 Left,,,252.0,5.0,5.0,0.0,,,,,,,,,,,,,,
254,PT07M37.00S,2022-12-23T01:48:21.0Z,2,REGULAR,turnover,bad pass,[],1629646,,,1610612759,43,26,2022-12-23T01:48:24Z,2500000,False,,,0,,C. Bassey bad pass TURNOVER (1 TO),"[1629646, 203468]",1610612759.0,SAS,,,,Bassey,C. Bassey,,,,,Mid-Range,16-24 Left Center,,,,,,,,,,,,,1.0,McCollum,203468.0,,,,,
255,PT07M37.00S,2022-12-23T01:48:21.0Z,2,REGULAR,steal,,[],203468,,,1610612740,43,26,2022-12-23T01:48:23Z,2510000,False,,,0,,C. McCollum STEAL (1 STL),[203468],1610612740.0,NOP,,,,McCollum,C. McCollum,,,,,Mid-Range,16-24 Left Center,,,,,,,,,,,,,,,,,,,,
256,PT07M34.00S,2022-12-23T01:48:29.2Z,2,REGULAR,turnover,out-of-bounds,[],203468,,,1610612740,43,26,2022-12-23T01:48:40Z,2520000,False,,,0,,C. McCollum bad pass out-of-bounds TURNOVER (3 TO),[203468],1610612740.0,NOP,bad pass,,,McCollum,C. McCollum,,,,,Mid-Range,8-16 Right,,,,,,,,,,,,,3.0,,,1628171.0,,,,
257,PT07M18.00S,2022-12-23T01:48:48.5Z,2,REGULAR,2pt,Layup,"['pointsinthepaint', 'fromturnover']",1630200,7.178055190538765,45.83333333333333,1610612759,43,26,2022-12-23T01:48:53Z,2530000,False,21.0,15.0,1,left,MISS T. Jones driving reverse Layup,[1630200],1610612759.0,SAS,driving reverse,,,Jones,T. Jones,,,,,Restricted Area,0-8 Center,2.56,Missed,,,,,,,,,,,,,,,,,,
258,PT07M18.00S,2022-12-23T01:48:48.5Z,2,REGULAR,rebound,offensive,[],1629646,,,1610612759,43,26,2022-12-23T02:19:59Z,2540000,False,,,0,,C. Bassey REBOUND (Off:1 Def:0),[1629646],1610612759.0,SAS,,,,Bassey,C. Bassey,,,,,Restricted Area,0-8 Center,,,257.0,1.0,0.0,1.0,,,,,,,,,,,,,,
259,PT07M17.00S,2022-12-23T01:48:52.5Z,2,REGULAR,2pt,Layup,"['2ndchance', 'pointsinthepaint', 'fromturnover']",1629646,5.590000152587891,50.0,1610612759,43,26,2022-12-23T02:20:16Z,2550000,False,0.0,0.0,1,left,MISS C. Bassey tip Layup,[1629646],1610612759.0,SAS,tip,,,Bassey,C. Bassey,,,,,Restricted Area,0-8 Center,0.0,Missed,,,,,,,,,,,,,,,,,,
260,PT07M16.00S,2022-12-23T01:48:53.5Z,2,REGULAR,rebound,defensive,[],1630230,,,1610612740,43,26,2022-12-23T01:49:43Z,2560000,False,,,0,,N. Marshall REBOUND (Off:1 Def:2),[1630230],1610612740.0,NOP,,,,Marshall,N. Marshall,,,,,Restricted Area,0-8 Center,,,259.0,3.0,2.0,1.0,,,,,,,,,,,,,,
261,PT07M14.00S,2022-12-23T01:48:59.0Z,2,REGULAR,foul,personal,[],1629641,,,1610612740,43,26,2022-12-23T01:49:22Z,2570000,False,,,0,,R. Langford personal FOUL (2 PF),"[1629641, 1630230]",1610612759.0,SAS,,,,Langford,R. Langford,,,,,Restricted Area,0-8 Center,,,,,,,,,,,,,,,,1628171.0,2.0,0.0,Marshall,1630230.0
263,PT07M14.00S,2022-12-23T01:49:21.0Z,2,REGULAR,substitution,out,[],1628966,,,1610612740,43,26,2022-12-23T01:49:31Z,2590000,False,,,0,,SUB out: K. Bates-Diop,[1628966],1610612759.0,SAS,,,,Bates-Diop,K. Bates-Diop,,,,,,,,,,,,,,,,,,,,,,,,,,
264,PT07M14.00S,2022-12-23T01:49:21.0Z,2,REGULAR,substitution,out,[],1630200,,,1610612740,43,26,2022-12-23T01:49:31Z,2600000,False,,,0,,SUB out: T. Jones,[1630200],1610612759.0,SAS,,,,Jones,T. Jones,,,,,,,,,,,,,,,,,,,,,,,,,,
265,PT07M14.00S,2022-12-23T01:49:21.0Z,2,REGULAR,substitution,in,[],1626196,,,1610612740,43,26,2022-12-23T01:49:31Z,2610000,False,,,0,,SUB in: J. Richardson,[1626196],1610612759.0,SAS,,,,Richardson,J. Richardson,,,,,,,,,,,,,,,,,,,,,,,,,,
266,PT07M14.00S,2022-12-23T01:49:21.0Z,2,REGULAR,substitution,in,[],1631110,,,1610612740,43,26,2022-12-23T01:49:31Z,2620000,False,,,0,,SUB in: J. Sochan,[1631110],1610612759.0,SAS,,,,Sochan,J. Sochan,,,,,,,,,,,,,,,,,,,,,,,,,,
267,PT07M04.00S,2022-12-23T01:49:41.5Z,2,REGULAR,turnover,bad pass,[],1630230,,,1610612740,43,26,2022-12-23T01:49:46Z,2630000,False,,,0,,N. Marshall bad pass TURNOVER (1 TO),"[1630230, 1629646]",1610612740.0,NOP,,,,Marshall,N. Marshall,,,,,Restricted Area,0-8 Center,,,,,,,,,,,,,1.0,Bassey,1629646.0,,,,,
268,PT07M04.00S,2022-12-23T01:49:41.5Z,2,REGULAR,steal,,[],1629646,,,1610612759,43,26,2022-12-23T01:49:43Z,2640000,False,,,0,,C. Bassey STEAL (1 STL),[1629646],1610612759.0,SAS,,,,Bassey,C. Bassey,,,,,Restricted Area,0-8 Center,,,,,,,,,,,,,,,,,,,,
269,PT06M51.00S,2022-12-23T01:49:54.1Z,2,REGULAR,turnover,lost ball,[],1629646,,,1610612759,43,26,2022-12-23T01:49:58Z,2650000,False,,,0,,C. Bassey lost ball TURNOVER (2 TO),"[1629646, 1630529]",1610612759.0,SAS,,,,Bassey,C. Bassey,,,,,Restricted Area,0-8 Center,,,,,,,,,,,,,2.0,Jones,1630529.0,,,,,
270,PT06M51.00S,2022-12-23T01:49:54.1Z,2,REGULAR,steal,,[],1630529,,,1610612740,43,26,2022-12-23T01:49:56Z,2660000,False,,,0,,H. Jones STEAL (1 STL),[1630529],1610612740.0,NOP,,,,Jones,H. Jones,,,,,Restricted Area,0-8 Center,,,,,,,,,,,,,,,,,,,,
271,PT06M47.00S,2022-12-23T01:49:58.6Z,2,REGULAR,turnover,lost ball,[],1630529,,,1610612740,43,26,2022-12-23T01:50:02Z,2670000,False,,,0,,H. Jones lost ball TURNOVER (2 TO),"[1630529, 1630170]",1610612740.0,NOP,,,,Jones,H. Jones,,,,,Mid-Range,8-16 Center,,,,,,,,,,,,,2.0,Vassell,1630170.0,,,,,
272,PT06M47.00S,2022-12-23T01:49:58.6Z,2,REGULAR,steal,,[],1630170,,,1610612759,43,26,2022-12-23T01:50:00Z,2680000,False,,,0,,D. Vassell STEAL (2 STL),[1630170],1610612759.0,SAS,,,,Vassell,D. Vassell,,,,,Mid-Range,8-16 Center,,,,,,,,,,,,,,,,,,,,
273,PT06M45.00S,2022-12-23T01:50:03.4Z,2,REGULAR,turnover,out-of-bounds,[],1630170,,,1610612759,43,26,2022-12-23T01:50:08Z,2690000,False,,,0,,D. Vassell bad pass out-of-bounds TURNOVER (2 TO),[1630170],1610612759.0,SAS,bad pass,,,Vassell,D. Vassell,,,,,Mid-Range,8-16 Right,,,,,,,,,,,,,2.0,,,200832.0,,,,
274,PT06M28.00S,2022-12-23T01:50:32.5Z,2,REGULAR,violation,kicked ball,[],1629646,,,1610612740,43,26,2022-12-23T01:50:38Z,2700000,False,,,0,,C. Bassey kicked ball VIOLATION,[1629646],1610612759.0,SAS,,,,Bassey,C. Bassey,,,,,,,,,,,,,,,,,,,,,,1201.0,,,,
275,PT06M28.00S,2022-12-23T01:50:36.7Z,2,REGULAR,substitution,out,[],1630170,,,1610612740,43,26,2022-12-23T01:50:41Z,2710000,False,,,0,,SUB out: D. Vassell,[1630170],1610612759.0,SAS,,,,Vassell,D. Vassell,,,,,,,,,,,,,,,,,,,,,,,,,,
276,PT06M28.00S,2022-12-23T01:50:36.7Z,2,REGULAR,substitution,in,[],1631103,,,1610612740,43,26,2022-12-23T01:50:41Z,2720000,False,,,0,,SUB in: M. Branham,[1631103],1610612759.0,SAS,,,,Branham,M. Branham,,,,,,,,,,,,,,,,,,,,,,,,,,
277,PT06M18.00S,2022-12-23T01:51:05.1Z,2,REGULAR,turnover,traveling,[],1626195,,,1610612740,43,26,2022-12-23T01:51:13Z,2730000,False,,,0,,W. Hernangomez traveling TURNOVER (1 TO),[1626195],1610612740.0,NOP,,,,Hernangomez,W. Hernangomez,,,,,In The Paint (Non-RA),0-8 Center,,,,,,,,,,,,,1.0,,,200832.0,,,,
278,PT05M58.00S,2022-12-23T01:51:32.0Z,2,REGULAR,3pt,Jump Shot,['fromturnover'],1631110,17.296320630749015,94.36274509803921,1610612759,43,29,2022-12-23T01:51:38Z,2740000,False,-222.0,110.0,1,left,J. Sochan 24' 3PT  (6 PTS) (J. Richardson 1 AST),"[1631110, 1626196]",1610612759.0,SAS,,,,Sochan,J. Sochan,,,,,Above the Break 3,24+ Left Center,24.76,Made,,,,,6.0,J. Richardson,1626196.0,1.0,,,,,,,,,,
280,PT05M46.00S,2022-12-23T01:51:44.4Z,2,REGULAR,3pt,Jump Shot,[],1630529,80.6340341655716,92.40196078431373,1610612740,46,29,2022-12-23T01:51:48Z,2760000,False,212.0,130.0,1,right,H. Jones 24' 3PT  (3 PTS) (C. McCollum 4 AST),"[1630529, 203468]",1610612740.0,NOP,,,,Jones,H. Jones,,,,,Above the Break 3,24+ Right Center,24.84,Made,,,,,3.0,C. McCollum,203468.0,4.0,,,,,,,,,,
282,PT05M40.00S,2022-12-23T01:51:56.1Z,2,REGULAR,foul,personal,['2freethrow'],1630230,,,1610612759,46,29,2022-12-23T01:52:08Z,2780000,False,,,0,,N. Marshall shooting personal FOUL (1 PF) (Sochan 2 FT),"[1630230, 1631110]",1610612740.0,NOP,shooting,,,Marshall,N. Marshall,,,,,In The Paint (Non-RA),0-8 Center,,,,,,,,,,,,,,,,1628171.0,1.0,0.0,Sochan,1631110.0
284,PT05M40.00S,2022-12-23T01:52:19.3Z,2,REGULAR,freethrow,1 of 2,[],1631110,,,1610612759,46,30,2022-12-23T02:20:37Z,2800000,False,,,0,,J. Sochan Free Throw 1 of 2 (7 PTS),[1631110],1610612759.0,SAS,,,,Sochan,J. Sochan,,,,,,,,Made,,,,,7.0,,,,,,,,,,,,,
285,PT05M40.00S,2022-12-23T01:52:19.3Z,2,REGULAR,freethrow,2 of 2,[],1631110,,,1610612759,46,31,2022-12-23T02:20:37Z,2810000,False,,,0,,J. Sochan Free Throw 2 of 2 (8 PTS),[1631110],1610612759.0,SAS,,,,Sochan,J. Sochan,,,,,,,,Made,,,,,8.0,,,,,,,,,,,,,
286,PT05M29.00S,2022-12-23T01:52:45.3Z,2,REGULAR,3pt,Jump Shot,[],203468,87.33574244415243,95.58823529411765,1610612740,46,31,2022-12-23T01:52:51Z,2820000,False,228.0,67.0,1,right,MISS C. McCollum pullup 3PT,[203468],1610612740.0,NOP,pullup,,,McCollum,C. McCollum,,,,,Right Corner 3,24+ Right,23.74,Missed,,,,,,,,,,,,,,,,,,
287,PT05M27.00S,2022-12-23T01:52:47.3Z,2,REGULAR,rebound,defensive,[],1626196,,,1610612759,46,31,2022-12-23T01:52:51Z,2830000,False,,,0,,J. Richardson REBOUND (Off:1 Def:1),[1626196],1610612759.0,SAS,,,,Richardson,J. Richardson,,,,,Right Corner 3,24+ Right,,,286.0,2.0,1.0,1.0,,,,,,,,,,,,,,
288,PT05M22.00S,2022-12-23T01:52:56.0Z,2,REGULAR,2pt,Layup,['pointsinthepaint'],1631110,6.389618922470433,46.32352941176471,1610612759,46,33,2022-12-23T01:53:02Z,2840000,False,18.0,8.0,1,left,J. Sochan driving Layup (10 PTS) (J. Richardson 2 AST),"[1631110, 1626196]",1610612759.0,SAS,driving,,,Sochan,J. Sochan,,,,,Restricted Area,0-8 Center,1.99,Made,,,,,10.0,J. Richardson,1626196.0,2.0,,,,,,,,,,
290,PT05M22.00S,2022-12-23T01:52:59.6Z,2,REGULAR,foul,personal,['1freethrow'],1630530,,,1610612759,46,33,2022-12-23T01:53:10Z,2860000,False,,,0,,T. Murphy III shooting personal FOUL (2 PF) (Sochan 1 FT),"[1630530, 1631110]",1610612740.0,NOP,shooting,,,Murphy III,T. Murphy III,,,,,Restricted Area,0-8 Center,,,,,,,,,,,,,,,,200832.0,2.0,0.0,Sochan,1631110.0
292,PT05M22.00S,2022-12-23T01:53:17.6Z,2,REGULAR,freethrow,1 of 1,[],1631110,,,1610612759,46,33,2022-12-23T01:53:20Z,2880000,False,,,0,,MISS J. Sochan Free Throw 1 of 1,[1631110],1610612759.0,SAS,,,,Sochan,J. Sochan,,,,,,,,Missed,,,,,,,,,,,,,,,,,,
293,PT05M20.00S,2022-12-23T01:53:19.6Z,2,REGULAR,rebound,defensive,[],1630530,,,1610612740,46,33,2022-12-23T01:53:20Z,2890000,False,,,0,,T. Murphy III REBOUND (Off:0 Def:2),[1630530],1610612740.0,NOP,,,,Murphy III,T. Murphy III,,,,,,,,,292.0,2.0,2.0,0.0,,,,,,,,,,,,,,
294,PT05M09.00S,2022-12-23T01:53:32.8Z,2,REGULAR,foul,personal,['2freethrow'],1629646,,,1610612740,46,33,2022-12-23T01:53:58Z,2900000,False,,,0,,C. Bassey shooting personal FOUL (1 PF) (Hernangomez 2 FT),"[1629646, 1626195]",1610612759.0,SAS,shooting,,,Bassey,C. Bassey,,,,,Restricted Area,0-8 Center,,,,,,,,,,,,,,,,200832.0,1.0,0.0,Hernangomez,1626195.0
296,PT05M09.00S,2022-12-23T01:53:59.5Z,2,REGULAR,freethrow,1 of 2,[],1626195,,,1610612740,47,33,2022-12-23T01:53:59Z,2920000,False,,,0,,W. Hernangomez Free Throw 1 of 2 (6 PTS),[1626195],1610612740.0,NOP,,,,Hernangomez,W. Hernangomez,,,,,,,,Made,,,,,6.0,,,,,,,,,,,,,
297,PT05M09.00S,2022-12-23T01:54:15.0Z,2,REGULAR,freethrow,2 of 2,[],1626195,,,1610612740,48,33,2022-12-23T01:54:15Z,2930000,False,,,0,,W. Hernangomez Free Throw 2 of 2 (7 PTS),[1626195],1610612740.0,NOP,,,,Hernangomez,W. Hernangomez,,,,,,,,Made,,,,,7.0,,,,,,,,,,,,,
298,PT04M55.00S,2022-12-23T01:54:30.5Z,2,REGULAR,2pt,Jump Shot,['pointsinthepaint'],1626196,16.245072273324574,44.11764705882353,1610612759,48,35,2022-12-23T01:54:34Z,2940000,False,29.0,100.0,1,left,J. Richardson 10' driving floating Jump Shot (5 PTS),[1626196],1610612759.0,SAS,driving floating,,,Richardson,J. Richardson,,,,,In The Paint (Non-RA),8-16 Center,10.44,Made,,,,,5.0,,,,,,,,,,,,,
299,PT04M47.00S,2022-12-23T01:54:37.8Z,2,REGULAR,2pt,Layup,['pointsinthepaint'],1630230,94.03745072273325,46.07843137254902,1610612740,50,35,2022-12-23T02:22:13Z,2950000,False,-20.0,4.0,1,right,N. Marshall reverse Layup (5 PTS) (C. McCollum 5 AST),"[1630230, 203468]",1610612740.0,NOP,reverse,,,Marshall,N. Marshall,,,,,Restricted Area,0-8 Center,1.99,Made,,,,,5.0,C. McCollum,203468.0,5.0,,,,,,,,,,
301,PT04M38.00S,2022-12-23T01:54:48.3Z,2,REGULAR,2pt,DUNK,['pointsinthepaint'],1631110,8.09789750328515,43.872549019607845,1610612759,50,35,2022-12-23T02:23:01Z,2970000,False,31.0,24.0,1,left,MISS J. Sochan driving DUNK - blocked,"[1631110, 1626195]",1610612759.0,SAS,driving,,,Sochan,J. Sochan,,,,,Restricted Area,0-8 Center,3.86,Missed,,,,,,,,,Hernangomez,1626195.0,,,,,,,,
302,PT04M38.00S,2022-12-23T01:54:48.3Z,2,REGULAR,block,,[],1626195,,,1610612759,50,35,2022-12-23T01:54:50Z,2980000,False,,,0,,W. Hernangomez BLOCK (1 BLK),[1626195],1610612740.0,NOP,,,,Hernangomez,W. Hernangomez,,,,,Restricted Area,0-8 Center,,,,,,,,,,,,,,,,,,,,
303,PT04M37.00S,2022-12-23T01:54:49.3Z,2,REGULAR,rebound,offensive,[],1629646,,,1610612759,50,35,2022-12-23T02:23:01Z,2990000,False,,,0,,C. Bassey REBOUND (Off:2 Def:0),[1629646],1610612759.0,SAS,,,,Bassey,C. Bassey,,,,,Restricted Area,0-8 Center,,,301.0,2.0,0.0,2.0,,,,,,,,,,,,,,
304,PT04M37.00S,2022-12-23T01:54:52.4Z,2,REGULAR,2pt,Layup,"['pointsinthepaint', '2ndchance']",1629646,8.229303547963205,51.9607843137255,1610612759,50,35,2022-12-23T02:23:49Z,3000000,False,-10.0,25.0,1,left,MISS C. Bassey putback Layup,[1629646],1610612759.0,SAS,putback,,,Bassey,C. Bassey,,,,,Restricted Area,0-8 Center,2.68,Missed,,,,,,,,,,,,,,,,,,
305,PT04M36.00S,2022-12-23T01:54:53.4Z,2,REGULAR,rebound,offensive,[],1631110,,,1610612759,50,35,2022-12-23T02:23:49Z,3010000,False,,,0,,J. Sochan REBOUND (Off:3 Def:2),[1631110],1610612759.0,SAS,,,,Sochan,J. Sochan,,,,,Restricted Area,0-8 Center,,,304.0,5.0,2.0,3.0,,,,,,,,,,,,,,
306,PT04M35.00S,2022-12-23T01:54:57.0Z,2,REGULAR,2pt,Layup,"['2ndchance', 'pointsinthepaint']",1631110,5.590000152587891,50.0,1610612759,50,37,2022-12-23T02:24:15Z,3020000,False,0.0,0.0,1,left,J. Sochan tip Layup (12 PTS),[1631110],1610612759.0,SAS,tip,,,Sochan,J. Sochan,,,,,Restricted Area,0-8 Center,0.0,Made,,,,,12.0,,,,,,,,,,,,,
307,PT04M23.00S,2022-12-23T01:55:01.9Z,2,REGULAR,2pt,Layup,['pointsinthepaint'],203468,92.9862023653088,54.166666666666664,1610612740,52,37,2022-12-23T01:55:15Z,3030000,False,21.0,13.0,1,right,C. McCollum driving Layup (11 PTS),[203468],1610612740.0,NOP,driving,,,McCollum,C. McCollum,,,,,Restricted Area,0-8 Center,2.47,Made,,,,,11.0,,,,,,,,,,,,,
308,PT04M11.00S,2022-12-23T01:55:13.5Z,2,REGULAR,2pt,Jump Shot,[],1626196,5.863994743758213,16.176470588235293,1610612759,52,39,2022-12-23T01:55:19Z,3040000,False,169.0,3.0,1,left,J. Richardson 16' Jump Shot (7 PTS) (J. Sochan 3 AST),"[1626196, 1631110]",1610612759.0,SAS,,,,Richardson,J. Richardson,,,,,Mid-Range,16-24 Right,16.91,Made,,,,,7.0,J. Sochan,1631110.0,3.0,,,,,,,,,,
310,PT04M02.00S,2022-12-23T01:55:30.0Z,2,REGULAR,foul,personal,"['inpenalty', '2freethrow']",1626196,,,1610612740,52,39,2022-12-23T01:55:44Z,3060000,False,,,0,,J. Richardson shooting personal FOUL (1 PF) (Murphy III 2 FT),"[1626196, 1630530]",1610612759.0,SAS,shooting,,,Richardson,J. Richardson,,,,,Restricted Area,0-8 Center,,,,,,,,,,,,,,,,1628171.0,1.0,0.0,Murphy III,1630530.0
312,PT04M02.00S,2022-12-23T01:55:48.5Z,2,REGULAR,freethrow,1 of 2,[],1630530,,,1610612740,53,39,2022-12-23T01:55:48Z,3080000,False,,,0,,T. Murphy III Free Throw 1 of 2 (8 PTS),[1630530],1610612740.0,NOP,,,,Murphy III,T. Murphy III,,,,,,,,Made,,,,,8.0,,,,,,,,,,,,,
313,PT04M02.00S,2022-12-23T01:55:50.3Z,2,REGULAR,substitution,out,[],1629641,,,1610612740,53,39,2022-12-23T01:55:54Z,3090000,False,,,0,,SUB out: R. Langford,[1629641],1610612759.0,SAS,,,,Langford,R. Langford,,,,,,,,,,,,,,,,,,,,,,,,,,
314,PT04M02.00S,2022-12-23T01:55:50.3Z,2,REGULAR,substitution,in,[],203926,,,1610612740,53,39,2022-12-23T01:55:54Z,3100000,False,,,0,,SUB in: D. McDermott,[203926],1610612759.0,SAS,,,,McDermott,D. McDermott,,,,,,,,,,,,,,,,,,,,,,,,,,
315,PT04M02.00S,2022-12-23T01:55:57.6Z,2,REGULAR,substitution,out,[],1626195,,,1610612740,53,39,2022-12-23T01:56:00Z,3110000,False,,,0,,SUB out: W. Hernangomez,[1626195],1610612740.0,NOP,,,,Hernangomez,W. Hernangomez,,,,,,,,,,,,,,,,,,,,,,,,,,
316,PT04M02.00S,2022-12-23T01:55:57.6Z,2,REGULAR,substitution,in,[],202685,,,1610612740,53,39,2022-12-23T01:56:00Z,3120000,False,,,0,,SUB in: J. Valanciunas,[202685],1610612740.0,NOP,,,,Valanciunas,J. Valanciunas,,,,,,,,,,,,,,,,,,,,,,,,,,
317,PT04M02.00S,2022-12-23T01:56:09.8Z,2,REGULAR,freethrow,2 of 2,[],1630530,,,1610612740,54,39,2022-12-23T01:56:09Z,3130000,False,,,0,,T. Murphy III Free Throw 2 of 2 (9 PTS),[1630530],1610612740.0,NOP,,,,Murphy III,T. Murphy III,,,,,,,,Made,,,,,9.0,,,,,,,,,,,,,
318,PT03M42.00S,2022-12-23T01:56:39.6Z,2,REGULAR,foul,personal,['2freethrow'],1630230,,,1610612759,54,39,2022-12-23T01:56:46Z,3140000,False,,,0,,N. Marshall shooting personal FOUL (2 PF) (Sochan 2 FT),"[1630230, 1631110]",1610612740.0,NOP,shooting,,,Marshall,N. Marshall,,,,,In The Paint (Non-RA),0-8 Center,,,,,,,,,,,,,,,,200832.0,2.0,0.0,Sochan,1631110.0
320,PT03M42.00S,2022-12-23T01:56:58.4Z,2,REGULAR,freethrow,1 of 2,[],1631110,,,1610612759,54,40,2022-12-23T01:56:58Z,3160000,False,,,0,,J. Sochan Free Throw 1 of 2 (13 PTS),[1631110],1610612759.0,SAS,,,,Sochan,J. Sochan,,,,,,,,Made,,,,,13.0,,,,,,,,,,,,,
321,PT03M42.00S,2022-12-23T01:57:00.6Z,2,REGULAR,substitution,out,[],1630530,,,1610612759,54,40,2022-12-23T01:57:11Z,3170000,False,,,0,,SUB out: T. Murphy III,[1630530],1610612740.0,NOP,,,,Murphy III,T. Murphy III,,,,,,,,,,,,,,,,,,,,,,,,,,
322,PT03M42.00S,2022-12-23T01:57:00.6Z,2,REGULAR,substitution,out,[],1629646,,,1610612759,54,40,2022-12-23T01:57:11Z,3180000,False,,,0,,SUB out: C. Bassey,[1629646],1610612759.0,SAS,,,,Bassey,C. Bassey,,,,,,,,,,,,,,,,,,,,,,,,,,
323,PT03M42.00S,2022-12-23T01:57:00.6Z,2,REGULAR,substitution,in,[],1630631,,,1610612759,54,40,2022-12-23T01:57:11Z,3190000,False,,,0,,SUB in: J. Alvarado,[1630631],1610612740.0,NOP,,,,Alvarado,J. Alvarado,,,,,,,,,,,,,,,,,,,,,,,,,,
324,PT03M42.00S,2022-12-23T01:57:00.6Z,2,REGULAR,substitution,in,[],1628380,,,1610612759,54,40,2022-12-23T01:57:11Z,3200000,False,,,0,,SUB in: Z. Collins,[1628380],1610612759.0,SAS,,,,Collins,Z. Collins,,,,,,,,,,,,,,,,,,,,,,,,,,
325,PT03M42.00S,2022-12-23T01:57:19.3Z,2,REGULAR,freethrow,2 of 2,[],1631110,,,1610612759,54,41,2022-12-23T01:57:19Z,3210000,False,,,0,,J. Sochan Free Throw 2 of 2 (14 PTS),[1631110],1610612759.0,SAS,,,,Sochan,J. Sochan,,,,,,,,Made,,,,,14.0,,,,,,,,,,,,,
326,PT03M30.00S,2022-12-23T01:57:34.0Z,2,REGULAR,2pt,Jump Shot,[],202685,90.3580814717477,23.774509803921568,1610612740,54,41,2022-12-23T01:57:41Z,3220000,False,-131.0,38.0,1,right,MISS J. Valanciunas 13' Jump Shot,[202685],1610612740.0,NOP,,,,Valanciunas,J. Valanciunas,,,,,Mid-Range,8-16 Left,13.65,Missed,,,,,,,,,,,,,,,,,,
327,PT03M27.00S,2022-12-23T01:57:37.0Z,2,REGULAR,rebound,defensive,[],1626196,,,1610612759,54,41,2022-12-23T01:57:41Z,3230000,False,,,0,,J. Richardson REBOUND (Off:1 Def:2),[1626196],1610612759.0,SAS,,,,Richardson,J. Richardson,,,,,Mid-Range,8-16 Left,,,326.0,3.0,2.0,1.0,,,,,,,,,,,,,,
328,PT03M09.00S,2022-12-23T01:57:55.0Z,2,REGULAR,2pt,Jump Shot,[],1628380,10.068988173455978,73.2843137254902,1610612759,54,41,2022-12-23T01:57:59Z,3240000,False,-116.0,42.0,1,left,MISS Z. Collins 12' Jump Shot,[1628380],1610612759.0,SAS,,,,Collins,Z. Collins,,,,,Mid-Range,8-16 Left,12.38,Missed,,,,,,,,,,,,,,,,,,
329,PT03M04.00S,2022-12-23T01:58:00.0Z,2,REGULAR,rebound,defensive,[],1630529,,,1610612740,54,41,2022-12-23T01:57:59Z,3250000,False,,,0,,H. Jones REBOUND (Off:0 Def:1),[1630529],1610612740.0,NOP,,,,Jones,H. Jones,,,,,Mid-Range,8-16 Left,,,328.0,1.0,1.0,0.0,,,,,,,,,,,,,,
330,PT02M57.00S,2022-12-23T01:58:09.2Z,2,REGULAR,foul,personal,"['inpenalty', '2freethrow']",1628380,,,1610612740,54,41,2022-12-23T01:58:29Z,3260000,False,,,0,,Z. Collins shooting personal FOUL (3 PF) (Valanciunas 2 FT),"[1628380, 202685]",1610612759.0,SAS,shooting,,,Collins,Z. Collins,,,,,Restricted Area,0-8 Center,,,,,,,,,,,,,,,,1201.0,3.0,0.0,Valanciunas,202685.0
332,PT02M57.00S,2022-12-23T01:58:38.1Z,2,REGULAR,timeout,full,"['team', 'mandatory']",0,,,1610612740,54,41,2022-12-23T01:58:47Z,3280000,False,,,0,,SAS Timeout,[],1610612759.0,SAS,,,,,,,,,,,,,,,,,,,,,,,,,,,,,,,
333,PT02M57.00S,2022-12-23T02:00:40.8Z,2,REGULAR,substitution,out,[],1630230,,,1610612740,54,41,2022-12-23T02:01:09Z,3290000,False,,,0,,SUB out: N. Marshall,[1630230],1610612740.0,NOP,,,,Marshall,N. Marshall,,,,,,,,,,,,,,,,,,,,,,,,,,
334,PT02M57.00S,2022-12-23T02:00:40.8Z,2,REGULAR,substitution,in,[],1630530,,,1610612740,54,41,2022-12-23T02:01:09Z,3300000,False,,,0,,SUB in: T. Murphy III,[1630530],1610612740.0,NOP,,,,Murphy III,T. Murphy III,,,,,,,,,,,,,,,,,,,,,,,,,,
335,PT02M57.00S,2022-12-23T02:01:36.0Z,2,REGULAR,freethrow,1 of 2,[],202685,,,1610612740,55,41,2022-12-23T02:01:36Z,3310000,False,,,0,,J. Valanciunas Free Throw 1 of 2 (9 PTS),[202685],1610612740.0,NOP,,,,Valanciunas,J. Valanciunas,,,,,,,,Made,,,,,9.0,,,,,,,,,,,,,
336,PT02M57.00S,2022-12-23T02:01:52.9Z,2,REGULAR,freethrow,2 of 2,[],202685,,,1610612740,56,41,2022-12-23T02:01:52Z,3320000,False,,,0,,J. Valanciunas Free Throw 2 of 2 (10 PTS),[202685],1610612740.0,NOP,,,,Valanciunas,J. Valanciunas,,,,,,,,Made,,,,,10.0,,,,,,,,,,,,,
337,PT02M43.00S,2022-12-23T02:02:10.1Z,2,REGULAR,turnover,bad pass,[],1626196,,,1610612759,56,41,2022-12-23T02:02:14Z,3330000,False,,,0,,J. Richardson bad pass TURNOVER (1 TO),"[1626196, 1630530]",1610612759.0,SAS,,,,Richardson,J. Richardson,,,,,Above the Break 3,24+ Left Center,,,,,,,,,,,,,1.0,Murphy III,1630530.0,,,,,
338,PT02M43.00S,2022-12-23T02:02:10.1Z,2,REGULAR,steal,,[],1630530,,,1610612740,56,41,2022-12-23T02:02:12Z,3340000,False,,,0,,T. Murphy III STEAL (2 STL),[1630530],1610612740.0,NOP,,,,Murphy III,T. Murphy III,,,,,Above the Break 3,24+ Left Center,,,,,,,,,,,,,,,,,,,,
339,PT02M38.00S,2022-12-23T02:02:14.2Z,2,REGULAR,3pt,Jump Shot,"['fromturnover', 'fastbreak']",1630530,71.56701708278581,79.90196078431373,1610612740,56,41,2022-12-23T02:02:19Z,3350000,False,150.0,215.0,1,right,MISS T. Murphy III 26' 3PT,[1630530],1610612740.0,NOP,,,,Murphy III,T. Murphy III,,,,,Above the Break 3,24+ Right Center,26.17,Missed,,,,,,,,,,,,,,,,,,
340,PT02M35.00S,2022-12-23T02:02:17.2Z,2,REGULAR,rebound,defensive,[],203926,,,1610612759,56,41,2022-12-23T02:02:19Z,3360000,False,,,0,,D. McDermott REBOUND (Off:1 Def:3),[203926],1610612759.0,SAS,,,,McDermott,D. McDermott,,,,,Above the Break 3,24+ Right Center,,,339.0,4.0,3.0,1.0,,,,,,,,,,,,,,
341,PT02M28.00S,2022-12-23T02:02:24.3Z,2,REGULAR,3pt,Jump Shot,[],1626196,17.427726675427067,93.87254901960785,1610612759,56,41,2022-12-23T02:02:28Z,3370000,False,-219.0,111.0,1,left,MISS J. Richardson 24' 3PT,[1626196],1610612759.0,SAS,,,,Richardson,J. Richardson,,,,,Above the Break 3,24+ Left Center,24.6,Missed,,,,,,,,,,,,,,,,,,
342,PT02M25.00S,2022-12-23T02:02:27.3Z,2,REGULAR,rebound,defensive,[],203468,,,1610612740,56,41,2022-12-23T02:02:28Z,3380000,False,,,0,,C. McCollum REBOUND (Off:0 Def:5),[203468],1610612740.0,NOP,,,,McCollum,C. McCollum,,,,,Above the Break 3,24+ Left Center,,,341.0,5.0,5.0,0.0,,,,,,,,,,,,,,
343,PT02M20.00S,2022-12-23T02:02:32.7Z,2,REGULAR,2pt,Jump Shot,"['pointsinthepaint', 'fastbreak']",203468,91.67214191852825,41.66666666666667,1610612740,58,41,2022-12-23T02:02:39Z,3390000,False,-42.0,26.0,1,right,C. McCollum driving floating bank Jump Shot (13 PTS),[203468],1610612740.0,NOP,driving floating bank,,,McCollum,C. McCollum,,,,,In The Paint (Non-RA),0-8 Center,4.9,Made,,,,,13.0,,,,,,,,,,,,,
344,PT02M06.00S,2022-12-23T02:02:51.9Z,2,REGULAR,foul,personal,"['inpenalty', '2freethrow']",1630530,,,1610612759,58,41,2022-12-23T02:02:59Z,3400000,False,,,0,,T. Murphy III shooting personal FOUL (3 PF) (Sochan 2 FT),"[1630530, 1631110]",1610612740.0,NOP,shooting,,,Murphy III,T. Murphy III,,,,,Restricted Area,0-8 Center,,,,,,,,,,,,,,,,1201.0,3.0,0.0,Sochan,1631110.0
346,PT02M06.00S,2022-12-23T02:03:17.7Z,2,REGULAR,freethrow,1 of 2,[],1631110,,,1610612759,58,42,2022-12-23T02:03:40Z,3420000,False,,,0,,J. Sochan Free Throw 1 of 2 (15 PTS),[1631110],1610612759.0,SAS,,,,Sochan,J. Sochan,,,,,,,,Made,,,,,15.0,,,,,,,,,,,,,
347,PT02M06.00S,2022-12-23T02:03:18.6Z,2,REGULAR,substitution,out,[],1630530,,,1610612759,58,42,2022-12-23T02:03:30Z,3430000,False,,,0,,SUB out: T. Murphy III,[1630530],1610612740.0,NOP,,,,Murphy III,T. Murphy III,,,,,,,,,,,,,,,,,,,,,,,,,,
348,PT02M06.00S,2022-12-23T02:03:18.6Z,2,REGULAR,substitution,out,[],1626196,,,1610612759,58,42,2022-12-23T02:03:30Z,3440000,False,,,0,,SUB out: J. Richardson,[1626196],1610612759.0,SAS,,,,Richardson,J. Richardson,,,,,,,,,,,,,,,,,,,,,,,,,,
349,PT02M06.00S,2022-12-23T02:03:18.6Z,2,REGULAR,substitution,out,[],1631103,,,1610612759,58,42,2022-12-23T02:03:30Z,3450000,False,,,0,,SUB out: M. Branham,[1631103],1610612759.0,SAS,,,,Branham,M. Branham,,,,,,,,,,,,,,,,,,,,,,,,,,
350,PT02M06.00S,2022-12-23T02:03:18.6Z,2,REGULAR,substitution,in,[],1630700,,,1610612759,58,42,2022-12-23T02:03:30Z,3460000,False,,,0,,SUB in: D. Daniels,[1630700],1610612740.0,NOP,,,,Daniels,D. Daniels,,,,,,,,,,,,,,,,,,,,,,,,,,
351,PT02M06.00S,2022-12-23T02:03:18.6Z,2,REGULAR,substitution,in,[],1630200,,,1610612759,58,42,2022-12-23T02:03:30Z,3470000,False,,,0,,SUB in: T. Jones,[1630200],1610612759.0,SAS,,,,Jones,T. Jones,,,,,,,,,,,,,,,,,,,,,,,,,,
352,PT02M06.00S,2022-12-23T02:03:18.6Z,2,REGULAR,substitution,in,[],1630170,,,1610612759,58,42,2022-12-23T02:03:30Z,3480000,False,,,0,,SUB in: D. Vassell,[1630170],1610612759.0,SAS,,,,Vassell,D. Vassell,,,,,,,,,,,,,,,,,,,,,,,,,,
353,PT02M06.00S,2022-12-23T02:03:17.7Z,2,REGULAR,freethrow,2 of 2,[],1631110,,,1610612759,58,42,2022-12-23T02:03:40Z,3490000,False,,,0,,MISS J. Sochan Free Throw 2 of 2,[1631110],1610612759.0,SAS,,,,Sochan,J. Sochan,,,,,,,,Missed,,,,,,,,,,,,,,,,,,
354,PT02M03.00S,2022-12-23T02:03:20.7Z,2,REGULAR,rebound,defensive,[],1630529,,,1610612740,58,42,2022-12-23T02:03:40Z,3500000,False,,,0,,H. Jones REBOUND (Off:0 Def:2),[1630529],1610612740.0,NOP,,,,Jones,H. Jones,,,,,,,,,353.0,2.0,2.0,0.0,,,,,,,,,,,,,,
355,PT01M52.00S,2022-12-23T02:03:50.2Z,2,REGULAR,2pt,DUNK,['pointsinthepaint'],1630529,93.64323258869908,50.49019607843137,1610612740,60,42,2022-12-23T02:03:55Z,3510000,False,2.0,7.0,1,right,H. Jones cutting DUNK (5 PTS) (J. Valanciunas 1 AST),"[1630529, 202685]",1610612740.0,NOP,cutting,,,Jones,H. Jones,,,,,Restricted Area,0-8 Center,0.77,Made,,,,,5.0,J. Valanciunas,202685.0,1.0,,,,,,,,,,
357,PT01M32.00S,2022-12-23T02:04:21.9Z,2,REGULAR,foul,personal,"['inpenalty', '2freethrow']",202685,,,1610612759,60,42,2022-12-23T02:04:29Z,3530000,False,,,0,,J. Valanciunas personal FOUL (2 PF) (Collins 2 FT),"[202685, 1628380]",1610612740.0,NOP,,,,Valanciunas,J. Valanciunas,,,,,Restricted Area,0-8 Center,,,,,,,,,,,,,,,,1628171.0,2.0,0.0,Collins,1628380.0
359,PT01M32.00S,2022-12-23T02:04:39.1Z,2,REGULAR,freethrow,1 of 2,[],1628380,,,1610612759,60,43,2022-12-23T02:04:39Z,3550000,False,,,0,,Z. Collins Free Throw 1 of 2 (1 PTS),[1628380],1610612759.0,SAS,,,,Collins,Z. Collins,,,,,,,,Made,,,,,1.0,,,,,,,,,,,,,
360,PT01M32.00S,2022-12-23T02:04:54.6Z,2,REGULAR,freethrow,2 of 2,[],1628380,,,1610612759,60,44,2022-12-23T02:04:54Z,3560000,False,,,0,,Z. Collins Free Throw 2 of 2 (2 PTS),[1628380],1610612759.0,SAS,,,,Collins,Z. Collins,,,,,,,,Made,,,,,2.0,,,,,,,,,,,,,
361,PT01M18.00S,2022-12-23T02:05:09.6Z,2,REGULAR,3pt,Jump Shot,[],1630529,92.9862023653088,96.07843137254902,1610612740,63,44,2022-12-23T02:05:14Z,3570000,False,230.0,13.0,1,right,H. Jones 3PT  (8 PTS) (C. McCollum 6 AST),"[1630529, 203468]",1610612740.0,NOP,,,,Jones,H. Jones,,,,,Right Corner 3,24+ Right,23.08,Made,,,,,8.0,C. McCollum,203468.0,6.0,,,,,,,,,,
363,PT01M02.00S,2022-12-23T02:05:25.9Z,2,REGULAR,turnover,bad pass,[],1630200,,,1610612759,63,44,2022-12-23T02:05:31Z,3590000,False,,,0,,T. Jones bad pass TURNOVER (2 TO),"[1630200, 1630529]",1610612759.0,SAS,,,,Jones,T. Jones,,,,,Mid-Range,16-24 Left,,,,,,,,,,,,,2.0,Jones,1630529.0,,,,,
364,PT01M02.00S,2022-12-23T02:05:25.9Z,2,REGULAR,steal,,[],1630529,,,1610612740,63,44,2022-12-23T02:05:28Z,3600000,False,,,0,,H. Jones STEAL (2 STL),[1630529],1610612740.0,NOP,,,,Jones,H. Jones,,,,,Mid-Range,16-24 Left,,,,,,,,,,,,,,,,,,,,
365,PT01M00.00S,2022-12-23T02:05:29.5Z,2,REGULAR,2pt,DUNK,"['pointsinthepaint', 'fromturnover', 'fastbreak']",1630529,92.85479632063075,50.0,1610612740,65,44,2022-12-23T02:05:35Z,3610000,False,0.0,15.0,1,right,H. Jones running DUNK (10 PTS),[1630529],1610612740.0,NOP,running,,,Jones,H. Jones,,,,,Restricted Area,0-8 Center,1.47,Made,,,,,10.0,,,,,,,,,,,,,
366,PT00M44.30S,2022-12-23T02:05:52.6Z,2,REGULAR,2pt,Jump Shot,[],1628380,5.995400788436268,25.0,1610612759,65,44,2022-12-23T02:05:57Z,3620000,False,125.0,4.0,1,left,MISS Z. Collins 12' pullup Shot,[1628380],1610612759.0,SAS,pullup,,,Collins,Z. Collins,,,,,Mid-Range,8-16 Right,12.51,Missed,,,,,,,,,,,,,,,,,,
367,PT00M41.30S,2022-12-23T02:05:55.6Z,2,REGULAR,rebound,defensive,[],203468,,,1610612740,65,44,2022-12-23T02:05:57Z,3630000,False,,,0,,C. McCollum REBOUND (Off:0 Def:6),[203468],1610612740.0,NOP,,,,McCollum,C. McCollum,,,,,Mid-Range,8-16 Right,,,366.0,6.0,6.0,0.0,,,,,,,,,,,,,,
368,PT00M31.70S,2022-12-23T02:06:05.5Z,2,REGULAR,2pt,Jump Shot,[],203468,79.45137976346912,29.411764705882355,1610612740,65,44,2022-12-23T02:06:12Z,3640000,False,-103.0,141.0,1,right,MISS C. McCollum 17' step back Shot,[203468],1610612740.0,NOP,step back,,,McCollum,C. McCollum,,,,,Mid-Range,16-24 Left Center,17.43,Missed,,,,,,,,,,,,,,,,,,
369,PT00M27.70S,2022-12-23T02:06:09.5Z,2,REGULAR,rebound,defensive,[],1628380,,,1610612759,65,44,2022-12-23T02:06:12Z,3650000,False,,,0,,Z. Collins REBOUND (Off:1 Def:1),[1628380],1610612759.0,SAS,,,,Collins,Z. Collins,,,,,Mid-Range,16-24 Left Center,,,368.0,2.0,1.0,1.0,,,,,,,,,,,,,,
370,PT00M22.20S,2022-12-23T02:06:22.6Z,2,REGULAR,foul,personal,"['inpenalty', '2freethrow']",1630529,,,1610612759,65,44,2022-12-23T02:06:33Z,3660000,False,,,0,,H. Jones shooting personal FOUL (1 PF) (Jones 2 FT),"[1630529, 1630200]",1610612740.0,NOP,shooting,,,Jones,H. Jones,,,,,Restricted Area,0-8 Center,,,,,,,,,,,,,,,,1201.0,1.0,0.0,Jones,1630200.0
372,PT00M22.20S,2022-12-23T02:06:42.7Z,2,REGULAR,freethrow,1 of 2,[],1630200,,,1610612759,65,45,2022-12-23T02:06:42Z,3680000,False,,,0,,T. Jones Free Throw 1 of 2 (10 PTS),[1630200],1610612759.0,SAS,,,,Jones,T. Jones,,,,,,,,Made,,,,,10.0,,,,,,,,,,,,,
373,PT00M22.20S,2022-12-23T02:06:44.8Z,2,REGULAR,substitution,out,[],202685,,,1610612759,65,45,2022-12-23T02:06:56Z,3690000,False,,,0,,SUB out: J. Valanciunas,[202685],1610612740.0,NOP,,,,Valanciunas,J. Valanciunas,,,,,,,,,,,,,,,,,,,,,,,,,,
374,PT00M22.20S,2022-12-23T02:06:44.8Z,2,REGULAR,substitution,out,[],203926,,,1610612759,65,45,2022-12-23T02:06:56Z,3700000,False,,,0,,SUB out: D. McDermott,[203926],1610612759.0,SAS,,,,McDermott,D. McDermott,,,,,,,,,,,,,,,,,,,,,,,,,,
375,PT00M22.20S,2022-12-23T02:06:44.8Z,2,REGULAR,substitution,out,[],1628380,,,1610612759,65,45,2022-12-23T02:06:56Z,3710000,False,,,0,,SUB out: Z. Collins,[1628380],1610612759.0,SAS,,,,Collins,Z. Collins,,,,,,,,,,,,,,,,,,,,,,,,,,
376,PT00M22.20S,2022-12-23T02:06:44.8Z,2,REGULAR,substitution,in,[],1626195,,,1610612759,65,45,2022-12-23T02:06:56Z,3720000,False,,,0,,SUB in: W. Hernangomez,[1626195],1610612740.0,NOP,,,,Hernangomez,W. Hernangomez,,,,,,,,,,,,,,,,,,,,,,,,,,
377,PT00M22.20S,2022-12-23T02:06:44.8Z,2,REGULAR,substitution,in,[],1628966,,,1610612759,65,45,2022-12-23T02:06:56Z,3730000,False,,,0,,SUB in: K. Bates-Diop,[1628966],1610612759.0,SAS,,,,Bates-Diop,K. Bates-Diop,,,,,,,,,,,,,,,,,,,,,,,,,,
378,PT00M22.20S,2022-12-23T02:06:44.8Z,2,REGULAR,substitution,in,[],1629646,,,1610612759,65,45,2022-12-23T02:06:56Z,3740000,False,,,0,,SUB in: C. Bassey,[1629646],1610612759.0,SAS,,,,Bassey,C. Bassey,,,,,,,,,,,,,,,,,,,,,,,,,,
379,PT00M22.20S,2022-12-23T02:07:06.3Z,2,REGULAR,freethrow,2 of 2,[],1630200,,,1610612759,65,46,2022-12-23T02:07:06Z,3750000,False,,,0,,T. Jones Free Throw 2 of 2 (11 PTS),[1630200],1610612759.0,SAS,,,,Jones,T. Jones,,,,,,,,Made,,,,,11.0,,,,,,,,,,,,,
380,PT00M01.80S,2022-12-23T02:07:29.1Z,2,REGULAR,3pt,Jump Shot,[],203468,95.3515111695138,97.54901960784314,1610612740,65,46,2022-12-23T02:07:35Z,3760000,False,238.0,-9.0,1,right,MISS C. McCollum step back 3PT,[203468],1610612740.0,NOP,step back,,,McCollum,C. McCollum,,,,,Right Corner 3,24+ Right,23.79,Missed,,,,,,,,,,,,,,,,,,
381,PT00M01.80S,2022-12-23T02:07:29.1Z,2,REGULAR,rebound,defensive,[],1630170,,,1610612759,65,46,2022-12-23T02:07:35Z,3770000,False,,,0,,D. Vassell REBOUND (Off:0 Def:6),[1630170],1610612759.0,SAS,,,,Vassell,D. Vassell,,,,,Right Corner 3,24+ Right,,,380.0,6.0,6.0,0.0,,,,,,,,,,,,,,
382,PT00M00.00S,2022-12-23T02:07:39.6Z,2,REGULAR,period,end,[],0,,,1610612759,65,46,2022-12-23T02:07:39Z,3780000,False,,,0,,Period End,[],,,,,,,,,,,,,,,,,,,,,,,,,,,,,,,,,
383,PT12M00.00S,2022-12-23T02:22:30.4Z,3,REGULAR,substitution,out,['startperiod'],1630700,,,1610612759,65,46,2022-12-23T02:22:49Z,3790000,False,,,0,,SUB out: D. Daniels,[1630700],1610612740.0,NOP,,,,Daniels,D. Daniels,,,,,,,,,,,,,,,,,,,,,,,,,,
384,PT12M00.00S,2022-12-23T02:22:30.4Z,3,REGULAR,substitution,out,['startperiod'],1630631,,,1610612759,65,46,2022-12-23T02:22:49Z,3800000,False,,,0,,SUB out: J. Alvarado,[1630631],1610612740.0,NOP,,,,Alvarado,J. Alvarado,,,,,,,,,,,,,,,,,,,,,,,,,,
385,PT12M00.00S,2022-12-23T02:22:30.4Z,3,REGULAR,substitution,out,['startperiod'],1626195,,,1610612759,65,46,2022-12-23T02:22:49Z,3810000,False,,,0,,SUB out: W. Hernangomez,[1626195],1610612740.0,NOP,,,,Hernangomez,W. Hernangomez,,,,,,,,,,,,,,,,,,,,,,,,,,
386,PT12M00.00S,2022-12-23T02:22:30.4Z,3,REGULAR,substitution,out,['startperiod'],1628966,,,1610612759,65,46,2022-12-23T02:22:49Z,3820000,False,,,0,,SUB out: K. Bates-Diop,[1628966],1610612759.0,SAS,,,,Bates-Diop,K. Bates-Diop,,,,,,,,,,,,,,,,,,,,,,,,,,
387,PT12M00.00S,2022-12-23T02:22:30.4Z,3,REGULAR,substitution,out,['startperiod'],1629646,,,1610612759,65,46,2022-12-23T02:22:49Z,3830000,False,,,0,,SUB out: C. Bassey,[1629646],1610612759.0,SAS,,,,Bassey,C. Bassey,,,,,,,,,,,,,,,,,,,,,,,,,,
388,PT12M00.00S,2022-12-23T02:22:30.4Z,3,REGULAR,substitution,in,['startperiod'],1630230,,,1610612759,65,46,2022-12-23T02:22:49Z,3840000,False,,,0,,SUB in: N. Marshall,[1630230],1610612740.0,NOP,,,,Marshall,N. Marshall,,,,,,,,,,,,,,,,,,,,,,,,,,
389,PT12M00.00S,2022-12-23T02:22:30.4Z,3,REGULAR,substitution,in,['startperiod'],202685,,,1610612759,65,46,2022-12-23T02:22:49Z,3850000,False,,,0,,SUB in: J. Valanciunas,[202685],1610612740.0,NOP,,,,Valanciunas,J. Valanciunas,,,,,,,,,,,,,,,,,,,,,,,,,,
390,PT12M00.00S,2022-12-23T02:22:30.4Z,3,REGULAR,substitution,in,['startperiod'],1630530,,,1610612759,65,46,2022-12-23T02:22:49Z,3860000,False,,,0,,SUB in: T. Murphy III,[1630530],1610612740.0,NOP,,,,Murphy III,T. Murphy III,,,,,,,,,,,,,,,,,,,,,,,,,,
391,PT12M00.00S,2022-12-23T02:22:30.4Z,3,REGULAR,substitution,in,['startperiod'],1627751,,,1610612759,65,46,2022-12-23T02:22:49Z,3870000,False,,,0,,SUB in: J. Poeltl,[1627751],1610612759.0,SAS,,,,Poeltl,J. Poeltl,,,,,,,,,,,,,,,,,,,,,,,,,,
392,PT12M00.00S,2022-12-23T02:22:30.4Z,3,REGULAR,substitution,in,['startperiod'],1629641,,,1610612759,65,46,2022-12-23T02:22:49Z,3880000,False,,,0,,SUB in: R. Langford,[1629641],1610612759.0,SAS,,,,Langford,R. Langford,,,,,,,,,,,,,,,,,,,,,,,,,,
393,PT12M00.00S,2022-12-23T02:22:53.8Z,3,REGULAR,period,start,[],0,,,1610612740,65,46,2022-12-23T02:22:53Z,3890000,False,,,0,,Period Start,[],,,,,,,,,,,,,,,,,,,,,,,,,,,,,,,,,
394,PT11M34.00S,2022-12-23T02:23:18.8Z,3,REGULAR,2pt,Layup,['pointsinthepaint'],202685,6.521024967148489,55.14705882352941,1610612740,65,46,2022-12-23T02:23:23Z,3900000,False,-26.0,9.0,1,left,MISS J. Valanciunas driving Layup,[202685],1610612740.0,NOP,driving,,,Valanciunas,J. Valanciunas,,,,,Restricted Area,0-8 Center,2.72,Missed,,,,,,,,,,,,,,,,,,
395,PT11M30.00S,2022-12-23T02:23:22.4Z,3,REGULAR,rebound,offensive,[],202685,,,1610612740,65,46,2022-12-23T02:23:22Z,3910000,False,,,0,,J. Valanciunas REBOUND (Off:5 Def:4),[202685],1610612740.0,NOP,,,,Valanciunas,J. Valanciunas,,,,,Restricted Area,0-8 Center,,,394.0,9.0,4.0,5.0,,,,,,,,,,,,,,
396,PT11M30.00S,2022-12-23T02:23:22.4Z,3,REGULAR,2pt,Layup,"['pointsinthepaint', '2ndchance']",202685,5.590000152587891,50.0,1610612740,67,46,2022-12-23T02:23:22Z,3920000,False,0.0,0.0,1,left,J. Valanciunas tip Layup (12 PTS),[202685],1610612740.0,NOP,tip,,,Valanciunas,J. Valanciunas,,,,,Mid-Range,8-16 Left,0.0,Made,,,,,12.0,,,,,,,,,,,,,
397,PT11M20.00S,2022-12-23T02:23:32.8Z,3,REGULAR,3pt,Jump Shot,[],1631110,80.89684625492772,92.8921568627451,1610612759,67,49,2022-12-23T02:23:39Z,3930000,False,214.0,127.0,1,right,J. Sochan 24' 3PT  (18 PTS) (D. Vassell 4 AST),"[1631110, 1630170]",1610612759.0,SAS,,,,Sochan,J. Sochan,,,,,Above the Break 3,24+ Right Center,24.93,Made,,,,,18.0,D. Vassell,1630170.0,4.0,,,,,,,,,,
399,PT11M02.00S,2022-12-23T02:23:52.4Z,3,REGULAR,foul,personal,['3freethrow'],1629641,,,1610612740,67,49,2022-12-23T02:24:16Z,3950000,False,,,0,,R. Langford shooting personal FOUL (3 PF) (McCollum 3 FT),"[1629641, 203468]",1610612759.0,SAS,shooting,,,Langford,R. Langford,,,,,Above the Break 3,24+ Right Center,,,,,,,,,,,,,,,,200832.0,3.0,0.0,McCollum,203468.0
401,PT11M02.00S,2022-12-23T02:24:21.2Z,3,REGULAR,freethrow,1 of 3,[],203468,,,1610612740,68,49,2022-12-23T02:24:21Z,3970000,False,,,0,,C. McCollum Free Throw 1 of 3 (14 PTS),[203468],1610612740.0,NOP,,,,McCollum,C. McCollum,,,,,,,,Made,,,,,14.0,,,,,,,,,,,,,
402,PT11M02.00S,2022-12-23T02:24:38.2Z,3,REGULAR,freethrow,2 of 3,[],203468,,,1610612740,69,49,2022-12-23T02:24:38Z,3980000,False,,,0,,C. McCollum Free Throw 2 of 3 (15 PTS),[203468],1610612740.0,NOP,,,,McCollum,C. McCollum,,,,,,,,Made,,,,,15.0,,,,,,,,,,,,,
403,PT11M02.00S,2022-12-23T02:24:56.2Z,3,REGULAR,freethrow,3 of 3,[],203468,,,1610612740,70,49,2022-12-23T02:24:56Z,3990000,False,,,0,,C. McCollum Free Throw 3 of 3 (16 PTS),[203468],1610612740.0,NOP,,,,McCollum,C. McCollum,,,,,,,,Made,,,,,16.0,,,,,,,,,,,,,
404,PT10M49.00S,2022-12-23T02:25:09.7Z,3,REGULAR,2pt,Jump Shot,['pointsinthepaint'],1630200,85.10183968462549,60.29411764705882,1610612759,70,51,2022-12-23T02:25:13Z,4000000,False,51.0,88.0,1,right,T. Jones 10' driving floating Jump Shot (13 PTS),[1630200],1610612759.0,SAS,driving floating,,,Jones,T. Jones,,,,,In The Paint (Non-RA),8-16 Center,10.15,Made,,,,,13.0,,,,,,,,,,,,,
405,PT10M35.00S,2022-12-23T02:25:24.1Z,3,REGULAR,3pt,Jump Shot,[],1630529,27.808804204993432,80.14705882352942,1610612740,70,51,2022-12-23T02:25:29Z,4010000,False,-151.0,209.0,1,left,MISS H. Jones 25' 3PT,[1630529],1610612740.0,NOP,,,,Jones,H. Jones,,,,,Above the Break 3,24+ Left Center,25.76,Missed,,,,,,,,,,,,,,,,,,
406,PT10M31.00S,2022-12-23T02:25:28.1Z,3,REGULAR,rebound,defensive,[],1631110,,,1610612759,70,51,2022-12-23T02:25:29Z,4020000,False,,,0,,J. Sochan REBOUND (Off:3 Def:3),[1631110],1610612759.0,SAS,,,,Sochan,J. Sochan,,,,,Above the Break 3,24+ Left Center,,,405.0,6.0,3.0,3.0,,,,,,,,,,,,,,
407,PT10M25.00S,2022-12-23T02:25:33.5Z,3,REGULAR,2pt,Layup,['pointsinthepaint'],1629641,93.24901445466492,53.67647058823529,1610612759,70,53,2022-12-23T02:25:39Z,4030000,False,18.0,11.0,1,right,R. Langford cutting Layup (2 PTS) (J. Sochan 4 AST),"[1629641, 1631110]",1610612759.0,SAS,cutting,,,Langford,R. Langford,,,,,Restricted Area,0-8 Center,2.14,Made,,,,,2.0,J. Sochan,1631110.0,4.0,,,,,,,,,,
409,PT10M14.00S,2022-12-23T02:25:45.0Z,3,REGULAR,2pt,Layup,['pointsinthepaint'],202685,13.091327201051248,51.71568627450981,1610612740,72,53,2022-12-23T02:25:50Z,4050000,False,-9.0,71.0,1,left,J. Valanciunas 7' cutting Layup (14 PTS) (C. McCollum 7 AST),"[202685, 203468]",1610612740.0,NOP,cutting,,,Valanciunas,J. Valanciunas,,,,,In The Paint (Non-RA),0-8 Center,7.11,Made,,,,,14.0,C. McCollum,203468.0,7.0,,,,,,,,,,
411,PT10M03.00S,2022-12-23T02:26:01.2Z,3,REGULAR,foul,personal,[],1630529,,,1610612759,72,53,2022-12-23T02:26:35Z,4070000,False,,,0,,H. Jones personal FOUL (2 PF),"[1630529, 1631110]",1610612740.0,NOP,,,,Jones,H. Jones,,,,,Restricted Area,0-8 Center,,,,,,,,,,,,,,,,200832.0,2.0,0.0,Sochan,1631110.0
413,PT09M56.00S,2022-12-23T02:26:28.2Z,3,REGULAR,3pt,Jump Shot,[],1630170,90.22667542706965,4.166666666666666,1610612759,72,56,2022-12-23T02:26:39Z,4090000,False,-229.0,39.0,1,right,D. Vassell 3PT  (5 PTS) (T. Jones 1 AST),"[1630170, 1630200]",1610612759.0,SAS,,,,Vassell,D. Vassell,,,,,Left Corner 3,24+ Left,23.26,Made,,,,,5.0,T. Jones,1630200.0,1.0,,,,,,,,,,
415,PT09M36.00S,2022-12-23T02:26:48.7Z,3,REGULAR,2pt,Jump Shot,[],1630529,30.17411300919842,50.0,1610612740,72,56,2022-12-23T02:28:05Z,4110000,False,0.0,231.0,1,left,MISS H. Jones 23' pullup Shot,[1630529],1610612740.0,NOP,pullup,,,Jones,H. Jones,,,,,Mid-Range,16-24 Center,23.11,Missed,,,,,,,,,,,,,,,,,,
416,PT09M33.00S,2022-12-23T02:26:51.7Z,3,REGULAR,rebound,offensive,[],1630230,,,1610612740,72,56,2022-12-23T02:26:53Z,4120000,False,,,0,,N. Marshall REBOUND (Off:2 Def:2),[1630230],1610612740.0,NOP,,,,Marshall,N. Marshall,,,,,Mid-Range,16-24 Center,,,415.0,4.0,2.0,2.0,,,,,,,,,,,,,,
417,PT09M30.00S,2022-12-23T02:26:53.6Z,3,REGULAR,2pt,Layup,"['pointsinthepaint', '2ndchance']",1630230,7.440867279894875,47.05882352941176,1610612740,72,56,2022-12-23T02:27:00Z,4130000,False,15.0,17.0,1,left,MISS N. Marshall driving finger roll Layup,[1630230],1610612740.0,NOP,driving finger roll,,,Marshall,N. Marshall,,,,,Restricted Area,0-8 Center,2.28,Missed,,,,,,,,,,,,,,,,,,
418,PT09M30.00S,2022-12-23T02:26:57.4Z,3,REGULAR,rebound,offensive,['team'],0,,,1610612740,72,56,2022-12-23T02:26:57Z,4140000,False,,,0,,TEAM offensive REBOUND,[],1610612740.0,NOP,,,,,,,,,,Restricted Area,0-8 Center,,,417.0,,,,,,,,,,,,,,,,,
420,PT09M28.00S,2022-12-23T02:27:14.0Z,3,REGULAR,3pt,Jump Shot,['2ndchance'],203468,6.389618922470433,96.07843137254902,1610612740,72,56,2022-12-23T02:27:18Z,4160000,False,-230.0,8.0,1,left,MISS C. McCollum 3PT,[203468],1610612740.0,NOP,,,,McCollum,C. McCollum,,,,,Left Corner 3,24+ Left,23.05,Missed,,,,,,,,,,,,,,,,,,
421,PT09M25.00S,2022-12-23T02:27:17.0Z,3,REGULAR,rebound,defensive,[],1630170,,,1610612759,72,56,2022-12-23T02:27:18Z,4170000,False,,,0,,D. Vassell REBOUND (Off:0 Def:7),[1630170],1610612759.0,SAS,,,,Vassell,D. Vassell,,,,,Left Corner 3,24+ Left,,,420.0,7.0,7.0,0.0,,,,,,,,,,,,,,
422,PT09M05.00S,2022-12-23T02:27:36.9Z,3,REGULAR,3pt,Jump Shot,[],1631110,91.14651773981603,3.1862745098039214,1610612759,72,56,2022-12-23T02:27:40Z,4180000,False,-234.0,31.0,1,right,MISS J. Sochan 3PT,[1631110],1610612759.0,SAS,,,,Sochan,J. Sochan,,,,,Left Corner 3,24+ Left,23.61,Missed,,,,,,,,,,,,,,,,,,
423,PT09M02.00S,2022-12-23T02:27:39.9Z,3,REGULAR,rebound,defensive,[],1630530,,,1610612740,72,56,2022-12-23T02:27:40Z,4190000,False,,,0,,T. Murphy III REBOUND (Off:0 Def:3),[1630530],1610612740.0,NOP,,,,Murphy III,T. Murphy III,,,,,Left Corner 3,24+ Left,,,422.0,3.0,3.0,0.0,,,,,,,,,,,,,,
424,PT08M57.00S,2022-12-23T02:27:44.7Z,3,REGULAR,turnover,lost ball,[],203468,,,1610612740,72,56,2022-12-23T02:27:49Z,4200000,False,,,0,,C. McCollum lost ball TURNOVER (4 TO),"[203468, 1629641]",1610612740.0,NOP,,,,McCollum,C. McCollum,,,,,Above the Break 3,24+ Right Center,,,,,,,,,,,,,4.0,Langford,1629641.0,,,,,
425,PT08M57.00S,2022-12-23T02:27:44.7Z,3,REGULAR,steal,,[],1629641,,,1610612759,72,56,2022-12-23T02:27:47Z,4210000,False,,,0,,R. Langford STEAL (1 STL),[1629641],1610612759.0,SAS,,,,Langford,R. Langford,,,,,Above the Break 3,24+ Right Center,,,,,,,,,,,,,,,,,,,,
426,PT08M48.00S,2022-12-23T02:27:53.8Z,3,REGULAR,3pt,Jump Shot,['fromturnover'],1630170,71.69842312746385,25.0,1610612759,72,56,2022-12-23T02:28:07Z,4220000,False,-125.0,214.0,1,right,MISS D. Vassell 24' pullup 3PT,[1630170],1610612759.0,SAS,pullup,,,Vassell,D. Vassell,,,,,Above the Break 3,24+ Left Center,24.74,Missed,,,,,,,,,,,,,,,,,,
427,PT08M48.00S,2022-12-23T02:27:53.8Z,3,REGULAR,rebound,defensive,[],202685,,,1610612740,72,56,2022-12-23T02:28:21Z,4230000,False,,,0,,J. Valanciunas REBOUND (Off:5 Def:5),[202685],1610612740.0,NOP,,,,Valanciunas,J. Valanciunas,,,,,Above the Break 3,24+ Left Center,,,426.0,10.0,5.0,5.0,,,,,,,,,,,,,,
430,PT08M46.00S,2022-12-23T02:27:57.8Z,3,REGULAR,turnover,bad pass,[],202685,,,1610612740,72,56,2022-12-23T02:28:55Z,4235000,False,,,0,,J. Valanciunas bad pass TURNOVER (1 TO),"[202685, 1627751]",1610612740.0,NOP,,,,Valanciunas,J. Valanciunas,,,,,In The Paint (Non-RA),0-8 Center,,,,,,,,,,,,,1.0,Poeltl,1627751.0,,,,,
431,PT08M46.00S,2022-12-23T02:27:57.8Z,3,REGULAR,steal,,[],1627751,,,1610612759,72,56,2022-12-23T02:28:43Z,4237500,False,,,0,,J. Poeltl STEAL (1 STL),[1627751],1610612759.0,SAS,,,,Poeltl,J. Poeltl,,,,,In The Paint (Non-RA),0-8 Center,,,,,,,,,,,,,,,,,,,,
428,PT08M41.00S,2022-12-23T02:28:01.8Z,3,REGULAR,2pt,Layup,"['pointsinthepaint', 'fromturnover']",1627751,93.64323258869908,46.568627450980394,1610612759,72,58,2022-12-23T02:28:43Z,4240000,False,-17.0,7.0,1,right,J. Poeltl driving Layup (2 PTS),[1627751],1610612759.0,SAS,driving,,,Poeltl,J. Poeltl,,,,,Restricted Area,0-8 Center,1.87,Made,,,,,2.0,,,,,,,,,,,,,
429,PT08M41.00S,2022-12-23T02:28:16.2Z,3,REGULAR,timeout,full,"['team', 'mandatory']",0,,,1610612740,72,58,2022-12-23T02:28:16Z,4250000,False,,,0,,NOP Timeout,[],1610612740.0,NOP,,,,,,,,,,,,,,,,,,,,,,,,,,,,,,,
432,PT08M27.00S,2022-12-23T02:31:10.6Z,3,REGULAR,2pt,Jump Shot,['pointsinthepaint'],203468,15.062417871222076,50.49019607843137,1610612740,74,58,2022-12-23T02:31:15Z,4260000,False,-2.0,89.0,1,left,C. McCollum 8' driving floating Jump Shot (18 PTS),[203468],1610612740.0,NOP,driving floating,,,McCollum,C. McCollum,,,,,In The Paint (Non-RA),8-16 Center,8.91,Made,,,,,18.0,,,,,,,,,,,,,
433,PT08M17.00S,2022-12-23T02:31:22.5Z,3,REGULAR,turnover,out-of-bounds,[],1629641,,,1610612759,74,58,2022-12-23T02:31:27Z,4270000,False,,,0,,R. Langford lost ball out-of-bounds TURNOVER (2 TO),[1629641],1610612759.0,SAS,lost ball,,,Langford,R. Langford,,,,,Restricted Area,0-8 Center,,,,,,,,,,,,,2.0,,,200832.0,,,,
434,PT08M01.00S,2022-12-23T02:31:58.5Z,3,REGULAR,foul,offensive,[],1630230,,,1610612740,74,58,2022-12-23T02:32:31Z,4280000,False,,,0,,N. Marshall off-the-ball offensive FOUL (3 PF),"[1630230, 1629641]",1610612740.0,NOP,off-the-ball,,,Marshall,N. Marshall,,,,,In The Paint (Non-RA),8-16 Right,,,,,,,,,,,,,,,,1628171.0,3.0,0.0,Langford,1629641.0
436,PT08M01.00S,2022-12-23T02:31:58.5Z,3,REGULAR,turnover,offensive foul,[],1630230,,,1610612740,74,58,2022-12-23T02:31:58Z,4300000,False,,,0,,N. Marshall offensive foul TURNOVER (2 TO),[1630230],1610612740.0,NOP,,,,Marshall,N. Marshall,,,,,In The Paint (Non-RA),8-16 Right,,,,,,,,,,,,,2.0,,,1628171.0,,,,
437,PT07M47.00S,2022-12-23T02:32:19.1Z,3,REGULAR,2pt,Hook,"['pointsinthepaint', 'fromturnover']",1627751,84.05059132720105,50.73529411764706,1610612759,74,60,2022-12-23T02:32:24Z,4310000,False,4.0,97.0,1,right,J. Poeltl 9' Hook (4 PTS) (J. Sochan 5 AST),"[1627751, 1631110]",1610612759.0,SAS,,,,Poeltl,J. Poeltl,,,,,In The Paint (Non-RA),8-16 Center,9.75,Made,,,,,4.0,J. Sochan,1631110.0,5.0,,,,,,,,,,
439,PT07M47.00S,2022-12-23T02:32:22.1Z,3,REGULAR,foul,personal,['1freethrow'],202685,,,1610612759,74,60,2022-12-23T02:32:28Z,4330000,False,,,0,,J. Valanciunas shooting personal FOUL (3 PF) (Poeltl 1 FT),"[202685, 1627751]",1610612740.0,NOP,shooting,,,Valanciunas,J. Valanciunas,,,,,In The Paint (Non-RA),8-16 Center,,,,,,,,,,,,,,,,1201.0,3.0,0.0,Poeltl,1627751.0
441,PT07M47.00S,2022-12-23T02:32:43.7Z,3,REGULAR,freethrow,1 of 1,['fromturnover'],1627751,,,1610612759,74,61,2022-12-23T02:32:43Z,4350000,False,,,0,,J. Poeltl Free Throw 1 of 1 (5 PTS),[1627751],1610612759.0,SAS,,,,Poeltl,J. Poeltl,,,,,,,,Made,,,,,5.0,,,,,,,,,,,,,
442,PT07M30.00S,2022-12-23T02:33:02.0Z,3,REGULAR,2pt,DUNK,['pointsinthepaint'],202685,5.995400788436268,49.754901960784316,1610612740,76,61,2022-12-23T02:33:05Z,4360000,False,1.0,4.0,1,left,J. Valanciunas cutting DUNK (16 PTS) (N. Marshall 2 AST),"[202685, 1630230]",1610612740.0,NOP,cutting,,,Valanciunas,J. Valanciunas,,,,,Restricted Area,0-8 Center,0.41,Made,,,,,16.0,N. Marshall,1630230.0,2.0,,,,,,,,,,
444,PT07M13.00S,2022-12-23T02:33:18.9Z,3,REGULAR,2pt,Layup,['pointsinthepaint'],1627751,93.9060446780552,47.05882352941176,1610612759,76,63,2022-12-23T02:33:24Z,4380000,False,-15.0,5.0,1,right,J. Poeltl driving Layup (7 PTS),[1627751],1610612759.0,SAS,driving,,,Poeltl,J. Poeltl,,,,,Restricted Area,0-8 Center,1.55,Made,,,,,7.0,,,,,,,,,,,,,
446,PT07M01.00S,2022-12-23T02:33:34.2Z,3,REGULAR,2pt,Jump Shot,['pointsinthepaint'],203468,5.469776609724048,52.20588235294118,1610612740,78,63,2022-12-23T02:36:17Z,4400000,False,-11.0,-1.0,1,left,C. McCollum driving floating Jump Shot (20 PTS),[203468],1610612740.0,NOP,driving floating,,,McCollum,C. McCollum,,,,,Restricted Area,0-8 Center,1.11,Made,,,,,20.0,,,,,,,,,,,,,
447,PT07M01.00S,2022-12-23T02:33:37.0Z,3,REGULAR,foul,personal,['1freethrow'],1629641,,,1610612740,78,63,2022-12-23T02:34:07Z,4410000,False,,,0,,R. Langford shooting personal FOUL (4 PF) (McCollum 1 FT),"[1629641, 203468]",1610612759.0,SAS,shooting,,,Langford,R. Langford,,,,,Restricted Area,0-8 Center,,,,,,,,,,,,,,,,1201.0,4.0,0.0,McCollum,203468.0
449,PT07M01.00S,2022-12-23T02:34:02.7Z,3,REGULAR,substitution,out,[],202685,,,1610612740,78,63,2022-12-23T02:34:26Z,4430000,False,,,0,,SUB out: J. Valanciunas,[202685],1610612740.0,NOP,,,,Valanciunas,J. Valanciunas,,,,,,,,,,,,,,,,,,,,,,,,,,
450,PT07M01.00S,2022-12-23T02:34:02.7Z,3,REGULAR,substitution,in,[],1626195,,,1610612740,78,63,2022-12-23T02:34:26Z,4440000,False,,,0,,SUB in: W. Hernangomez,[1626195],1610612740.0,NOP,,,,Hernangomez,W. Hernangomez,,,,,,,,,,,,,,,,,,,,,,,,,,
451,PT07M01.00S,2022-12-23T02:34:15.9Z,3,REGULAR,freethrow,1 of 1,[],203468,,,1610612740,79,63,2022-12-23T02:34:15Z,4450000,False,,,0,,C. McCollum Free Throw 1 of 1 (21 PTS),[203468],1610612740.0,NOP,,,,McCollum,C. McCollum,,,,,,,,Made,,,,,21.0,,,,,,,,,,,,,
452,PT06M55.00S,2022-12-23T02:34:23.2Z,3,REGULAR,3pt,Jump Shot,[],1630170,76.03482260183968,88.23529411764706,1610612759,79,63,2022-12-23T02:34:27Z,4460000,False,191.0,173.0,1,right,MISS D. Vassell 25' 3PT,[1630170],1610612759.0,SAS,,,,Vassell,D. Vassell,,,,,Above the Break 3,24+ Right Center,25.77,Missed,,,,,,,,,,,,,,,,,,
453,PT06M51.00S,2022-12-23T02:34:27.2Z,3,REGULAR,rebound,defensive,[],1630530,,,1610612740,79,63,2022-12-23T02:34:27Z,4470000,False,,,0,,T. Murphy III REBOUND (Off:0 Def:4),[1630530],1610612740.0,NOP,,,,Murphy III,T. Murphy III,,,,,Above the Break 3,24+ Right Center,,,452.0,4.0,4.0,0.0,,,,,,,,,,,,,,
454,PT06M43.00S,2022-12-23T02:34:48.5Z,3,REGULAR,substitution,out,[],1630200,,,1610612740,79,63,2022-12-23T02:34:52Z,4480000,False,,,0,,SUB out: T. Jones,[1630200],1610612759.0,SAS,,,,Jones,T. Jones,,,,,,,,,,,,,,,,,,,,,,,,,,
455,PT06M43.00S,2022-12-23T02:34:48.5Z,3,REGULAR,substitution,in,[],1626196,,,1610612740,79,63,2022-12-23T02:34:52Z,4490000,False,,,0,,SUB in: J. Richardson,[1626196],1610612759.0,SAS,,,,Richardson,J. Richardson,,,,,,,,,,,,,,,,,,,,,,,,,,
456,PT06M40.00S,2022-12-23T02:35:12.7Z,3,REGULAR,jumpball,recovered,[],1630530,,,1610612740,79,63,2022-12-23T02:35:12Z,4500000,False,,,0,,Jump Ball C. McCollum vs. D. Vassell: Tip to T. Murphy III,"[1630530, 203468, 1630170]",1610612740.0,NOP,heldball,T. Murphy III,1630530.0,Murphy III,T. Murphy III,McCollum,203468.0,Vassell,1630170.0,,,,,,,,,,,,,,,,,,,,,,
459,PT06M26.00S,2022-12-23T02:35:27.5Z,3,REGULAR,2pt,Jump Shot,['pointsinthepaint'],1630230,13.61695137976347,37.254901960784316,1610612740,81,63,2022-12-23T02:35:33Z,4530000,False,64.0,75.0,1,left,N. Marshall 9' driving floating Jump Shot (7 PTS) (C. McCollum 8 AST),"[1630230, 203468]",1610612740.0,NOP,driving floating,,,Marshall,N. Marshall,,,,,In The Paint (Non-RA),8-16 Right,9.88,Made,,,,,7.0,C. McCollum,203468.0,8.0,,,,,,,,,,
461,PT06M25.00S,2022-12-23T02:35:34.5Z,3,REGULAR,timeout,full,"['team', 'mandatory']",0,,,1610612759,81,63,2022-12-23T02:35:34Z,4550000,False,,,0,,SAS Timeout,[],1610612759.0,SAS,,,,,,,,,,,,,,,,,,,,,,,,,,,,,,,
462,PT06M09.00S,2022-12-23T02:38:48.4Z,3,REGULAR,2pt,Jump Shot,[],1626196,78.40013140604468,64.2156862745098,1610612759,81,63,2022-12-23T02:44:08Z,4560000,False,71.0,151.0,1,right,MISS J. Richardson 16' pullup Shot,[1626196],1610612759.0,SAS,pullup,,,Richardson,J. Richardson,,,,,Mid-Range,16-24 Right Center,16.64,Missed,,,,,,,,,,,,,,,,,,
463,PT06M07.00S,2022-12-23T02:38:50.4Z,3,REGULAR,rebound,defensive,[],1626195,,,1610612740,81,63,2022-12-23T02:38:55Z,4570000,False,,,0,,W. Hernangomez REBOUND (Off:1 Def:1),[1626195],1610612740.0,NOP,,,,Hernangomez,W. Hernangomez,,,,,Mid-Range,16-24 Right Center,,,462.0,2.0,1.0,1.0,,,,,,,,,,,,,,
465,PT06M07.00S,2022-12-23T02:39:01.4Z,3,REGULAR,foul,personal,[],1629641,,,1610612740,81,63,2022-12-23T02:39:09Z,4590000,False,,,0,,R. Langford personal FOUL (5 PF),"[1629641, 1626195]",1610612759.0,SAS,,,,Langford,R. Langford,,,,,Mid-Range,8-16 Left,,,,,,,,,,,,,,,,200832.0,5.0,0.0,Hernangomez,1626195.0
467,PT05M52.00S,2022-12-23T02:39:21.3Z,3,REGULAR,turnover,bad pass,[],203468,,,1610612740,81,63,2022-12-23T02:39:30Z,4610000,False,,,0,,C. McCollum bad pass TURNOVER (5 TO),"[203468, 1630170]",1610612740.0,NOP,,,,McCollum,C. McCollum,,,,,Above the Break 3,24+ Center,,,,,,,,,,,,,5.0,Vassell,1630170.0,,,,,
468,PT05M52.00S,2022-12-23T02:39:21.3Z,3,REGULAR,steal,,[],1630170,,,1610612759,81,63,2022-12-23T02:39:23Z,4620000,False,,,0,,D. Vassell STEAL (3 STL),[1630170],1610612759.0,SAS,,,,Vassell,D. Vassell,,,,,Above the Break 3,24+ Center,,,,,,,,,,,,,,,,,,,,
469,PT05M47.00S,2022-12-23T02:39:35.7Z,3,REGULAR,foul,personal,[],1626195,,,1610612759,81,63,2022-12-23T02:39:40Z,4630000,False,,,0,,W. Hernangomez personal FOUL (2 PF),"[1626195, 1627751]",1610612740.0,NOP,,,,Hernangomez,W. Hernangomez,,,,,Mid-Range,8-16 Right,,,,,,,,,,,,,,,,1201.0,2.0,0.0,Poeltl,1627751.0
471,PT05M47.00S,2022-12-23T02:39:40.3Z,3,REGULAR,substitution,out,[],1630230,,,1610612759,81,63,2022-12-23T02:39:46Z,4650000,False,,,0,,SUB out: N. Marshall,[1630230],1610612740.0,NOP,,,,Marshall,N. Marshall,,,,,,,,,,,,,,,,,,,,,,,,,,
472,PT05M47.00S,2022-12-23T02:39:40.3Z,3,REGULAR,substitution,out,[],1629641,,,1610612759,81,63,2022-12-23T02:39:46Z,4660000,False,,,0,,SUB out: R. Langford,[1629641],1610612759.0,SAS,,,,Langford,R. Langford,,,,,,,,,,,,,,,,,,,,,,,,,,
473,PT05M47.00S,2022-12-23T02:39:40.3Z,3,REGULAR,substitution,in,[],1630700,,,1610612759,81,63,2022-12-23T02:39:46Z,4670000,False,,,0,,SUB in: D. Daniels,[1630700],1610612740.0,NOP,,,,Daniels,D. Daniels,,,,,,,,,,,,,,,,,,,,,,,,,,
474,PT05M47.00S,2022-12-23T02:39:40.3Z,3,REGULAR,substitution,in,[],1631103,,,1610612759,81,63,2022-12-23T02:39:46Z,4680000,False,,,0,,SUB in: M. Branham,[1631103],1610612759.0,SAS,,,,Branham,M. Branham,,,,,,,,,,,,,,,,,,,,,,,,,,
475,PT05M32.00S,2022-12-23T02:40:07.2Z,3,REGULAR,2pt,Layup,"['pointsinthepaint', 'fromturnover']",1627751,94.03745072273325,52.94117647058824,1610612759,81,65,2022-12-23T02:40:17Z,4690000,False,15.0,4.0,1,right,J. Poeltl Layup (9 PTS) (D. Vassell 5 AST),"[1627751, 1630170]",1610612759.0,SAS,,,,Poeltl,J. Poeltl,,,,,Restricted Area,0-8 Center,1.51,Made,,,,,9.0,D. Vassell,1630170.0,5.0,,,,,,,,,,
478,PT05M06.00S,2022-12-23T02:40:49.8Z,3,REGULAR,2pt,Layup,['pointsinthepaint'],1630530,5.995400788436268,46.568627450980394,1610612740,83,65,2022-12-23T02:40:54Z,4720000,False,17.0,4.0,1,left,T. Murphy III driving Layup (11 PTS),[1630530],1610612740.0,NOP,driving,,,Murphy III,T. Murphy III,,,,,Restricted Area,0-8 Center,1.76,Made,,,,,11.0,,,,,,,,,,,,,
480,PT04M55.00S,2022-12-23T02:41:01.0Z,3,REGULAR,2pt,Jump Shot,['pointsinthepaint'],1631110,87.86136662286465,57.84313725490197,1610612759,83,65,2022-12-23T02:41:07Z,4740000,False,39.0,62.0,1,right,MISS J. Sochan 7' floating Shot,[1631110],1610612759.0,SAS,floating,,,Sochan,J. Sochan,,,,,In The Paint (Non-RA),0-8 Center,7.3,Missed,,,,,,,,,,,,,,,,,,
481,PT04M54.00S,2022-12-23T02:41:02.8Z,3,REGULAR,rebound,offensive,[],1627751,,,1610612759,83,65,2022-12-23T02:41:02Z,4750000,False,,,0,,J. Poeltl REBOUND (Off:1 Def:2),[1627751],1610612759.0,SAS,,,,Poeltl,J. Poeltl,,,,,In The Paint (Non-RA),0-8 Center,,,480.0,3.0,2.0,1.0,,,,,,,,,,,,,,
482,PT04M52.00S,2022-12-23T02:41:04.9Z,3,REGULAR,2pt,Jump Shot,['2ndchance'],1630170,80.6340341655716,67.8921568627451,1610612759,83,67,2022-12-23T02:49:13Z,4760000,False,89.0,130.0,1,right,D. Vassell 15' pullup Jump Shot (7 PTS) (J. Poeltl 1 AST),"[1630170, 1627751]",1610612759.0,SAS,pullup,,,Vassell,D. Vassell,,,,,Mid-Range,8-16 Right,15.74,Made,,,,,7.0,J. Poeltl,1627751.0,1.0,,,,,,,,,,
484,PT04M35.00S,2022-12-23T02:41:21.0Z,3,REGULAR,3pt,Jump Shot,[],1626195,27.151773981603156,77.20588235294117,1610612740,83,67,2022-12-23T02:41:29Z,4780000,False,-136.0,203.0,1,left,MISS W. Hernangomez 24' 3PT,[1626195],1610612740.0,NOP,,,,Hernangomez,W. Hernangomez,,,,,Above the Break 3,24+ Left Center,24.41,Missed,,,,,,,,,,,,,,,,,,
485,PT04M32.00S,2022-12-23T02:41:24.0Z,3,REGULAR,rebound,defensive,[],1630170,,,1610612759,83,67,2022-12-23T02:41:29Z,4790000,False,,,0,,D. Vassell REBOUND (Off:0 Def:8),[1630170],1610612759.0,SAS,,,,Vassell,D. Vassell,,,,,Above the Break 3,24+ Left Center,,,484.0,8.0,8.0,0.0,,,,,,,,,,,,,,
486,PT04M23.00S,2022-12-23T02:41:33.1Z,3,REGULAR,3pt,Jump Shot,[],1631110,77.08607095926413,87.5,1610612759,83,67,2022-12-23T02:41:37Z,4800000,False,188.0,163.0,1,right,MISS J. Sochan 24' 3PT,[1631110],1610612759.0,SAS,,,,Sochan,J. Sochan,,,,,Above the Break 3,24+ Right Center,24.84,Missed,,,,,,,,,,,,,,,,,,
487,PT04M20.00S,2022-12-23T02:41:36.1Z,3,REGULAR,rebound,defensive,[],1630700,,,1610612740,83,67,2022-12-23T02:41:37Z,4810000,False,,,0,,D. Daniels REBOUND (Off:0 Def:2),[1630700],1610612740.0,NOP,,,,Daniels,D. Daniels,,,,,Above the Break 3,24+ Right Center,,,486.0,2.0,2.0,0.0,,,,,,,,,,,,,,
488,PT04M06.00S,2022-12-23T02:41:50.5Z,3,REGULAR,3pt,Jump Shot,[],203468,28.991458607095925,24.754901960784316,1610612740,83,67,2022-12-23T02:41:59Z,4820000,False,126.0,220.0,1,left,MISS C. McCollum 25' 3PT,[203468],1610612740.0,NOP,,,,McCollum,C. McCollum,,,,,Above the Break 3,24+ Right Center,25.36,Missed,,,,,,,,,,,,,,,,,,
489,PT04M02.00S,2022-12-23T02:41:54.5Z,3,REGULAR,rebound,offensive,[],1630529,,,1610612740,83,67,2022-12-23T02:41:59Z,4830000,False,,,0,,H. Jones REBOUND (Off:1 Def:2),[1630529],1610612740.0,NOP,,,,Jones,H. Jones,,,,,Above the Break 3,24+ Right Center,,,488.0,3.0,2.0,1.0,,,,,,,,,,,,,,
490,PT03M54.00S,2022-12-23T02:42:05.2Z,3,REGULAR,foul,personal,['2freethrow'],1626196,,,1610612740,83,67,2022-12-23T02:42:13Z,4840000,False,,,0,,J. Richardson shooting personal FOUL (2 PF) (Murphy III 2 FT),"[1626196, 1630530]",1610612759.0,SAS,shooting,,,Richardson,J. Richardson,,,,,In The Paint (Non-RA),8-16 Right,,,,,,,,,,,,,,,,1201.0,2.0,0.0,Murphy III,1630530.0
492,PT03M54.00S,2022-12-23T02:42:26.7Z,3,REGULAR,freethrow,1 of 2,['2ndchance'],1630530,,,1610612740,84,67,2022-12-23T02:42:26Z,4860000,False,,,0,,T. Murphy III Free Throw 1 of 2 (12 PTS),[1630530],1610612740.0,NOP,,,,Murphy III,T. Murphy III,,,,,,,,Made,,,,,12.0,,,,,,,,,,,,,
493,PT03M54.00S,2022-12-23T02:42:27.5Z,3,REGULAR,substitution,out,[],1630170,,,1610612740,84,67,2022-12-23T02:42:42Z,4870000,False,,,0,,SUB out: D. Vassell,[1630170],1610612759.0,SAS,,,,Vassell,D. Vassell,,,,,,,,,,,,,,,,,,,,,,,,,,
494,PT03M54.00S,2022-12-23T02:42:27.5Z,3,REGULAR,substitution,out,[],1627751,,,1610612740,84,67,2022-12-23T02:42:42Z,4880000,False,,,0,,SUB out: J. Poeltl,[1627751],1610612759.0,SAS,,,,Poeltl,J. Poeltl,,,,,,,,,,,,,,,,,,,,,,,,,,
495,PT03M54.00S,2022-12-23T02:42:27.5Z,3,REGULAR,substitution,in,[],1626169,,,1610612740,84,67,2022-12-23T02:42:42Z,4890000,False,,,0,,SUB in: S. Johnson,[1626169],1610612759.0,SAS,,,,Johnson,S. Johnson,,,,,,,,,,,,,,,,,,,,,,,,,,
496,PT03M54.00S,2022-12-23T02:42:27.5Z,3,REGULAR,substitution,in,[],1628380,,,1610612740,84,67,2022-12-23T02:42:42Z,4900000,False,,,0,,SUB in: Z. Collins,[1628380],1610612759.0,SAS,,,,Collins,Z. Collins,,,,,,,,,,,,,,,,,,,,,,,,,,
497,PT03M54.00S,2022-12-23T02:42:46.7Z,3,REGULAR,freethrow,2 of 2,['2ndchance'],1630530,,,1610612740,85,67,2022-12-23T02:42:46Z,4910000,False,,,0,,T. Murphy III Free Throw 2 of 2 (13 PTS),[1630530],1610612740.0,NOP,,,,Murphy III,T. Murphy III,,,,,,,,Made,,,,,13.0,,,,,,,,,,,,,
498,PT03M40.00S,2022-12-23T02:43:02.9Z,3,REGULAR,2pt,Jump Shot,[],1626196,79.58278580814718,49.01960784313725,1610612759,85,67,2022-12-23T02:43:08Z,4920000,False,-5.0,139.0,1,right,MISS J. Richardson 13' pullup Shot,[1626196],1610612759.0,SAS,pullup,,,Richardson,J. Richardson,,,,,Mid-Range,8-16 Center,13.95,Missed,,,,,,,,,,,,,,,,,,
499,PT03M36.00S,2022-12-23T02:43:06.9Z,3,REGULAR,rebound,defensive,[],1626195,,,1610612740,85,67,2022-12-23T02:43:08Z,4930000,False,,,0,,W. Hernangomez REBOUND (Off:1 Def:2),[1626195],1610612740.0,NOP,,,,Hernangomez,W. Hernangomez,,,,,Mid-Range,8-16 Center,,,498.0,3.0,2.0,1.0,,,,,,,,,,,,,,
500,PT03M28.00S,2022-12-23T02:43:15.4Z,3,REGULAR,2pt,Jump Shot,[],203468,13.091327201051248,33.088235294117645,1610612740,85,67,2022-12-23T02:43:22Z,4940000,False,85.0,71.0,1,left,MISS C. McCollum 11' driving floating Shot,[203468],1610612740.0,NOP,driving floating,,,McCollum,C. McCollum,,,,,Mid-Range,8-16 Right,11.02,Missed,,,,,,,,,,,,,,,,,,
501,PT03M26.00S,2022-12-23T02:43:17.4Z,3,REGULAR,rebound,offensive,[],1626195,,,1610612740,85,67,2022-12-23T02:59:19Z,4950000,False,,,0,,W. Hernangomez REBOUND (Off:2 Def:2),[1626195],1610612740.0,NOP,,,,Hernangomez,W. Hernangomez,,,,,Mid-Range,8-16 Right,,,500.0,4.0,2.0,2.0,,,,,,,,,,,,,,
580,PT03M25.00S,2022-12-23T02:43:17.3Z,3,REGULAR,2pt,Layup,"['pointsinthepaint', '2ndchance']",1626195,6.701708278580814,53.69944852941176,1610612740,85,67,2022-12-23T02:59:46Z,4955000,False,-18.0,10.0,1,left,MISS W. Hernangomez tip Layup,[1626195],1610612740.0,NOP,tip,,,Hernangomez,W. Hernangomez,,,,,Restricted Area,0-8 Center,2.13,Missed,,,,,,,,,,,,,,,,,,
581,PT03M24.00S,2022-12-23T02:43:18.3Z,3,REGULAR,rebound,offensive,[],1626195,,,1610612740,85,67,2022-12-23T02:59:46Z,4957500,False,,,0,,W. Hernangomez REBOUND (Off:3 Def:2),[1626195],1610612740.0,NOP,,,,Hernangomez,W. Hernangomez,,,,,Restricted Area,0-8 Center,,,580.0,5.0,2.0,3.0,,,,,,,,,,,,,,
502,PT03M23.00S,2022-12-23T02:43:19.3Z,3,REGULAR,2pt,Layup,"['pointsinthepaint', '2ndchance']",1626195,5.590000152587891,50.0,1610612740,85,67,2022-12-23T02:59:32Z,4960000,False,0.0,0.0,1,left,MISS W. Hernangomez tip Layup,[1626195],1610612740.0,NOP,tip,,,Hernangomez,W. Hernangomez,,,,,Restricted Area,0-8 Center,0.0,Missed,,,,,,,,,,,,,,,,,,
503,PT03M22.00S,2022-12-23T02:43:20.3Z,3,REGULAR,rebound,offensive,[],1626195,,,1610612740,85,67,2022-12-23T02:43:31Z,4970000,False,,,0,,W. Hernangomez REBOUND (Off:4 Def:2),[1626195],1610612740.0,NOP,,,,Hernangomez,W. Hernangomez,,,,,Restricted Area,0-8 Center,,,502.0,6.0,2.0,4.0,,,,,,,,,,,,,,
504,PT03M21.00S,2022-12-23T02:43:20.9Z,3,REGULAR,turnover,lost ball,[],1626195,,,1610612740,85,67,2022-12-23T02:43:28Z,4980000,False,,,0,,W. Hernangomez lost ball TURNOVER (2 TO),"[1626195, 1631110]",1610612740.0,NOP,,,,Hernangomez,W. Hernangomez,,,,,In The Paint (Non-RA),8-16 Center,,,,,,,,,,,,,2.0,Sochan,1631110.0,,,,,
505,PT03M21.00S,2022-12-23T02:43:20.9Z,3,REGULAR,steal,,[],1631110,,,1610612759,85,67,2022-12-23T02:43:22Z,4990000,False,,,0,,J. Sochan STEAL (1 STL),[1631110],1610612759.0,SAS,,,,Sochan,J. Sochan,,,,,In The Paint (Non-RA),8-16 Center,,,,,,,,,,,,,,,,,,,,
506,PT03M19.00S,2022-12-23T02:43:27.5Z,3,REGULAR,foul,offensive,[],1631110,,,1610612759,85,67,2022-12-23T02:43:34Z,5000000,False,,,0,,J. Sochan charge offensive FOUL (1 PF),"[1631110, 1630529]",1610612759.0,SAS,charge,,,Sochan,J. Sochan,,,,,In The Paint (Non-RA),0-8 Center,,,,,,,,,,,,,,,,1201.0,1.0,0.0,Jones,1630529.0
508,PT03M19.00S,2022-12-23T02:43:27.5Z,3,REGULAR,turnover,offensive foul,[],1631110,,,1610612759,85,67,2022-12-23T02:43:27Z,5020000,False,,,0,,J. Sochan offensive foul TURNOVER (2 TO),[1631110],1610612759.0,SAS,,,,Sochan,J. Sochan,,,,,In The Paint (Non-RA),0-8 Center,,,,,,,,,,,,,2.0,,,1201.0,,,,
509,PT03M19.00S,2022-12-23T02:43:33.8Z,3,REGULAR,substitution,out,[],1630529,,,1610612740,85,67,2022-12-23T02:43:44Z,5030000,False,,,0,,SUB out: H. Jones,[1630529],1610612740.0,NOP,,,,Jones,H. Jones,,,,,,,,,,,,,,,,,,,,,,,,,,
510,PT03M19.00S,2022-12-23T02:43:33.8Z,3,REGULAR,substitution,out,[],1630530,,,1610612740,85,67,2022-12-23T02:43:44Z,5040000,False,,,0,,SUB out: T. Murphy III,[1630530],1610612740.0,NOP,,,,Murphy III,T. Murphy III,,,,,,,,,,,,,,,,,,,,,,,,,,
511,PT03M19.00S,2022-12-23T02:43:33.8Z,3,REGULAR,substitution,out,[],1631110,,,1610612740,85,67,2022-12-23T02:43:44Z,5050000,False,,,0,,SUB out: J. Sochan,[1631110],1610612759.0,SAS,,,,Sochan,J. Sochan,,,,,,,,,,,,,,,,,,,,,,,,,,
512,PT03M19.00S,2022-12-23T02:43:33.8Z,3,REGULAR,substitution,in,[],1630631,,,1610612740,85,67,2022-12-23T02:43:44Z,5060000,False,,,0,,SUB in: J. Alvarado,[1630631],1610612740.0,NOP,,,,Alvarado,J. Alvarado,,,,,,,,,,,,,,,,,,,,,,,,,,
513,PT03M19.00S,2022-12-23T02:43:33.8Z,3,REGULAR,substitution,in,[],1629637,,,1610612740,85,67,2022-12-23T02:43:44Z,5070000,False,,,0,,SUB in: J. Hayes,[1629637],1610612740.0,NOP,,,,Hayes,J. Hayes,,,,,,,,,,,,,,,,,,,,,,,,,,
514,PT03M19.00S,2022-12-23T02:43:33.8Z,3,REGULAR,substitution,in,[],1630200,,,1610612740,85,67,2022-12-23T02:43:44Z,5080000,False,,,0,,SUB in: T. Jones,[1630200],1610612759.0,SAS,,,,Jones,T. Jones,,,,,,,,,,,,,,,,,,,,,,,,,,
515,PT03M10.00S,2022-12-23T02:44:03.4Z,3,REGULAR,foul,personal,"['inpenalty', '2freethrow']",1631103,,,1610612740,85,67,2022-12-23T02:45:03Z,5090000,False,,,0,,M. Branham personal FOUL (2 PF) (Hernangomez 2 FT),"[1631103, 1626195]",1610612759.0,SAS,,,,Branham,M. Branham,,,,,Above the Break 3,24+ Center,,,,,,,,,,,,,,,,1628171.0,2.0,0.0,Hernangomez,1626195.0
517,PT03M10.00S,2022-12-23T02:45:04.2Z,3,REGULAR,freethrow,1 of 2,['fromturnover'],1626195,,,1610612740,86,67,2022-12-23T02:45:04Z,5110000,False,,,0,,W. Hernangomez Free Throw 1 of 2 (8 PTS),[1626195],1610612740.0,NOP,,,,Hernangomez,W. Hernangomez,,,,,,,,Made,,,,,8.0,,,,,,,,,,,,,
518,PT03M10.00S,2022-12-23T02:45:22.0Z,3,REGULAR,freethrow,2 of 2,['fromturnover'],1626195,,,1610612740,87,67,2022-12-23T02:45:22Z,5120000,False,,,0,,W. Hernangomez Free Throw 2 of 2 (9 PTS),[1626195],1610612740.0,NOP,,,,Hernangomez,W. Hernangomez,,,,,,,,Made,,,,,9.0,,,,,,,,,,,,,
519,PT02M55.00S,2022-12-23T02:45:47.2Z,3,REGULAR,foul,technical,['1freethrow'],203468,,,1610612759,87,67,2022-12-23T02:45:58Z,5130000,False,,,0,,C. McCollum defensive-3-second technical FOUL (1 Tech),[203468],1610612740.0,NOP,defensive-3-second,,,McCollum,C. McCollum,,,,,In The Paint (Non-RA),8-16 Right,,,,,,,,,,,,,,,,1201.0,0.0,1.0,,
520,PT02M55.00S,2022-12-23T02:46:03.0Z,3,REGULAR,freethrow,1 of 1,[],1626196,,,1610612759,87,68,2022-12-23T02:46:03Z,5140000,False,,,0,,J. Richardson technical Free Throw 1 of 1 (8 PTS),[1626196],1610612759.0,SAS,technical,,,Richardson,J. Richardson,,,,,,,,Made,,,,,8.0,,,,,,,,,,,,,
521,PT02M43.00S,2022-12-23T02:46:29.8Z,3,REGULAR,2pt,Jump Shot,[],1628380,77.7431011826544,39.21568627450981,1610612759,87,68,2022-12-23T02:46:40Z,5150000,False,-54.0,157.0,1,right,MISS Z. Collins 16' Jump Shot,[1628380],1610612759.0,SAS,,,,Collins,Z. Collins,,,,,Mid-Range,16-24 Left Center,16.57,Missed,,,,,,,,,,,,,,,,,,
522,PT02M40.00S,2022-12-23T02:46:32.8Z,3,REGULAR,rebound,defensive,[],1629637,,,1610612740,87,68,2022-12-23T02:46:40Z,5160000,False,,,0,,J. Hayes REBOUND (Off:0 Def:2),[1629637],1610612740.0,NOP,,,,Hayes,J. Hayes,,,,,Mid-Range,16-24 Left Center,,,521.0,2.0,2.0,0.0,,,,,,,,,,,,,,
523,PT02M27.00S,2022-12-23T02:46:45.4Z,3,REGULAR,2pt,Hook,['pointsinthepaint'],1630700,9.017739816031538,51.225490196078425,1610612740,89,68,2022-12-23T02:46:51Z,5170000,False,-6.0,32.0,1,left,D. Daniels Hook (2 PTS) (W. Hernangomez 3 AST),"[1630700, 1626195]",1610612740.0,NOP,,,,Daniels,D. Daniels,,,,,Restricted Area,0-8 Center,3.29,Made,,,,,2.0,W. Hernangomez,1626195.0,3.0,,,,,,,,,,
525,PT02M16.00S,2022-12-23T02:46:56.2Z,3,REGULAR,3pt,Jump Shot,[],1626196,86.02168199737189,3.431372549019608,1610612759,89,68,2022-12-23T02:47:07Z,5190000,False,-233.0,79.0,1,right,MISS J. Richardson 24' 3PT,[1626196],1610612759.0,SAS,,,,Richardson,J. Richardson,,,,,Left Corner 3,24+ Left,24.58,Missed,,,,,,,,,,,,,,,,,,
526,PT02M13.00S,2022-12-23T02:46:59.2Z,3,REGULAR,rebound,defensive,[],1630700,,,1610612740,89,68,2022-12-23T02:47:07Z,5200000,False,,,0,,D. Daniels REBOUND (Off:0 Def:3),[1630700],1610612740.0,NOP,,,,Daniels,D. Daniels,,,,,Left Corner 3,24+ Left,,,525.0,3.0,3.0,0.0,,,,,,,,,,,,,,
527,PT02M12.00S,2022-12-23T02:47:01.3Z,3,REGULAR,3pt,Jump Shot,['fastbreak'],1630631,25.706307490144546,15.931372549019606,1610612740,89,68,2022-12-23T02:47:11Z,5210000,False,170.0,189.0,1,left,MISS J. Alvarado 25' 3PT,[1630631],1610612740.0,NOP,,,,Alvarado,J. Alvarado,,,,,Above the Break 3,24+ Right Center,25.45,Missed,,,,,,,,,,,,,,,,,,
528,PT02M12.00S,2022-12-23T02:47:01.3Z,3,REGULAR,rebound,offensive,[],1629637,,,1610612740,89,68,2022-12-23T02:47:11Z,5220000,False,,,0,,J. Hayes REBOUND (Off:1 Def:2),[1629637],1610612740.0,NOP,,,,Hayes,J. Hayes,,,,,Above the Break 3,24+ Right Center,,,527.0,3.0,2.0,1.0,,,,,,,,,,,,,,
529,PT02M05.00S,2022-12-23T02:47:07.6Z,3,REGULAR,2pt,DUNK,"['pointsinthepaint', '2ndchance']",1629637,5.590000152587891,50.0,1610612740,91,68,2022-12-23T02:47:07Z,5230000,False,0.0,0.0,1,left,J. Hayes putback DUNK (4 PTS),[1629637],1610612740.0,NOP,putback,,,Hayes,J. Hayes,,,,,Mid-Range,8-16 Left,0.0,Made,,,,,4.0,,,,,,,,,,,,,
530,PT01M57.00S,2022-12-23T02:47:15.7Z,3,REGULAR,2pt,Jump Shot,['pointsinthepaint'],1630200,83.13074901445466,42.40196078431372,1610612759,91,70,2022-12-23T02:47:19Z,5240000,False,-38.0,106.0,1,right,T. Jones 11' pullup Jump Shot (15 PTS),[1630200],1610612759.0,SAS,pullup,,,Jones,T. Jones,,,,,In The Paint (Non-RA),8-16 Center,11.27,Made,,,,,15.0,,,,,,,,,,,,,
531,PT01M42.00S,2022-12-23T02:47:38.9Z,3,REGULAR,foul,personal,"['inpenalty', '2freethrow']",1630200,,,1610612740,91,70,2022-12-23T02:47:52Z,5250000,False,,,0,,T. Jones shooting personal FOUL (1 PF) (Hernangomez 2 FT),"[1630200, 1626195]",1610612759.0,SAS,shooting,,,Jones,T. Jones,,,,,Restricted Area,0-8 Center,,,,,,,,,,,,,,,,1201.0,1.0,0.0,Hernangomez,1626195.0
533,PT01M42.00S,2022-12-23T02:48:18.2Z,3,REGULAR,freethrow,1 of 2,[],1626195,,,1610612740,92,70,2022-12-23T02:48:18Z,5270000,False,,,0,,W. Hernangomez Free Throw 1 of 2 (10 PTS),[1626195],1610612740.0,NOP,,,,Hernangomez,W. Hernangomez,,,,,,,,Made,,,,,10.0,,,,,,,,,,,,,
534,PT01M42.00S,2022-12-23T02:48:21.0Z,3,REGULAR,substitution,out,[],203468,,,1610612740,92,70,2022-12-23T02:48:25Z,5280000,False,,,0,,SUB out: C. McCollum,[203468],1610612740.0,NOP,,,,McCollum,C. McCollum,,,,,,,,,,,,,,,,,,,,,,,,,,
535,PT01M42.00S,2022-12-23T02:48:21.0Z,3,REGULAR,substitution,in,[],1628984,,,1610612740,92,70,2022-12-23T02:48:25Z,5290000,False,,,0,,SUB in: D. Graham,[1628984],1610612740.0,NOP,,,,Graham,D. Graham,,,,,,,,,,,,,,,,,,,,,,,,,,
536,PT01M42.00S,2022-12-23T02:48:41.7Z,3,REGULAR,freethrow,2 of 2,[],1626195,,,1610612740,93,70,2022-12-23T02:48:41Z,5300000,False,,,0,,W. Hernangomez Free Throw 2 of 2 (11 PTS),[1626195],1610612740.0,NOP,,,,Hernangomez,W. Hernangomez,,,,,,,,Made,,,,,11.0,,,,,,,,,,,,,
537,PT01M28.00S,2022-12-23T02:48:56.8Z,3,REGULAR,2pt,Jump Shot,[],1628380,78.0059132720105,31.372549019607842,1610612759,93,72,2022-12-23T02:49:02Z,5310000,False,-93.0,154.0,1,right,Z. Collins 18' Jump Shot (4 PTS),[1628380],1610612759.0,SAS,,,,Collins,Z. Collins,,,,,Mid-Range,16-24 Left Center,18.01,Made,,,,,4.0,,,,,,,,,,,,,
538,PT01M01.00S,2022-12-23T02:49:23.4Z,3,REGULAR,3pt,Jump Shot,[],1629637,19.793035479632064,91.91176470588235,1610612740,93,72,2022-12-23T02:49:32Z,5320000,False,-210.0,134.0,1,left,MISS J. Hayes 24' 3PT,[1629637],1610612740.0,NOP,,,,Hayes,J. Hayes,,,,,Above the Break 3,24+ Left Center,24.86,Missed,,,,,,,,,,,,,,,,,,
539,PT00M58.50S,2022-12-23T02:49:25.9Z,3,REGULAR,rebound,offensive,[],1628984,,,1610612740,93,72,2022-12-23T02:49:32Z,5330000,False,,,0,,D. Graham REBOUND (Off:1 Def:0),[1628984],1610612740.0,NOP,,,,Graham,D. Graham,,,,,Above the Break 3,24+ Left Center,,,538.0,1.0,0.0,1.0,,,,,,,,,,,,,,
540,PT00M56.60S,2022-12-23T02:49:28.6Z,3,REGULAR,3pt,Jump Shot,['2ndchance'],1630700,19.530223390275953,8.823529411764707,1610612740,93,72,2022-12-23T02:49:35Z,5340000,False,206.0,131.0,1,left,MISS D. Daniels 24' 3PT,[1630700],1610612740.0,NOP,,,,Daniels,D. Daniels,,,,,Above the Break 3,24+ Right Center,24.41,Missed,,,,,,,,,,,,,,,,,,
541,PT00M56.60S,2022-12-23T02:49:28.6Z,3,REGULAR,rebound,defensive,[],1630200,,,1610612759,93,72,2022-12-23T02:49:35Z,5350000,False,,,0,,T. Jones REBOUND (Off:0 Def:2),[1630200],1610612759.0,SAS,,,,Jones,T. Jones,,,,,Above the Break 3,24+ Right Center,,,540.0,2.0,2.0,0.0,,,,,,,,,,,,,,
542,PT00M36.00S,2022-12-23T02:49:49.4Z,3,REGULAR,3pt,Jump Shot,[],1626169,95.22010512483574,2.450980392156863,1610612759,93,75,2022-12-23T02:49:54Z,5360000,False,-238.0,-8.0,1,right,S. Johnson 3PT  (3 PTS) (J. Richardson 3 AST),"[1626169, 1626196]",1610612759.0,SAS,,,,Johnson,S. Johnson,,,,,Left Corner 3,24+ Left,23.78,Made,,,,,3.0,J. Richardson,1626196.0,3.0,,,,,,,,,,
544,PT00M14.30S,2022-12-23T02:50:17.2Z,3,REGULAR,foul,personal,"['inpenalty', '2freethrow']",1626169,,,1610612740,93,75,2022-12-23T02:50:27Z,5380000,False,,,0,,S. Johnson shooting personal FOUL (1 PF) (Graham 2 FT),"[1626169, 1628984]",1610612759.0,SAS,shooting,,,Johnson,S. Johnson,,,,,In The Paint (Non-RA),0-8 Center,,,,,,,,,,,,,,,,1628171.0,1.0,0.0,Graham,1628984.0
546,PT00M14.30S,2022-12-23T02:50:44.8Z,3,REGULAR,freethrow,1 of 2,[],1628984,,,1610612740,93,75,2022-12-23T02:50:44Z,5400000,False,,,0,,MISS D. Graham Free Throw 1 of 2,[1628984],1610612740.0,NOP,,,,Graham,D. Graham,,,,,,,,Missed,,,,,,,,,,,,,,,,,,
547,PT00M14.30S,2022-12-23T02:50:44.8Z,3,REGULAR,rebound,offensive,"['deadball', 'team']",0,,,1610612740,93,75,2022-12-23T02:50:44Z,5410000,False,,,0,,TEAM offensive REBOUND,[],1610612740.0,NOP,,,,,,,,,,,,,,546.0,,,,,,,,,,,,,,,,,
548,PT00M14.30S,2022-12-23T02:51:01.1Z,3,REGULAR,freethrow,2 of 2,[],1628984,,,1610612740,94,75,2022-12-23T02:51:01Z,5420000,False,,,0,,D. Graham Free Throw 2 of 2 (6 PTS),[1628984],1610612740.0,NOP,,,,Graham,D. Graham,,,,,,,,Made,,,,,6.0,,,,,,,,,,,,,
549,PT00M05.30S,2022-12-23T02:51:21.5Z,3,REGULAR,foul,personal,[],1626195,,,1610612759,94,75,2022-12-23T02:51:40Z,5430000,False,,,0,,W. Hernangomez personal FOUL (3 PF),"[1626195, 1630200]",1610612740.0,NOP,,,,Hernangomez,W. Hernangomez,,,,,Mid-Range,16-24 Left Center,,,,,,,,,,,,,,,,200832.0,3.0,0.0,Jones,1630200.0
551,PT00M01.80S,2022-12-23T02:51:43.6Z,3,REGULAR,3pt,Jump Shot,[],1626169,87.99277266754271,3.431372549019608,1610612759,94,75,2022-12-23T02:52:08Z,5450000,False,-233.0,60.0,1,right,MISS S. Johnson 24' 3PT - blocked,"[1626169, 1629637]",1610612759.0,SAS,,,,Johnson,S. Johnson,,,,,Left Corner 3,24+ Left,24.05,Missed,,,,,,,,,Hayes,1629637.0,,,,,,,,
741,PT00M01.80S,2022-12-23T02:51:43.6Z,3,REGULAR,block,,[],1629637,,,1610612759,94,75,2022-12-23T03:31:06Z,5455000,False,,,0,,J. Hayes BLOCK (1 BLK),[1629637],1610612740.0,NOP,,,,Hayes,J. Hayes,,,,,Left Corner 3,24+ Left,,,,,,,,,,,,,,,,,,,,
552,PT00M01.80S,2022-12-23T02:51:43.6Z,3,REGULAR,rebound,offensive,['team'],0,,,1610612759,94,75,2022-12-23T02:52:08Z,5460000,False,,,0,,TEAM offensive REBOUND,[],1610612759.0,SAS,,,,,,,,,,Left Corner 3,24+ Left,,,551.0,,,,,,,,,,,,,,,,,
553,PT00M00.00S,2022-12-23T02:51:50.4Z,3,REGULAR,period,end,[],0,,,1610612759,94,75,2022-12-23T02:51:50Z,5470000,False,,,0,,Period End,[],,,,,,,,,,,,,,,,,,,,,,,,,,,,,,,,,
554,PT12M00.00S,2022-12-23T02:54:00.5Z,4,REGULAR,substitution,out,['startperiod'],1626195,,,1610612759,94,75,2022-12-23T02:54:19Z,5480000,False,,,0,,SUB out: W. Hernangomez,[1626195],1610612740.0,NOP,,,,Hernangomez,W. Hernangomez,,,,,,,,,,,,,,,,,,,,,,,,,,
555,PT12M00.00S,2022-12-23T02:54:00.5Z,4,REGULAR,substitution,out,['startperiod'],1631103,,,1610612759,94,75,2022-12-23T02:54:19Z,5490000,False,,,0,,SUB out: M. Branham,[1631103],1610612759.0,SAS,,,,Branham,M. Branham,,,,,,,,,,,,,,,,,,,,,,,,,,
556,PT12M00.00S,2022-12-23T02:54:00.5Z,4,REGULAR,substitution,in,['startperiod'],202685,,,1610612759,94,75,2022-12-23T02:54:19Z,5500000,False,,,0,,SUB in: J. Valanciunas,[202685],1610612740.0,NOP,,,,Valanciunas,J. Valanciunas,,,,,,,,,,,,,,,,,,,,,,,,,,
557,PT12M00.00S,2022-12-23T02:54:00.5Z,4,REGULAR,substitution,in,['startperiod'],203926,,,1610612759,94,75,2022-12-23T02:54:19Z,5510000,False,,,0,,SUB in: D. McDermott,[203926],1610612759.0,SAS,,,,McDermott,D. McDermott,,,,,,,,,,,,,,,,,,,,,,,,,,
558,PT12M00.00S,2022-12-23T02:54:27.5Z,4,REGULAR,period,start,[],0,,,1610612759,94,75,2022-12-23T02:54:27Z,5520000,False,,,0,,Period Start,[],,,,,,,,,,,,,,,,,,,,,,,,,,,,,,,,,
559,PT11M43.00S,2022-12-23T02:54:42.7Z,4,REGULAR,2pt,Hook,['pointsinthepaint'],1628380,89.83245729303549,39.21568627450981,1610612759,94,77,2022-12-23T03:30:53Z,5530000,False,-54.0,43.0,1,right,Z. Collins 6' Hook (6 PTS) (D. McDermott 1 AST),"[1628380, 203926]",1610612759.0,SAS,,,,Collins,Z. Collins,,,,,In The Paint (Non-RA),0-8 Center,6.9,Made,,,,,6.0,D. McDermott,203926.0,1.0,,,,,,,,,,
561,PT11M25.00S,2022-12-23T02:55:01.5Z,4,REGULAR,3pt,Jump Shot,[],202685,25.969119579500656,81.61764705882352,1610612740,94,77,2022-12-23T02:55:06Z,5550000,False,-158.0,192.0,1,left,MISS J. Valanciunas 24' 3PT,[202685],1610612740.0,NOP,,,,Valanciunas,J. Valanciunas,,,,,Above the Break 3,24+ Left Center,24.84,Missed,,,,,,,,,,,,,,,,,,
562,PT11M21.00S,2022-12-23T02:55:05.5Z,4,REGULAR,rebound,defensive,[],1626169,,,1610612759,94,77,2022-12-23T02:55:06Z,5560000,False,,,0,,S. Johnson REBOUND (Off:0 Def:1),[1626169],1610612759.0,SAS,,,,Johnson,S. Johnson,,,,,Above the Break 3,24+ Left Center,,,561.0,1.0,1.0,0.0,,,,,,,,,,,,,,
563,PT11M09.00S,2022-12-23T02:55:17.7Z,4,REGULAR,2pt,Hook,['pointsinthepaint'],1626169,92.59198423127464,58.82352941176471,1610612759,94,79,2022-12-23T02:55:23Z,5570000,False,44.0,17.0,1,right,S. Johnson driving Hook (5 PTS) (Z. Collins 2 AST),"[1626169, 1628380]",1610612759.0,SAS,driving,,,Johnson,S. Johnson,,,,,In The Paint (Non-RA),0-8 Center,4.73,Made,,,,,5.0,Z. Collins,1628380.0,2.0,,,,,,,,,,
564,PT10M58.00S,2022-12-23T02:55:36.4Z,4,REGULAR,foul,offensive,[],202685,,,1610612740,94,79,2022-12-23T02:55:44Z,5580000,False,,,0,,J. Valanciunas off-the-ball offensive FOUL (4 PF),"[202685, 1630200]",1610612740.0,NOP,off-the-ball,,,Valanciunas,J. Valanciunas,,,,,In The Paint (Non-RA),8-16 Center,,,,,,,,,,,,,,,,1628171.0,4.0,0.0,Jones,1630200.0
566,PT10M58.00S,2022-12-23T02:55:36.4Z,4,REGULAR,turnover,offensive foul,[],202685,,,1610612740,94,79,2022-12-23T02:55:36Z,5600000,False,,,0,,J. Valanciunas offensive foul TURNOVER (2 TO),[202685],1610612740.0,NOP,,,,Valanciunas,J. Valanciunas,,,,,In The Paint (Non-RA),8-16 Center,,,,,,,,,,,,,2.0,,,1628171.0,,,,
567,PT10M58.00S,2022-12-23T02:55:43.6Z,4,REGULAR,substitution,out,[],1626196,,,1610612759,94,79,2022-12-23T02:55:48Z,5610000,False,,,0,,SUB out: J. Richardson,[1626196],1610612759.0,SAS,,,,Richardson,J. Richardson,,,,,,,,,,,,,,,,,,,,,,,,,,
568,PT10M58.00S,2022-12-23T02:55:43.6Z,4,REGULAR,substitution,in,[],1628966,,,1610612759,94,79,2022-12-23T02:55:48Z,5620000,False,,,0,,SUB in: K. Bates-Diop,[1628966],1610612759.0,SAS,,,,Bates-Diop,K. Bates-Diop,,,,,,,,,,,,,,,,,,,,,,,,,,
570,PT10M46.00S,2022-12-23T02:56:03.5Z,4,REGULAR,3pt,Jump Shot,['fromturnover'],203926,93.11760840998686,3.1862745098039214,1610612759,94,82,2022-12-23T02:56:08Z,5630000,False,-234.0,12.0,1,right,D. McDermott 3PT  (5 PTS) (T. Jones 2 AST),"[203926, 1630200]",1610612759.0,SAS,,,,McDermott,D. McDermott,,,,,Left Corner 3,24+ Left,23.44,Made,,,,,5.0,T. Jones,1630200.0,2.0,,,,,,,,,,
572,PT10M44.00S,2022-12-23T02:56:14.5Z,4,REGULAR,timeout,full,"['team', 'mandatory']",0,,,1610612740,94,82,2022-12-23T02:56:14Z,5650000,False,,,0,,NOP Timeout,[],1610612740.0,NOP,,,,,,,,,,,,,,,,,,,,,,,,,,,,,,,
573,PT10M44.00S,2022-12-23T02:58:22.3Z,4,REGULAR,substitution,out,[],1628984,,,1610612740,94,82,2022-12-23T02:58:41Z,5660000,False,,,0,,SUB out: D. Graham,[1628984],1610612740.0,NOP,,,,Graham,D. Graham,,,,,,,,,,,,,,,,,,,,,,,,,,
574,PT10M44.00S,2022-12-23T02:58:22.3Z,4,REGULAR,substitution,out,[],1629637,,,1610612740,94,82,2022-12-23T02:58:41Z,5670000,False,,,0,,SUB out: J. Hayes,[1629637],1610612740.0,NOP,,,,Hayes,J. Hayes,,,,,,,,,,,,,,,,,,,,,,,,,,
575,PT10M44.00S,2022-12-23T02:58:22.3Z,4,REGULAR,substitution,in,[],203468,,,1610612740,94,82,2022-12-23T02:58:41Z,5680000,False,,,0,,SUB in: C. McCollum,[203468],1610612740.0,NOP,,,,McCollum,C. McCollum,,,,,,,,,,,,,,,,,,,,,,,,,,
576,PT10M44.00S,2022-12-23T02:58:22.3Z,4,REGULAR,substitution,in,[],1630529,,,1610612740,94,82,2022-12-23T02:58:41Z,5690000,False,,,0,,SUB in: H. Jones,[1630529],1610612740.0,NOP,,,,Jones,H. Jones,,,,,,,,,,,,,,,,,,,,,,,,,,
577,PT10M24.00S,2022-12-23T02:59:19.3Z,4,REGULAR,2pt,Jump Shot,[],202685,6.521024967148489,22.30392156862745,1610612740,94,82,2022-12-23T03:31:09Z,5700000,False,138.0,9.0,1,left,MISS J. Valanciunas 13' Jump Shot,[202685],1610612740.0,NOP,,,,Valanciunas,J. Valanciunas,,,,,Mid-Range,8-16 Right,13.88,Missed,,,,,,,,,,,,,,,,,,
578,PT10M22.00S,2022-12-23T02:59:21.3Z,4,REGULAR,rebound,defensive,[],1626169,,,1610612759,94,82,2022-12-23T03:31:09Z,5710000,False,,,0,,S. Johnson REBOUND (Off:0 Def:2),[1626169],1610612759.0,SAS,,,,Johnson,S. Johnson,,,,,Mid-Range,8-16 Right,,,577.0,2.0,2.0,0.0,,,,,,,,,,,,,,
579,PT10M17.00S,2022-12-23T02:59:29.5Z,4,REGULAR,2pt,Layup,['pointsinthepaint'],1626169,93.24901445466492,46.07843137254902,1610612759,94,84,2022-12-23T03:00:27Z,5720000,False,-20.0,11.0,1,right,S. Johnson Layup (7 PTS),[1626169],1610612759.0,SAS,,,,Johnson,S. Johnson,,,,,Restricted Area,0-8 Center,2.25,Made,,,,,7.0,,,,,,,,,,,,,
582,PT10M17.00S,2022-12-23T02:59:32.1Z,4,REGULAR,foul,personal,['1freethrow'],1630700,,,1610612759,94,84,2022-12-23T02:59:54Z,5730000,False,,,0,,D. Daniels shooting personal FOUL (1 PF) (Johnson 1 FT),"[1630700, 1626169]",1610612740.0,NOP,shooting,,,Daniels,D. Daniels,,,,,Restricted Area,0-8 Center,,,,,,,,,,,,,,,,1201.0,1.0,0.0,Johnson,1626169.0
584,PT10M17.00S,2022-12-23T02:59:41.1Z,4,REGULAR,substitution,out,[],1630700,,,1610612759,94,84,2022-12-23T02:59:52Z,5750000,False,,,0,,SUB out: D. Daniels,[1630700],1610612740.0,NOP,,,,Daniels,D. Daniels,,,,,,,,,,,,,,,,,,,,,,,,,,
585,PT10M17.00S,2022-12-23T02:59:41.1Z,4,REGULAR,substitution,out,[],1628380,,,1610612759,94,84,2022-12-23T02:59:52Z,5760000,False,,,0,,SUB out: Z. Collins,[1628380],1610612759.0,SAS,,,,Collins,Z. Collins,,,,,,,,,,,,,,,,,,,,,,,,,,
586,PT10M17.00S,2022-12-23T02:59:41.1Z,4,REGULAR,substitution,in,[],1630230,,,1610612759,94,84,2022-12-23T02:59:52Z,5770000,False,,,0,,SUB in: N. Marshall,[1630230],1610612740.0,NOP,,,,Marshall,N. Marshall,,,,,,,,,,,,,,,,,,,,,,,,,,
587,PT10M17.00S,2022-12-23T02:59:41.1Z,4,REGULAR,substitution,in,[],1627751,,,1610612759,94,84,2022-12-23T02:59:52Z,5780000,False,,,0,,SUB in: J. Poeltl,[1627751],1610612759.0,SAS,,,,Poeltl,J. Poeltl,,,,,,,,,,,,,,,,,,,,,,,,,,
588,PT10M17.00S,2022-12-23T03:00:03.4Z,4,REGULAR,freethrow,1 of 1,[],1626169,,,1610612759,94,85,2022-12-23T03:00:03Z,5790000,False,,,0,,S. Johnson Free Throw 1 of 1 (8 PTS),[1626169],1610612759.0,SAS,,,,Johnson,S. Johnson,,,,,,,,Made,,,,,8.0,,,,,,,,,,,,,
589,PT09M59.00S,2022-12-23T03:00:22.1Z,4,REGULAR,2pt,Jump Shot,['pointsinthepaint'],203468,7.30946123521682,39.950980392156865,1610612740,96,85,2022-12-23T03:00:31Z,5800000,False,50.0,16.0,1,left,C. McCollum driving floating bank Jump Shot (23 PTS),[203468],1610612740.0,NOP,driving floating bank,,,McCollum,C. McCollum,,,,,In The Paint (Non-RA),0-8 Center,5.27,Made,,,,,23.0,,,,,,,,,,,,,
590,PT09M48.00S,2022-12-23T03:00:39.6Z,4,REGULAR,foul,personal,['2freethrow'],202685,,,1610612759,96,85,2022-12-23T03:00:53Z,5810000,False,,,0,,J. Valanciunas shooting personal FOUL (5 PF) (Jones 2 FT),"[202685, 1630200]",1610612740.0,NOP,shooting,,,Valanciunas,J. Valanciunas,,,,,Restricted Area,0-8 Center,,,,,,,,,,,,,,,,200832.0,5.0,0.0,Jones,1630200.0
592,PT09M48.00S,2022-12-23T03:01:02.4Z,4,REGULAR,freethrow,1 of 2,[],1630200,,,1610612759,96,86,2022-12-23T03:01:02Z,5830000,False,,,0,,T. Jones Free Throw 1 of 2 (16 PTS),[1630200],1610612759.0,SAS,,,,Jones,T. Jones,,,,,,,,Made,,,,,16.0,,,,,,,,,,,,,
593,PT09M48.00S,2022-12-23T03:01:04.1Z,4,REGULAR,substitution,out,[],202685,,,1610612759,96,86,2022-12-23T03:01:07Z,5840000,False,,,0,,SUB out: J. Valanciunas,[202685],1610612740.0,NOP,,,,Valanciunas,J. Valanciunas,,,,,,,,,,,,,,,,,,,,,,,,,,
594,PT09M48.00S,2022-12-23T03:01:04.1Z,4,REGULAR,substitution,in,[],1626195,,,1610612759,96,86,2022-12-23T03:01:07Z,5850000,False,,,0,,SUB in: W. Hernangomez,[1626195],1610612740.0,NOP,,,,Hernangomez,W. Hernangomez,,,,,,,,,,,,,,,,,,,,,,,,,,
595,PT09M48.00S,2022-12-23T03:01:18.1Z,4,REGULAR,freethrow,2 of 2,[],1630200,,,1610612759,96,87,2022-12-23T03:01:18Z,5860000,False,,,0,,T. Jones Free Throw 2 of 2 (17 PTS),[1630200],1610612759.0,SAS,,,,Jones,T. Jones,,,,,,,,Made,,,,,17.0,,,,,,,,,,,,,
596,PT09M37.00S,2022-12-23T03:01:30.3Z,4,REGULAR,3pt,Jump Shot,[],203468,19.136005256241788,92.15686274509804,1610612740,99,87,2022-12-23T03:31:21Z,5870000,False,-211.0,127.0,1,left,C. McCollum 24' 3PT step back (26 PTS) (H. Jones 2 AST),"[203468, 1630529]",1610612740.0,NOP,step back,,,McCollum,C. McCollum,,,,,Above the Break 3,24+ Left Center,24.63,Made,,,,,26.0,H. Jones,1630529.0,2.0,,,,,,,,,,
598,PT09M25.00S,2022-12-23T03:01:48.3Z,4,REGULAR,foul,personal,[],1626195,,,1610612759,99,87,2022-12-23T03:01:56Z,5890000,False,,,0,,W. Hernangomez personal FOUL (4 PF),"[1626195, 1627751]",1610612740.0,NOP,,,,Hernangomez,W. Hernangomez,,,,,Mid-Range,16-24 Left Center,,,,,,,,,,,,,,,,1201.0,4.0,0.0,Poeltl,1627751.0
600,PT09M25.00S,2022-12-23T03:01:55.4Z,4,REGULAR,substitution,out,[],1626169,,,1610612759,99,87,2022-12-23T03:02:04Z,5910000,False,,,0,,SUB out: S. Johnson,[1626169],1610612759.0,SAS,,,,Johnson,S. Johnson,,,,,,,,,,,,,,,,,,,,,,,,,,
601,PT09M25.00S,2022-12-23T03:01:55.4Z,4,REGULAR,substitution,out,[],1630200,,,1610612759,99,87,2022-12-23T03:02:04Z,5920000,False,,,0,,SUB out: T. Jones,[1630200],1610612759.0,SAS,,,,Jones,T. Jones,,,,,,,,,,,,,,,,,,,,,,,,,,
602,PT09M25.00S,2022-12-23T03:01:55.4Z,4,REGULAR,substitution,in,[],1631110,,,1610612759,99,87,2022-12-23T03:02:04Z,5930000,False,,,0,,SUB in: J. Sochan,[1631110],1610612759.0,SAS,,,,Sochan,J. Sochan,,,,,,,,,,,,,,,,,,,,,,,,,,
603,PT09M25.00S,2022-12-23T03:01:55.4Z,4,REGULAR,substitution,in,[],1630170,,,1610612759,99,87,2022-12-23T03:02:04Z,5940000,False,,,0,,SUB in: D. Vassell,[1630170],1610612759.0,SAS,,,,Vassell,D. Vassell,,,,,,,,,,,,,,,,,,,,,,,,,,
604,PT09M15.00S,2022-12-23T03:02:29.3Z,4,REGULAR,foul,offensive,[],1627751,,,1610612759,99,87,2022-12-23T03:02:40Z,5950000,False,,,0,,J. Poeltl off-the-ball offensive FOUL (4 PF),"[1627751, 203468]",1610612759.0,SAS,off-the-ball,,,Poeltl,J. Poeltl,,,,,Above the Break 3,24+ Left Center,,,,,,,,,,,,,,,,1201.0,4.0,0.0,McCollum,203468.0
606,PT09M15.00S,2022-12-23T03:02:29.3Z,4,REGULAR,turnover,offensive foul,[],1627751,,,1610612759,99,87,2022-12-23T03:02:29Z,5970000,False,,,0,,J. Poeltl offensive foul TURNOVER (2 TO),[1627751],1610612759.0,SAS,,,,Poeltl,J. Poeltl,,,,,Above the Break 3,24+ Left Center,,,,,,,,,,,,,2.0,,,1201.0,,,,
607,PT08M57.00S,2022-12-23T03:03:02.5Z,4,REGULAR,3pt,Jump Shot,['fromturnover'],203468,20.581471747700395,10.53921568627451,1610612740,102,87,2022-12-23T03:03:10Z,5980000,False,197.0,141.0,1,left,C. McCollum 24' 3PT  (29 PTS) (W. Hernangomez 4 AST),"[203468, 1626195]",1610612740.0,NOP,,,,McCollum,C. McCollum,,,,,Above the Break 3,24+ Right Center,24.25,Made,,,,,29.0,W. Hernangomez,1626195.0,4.0,,,,,,,,,,
609,PT08M57.00S,2022-12-23T03:03:06.3Z,4,REGULAR,foul,personal,['1freethrow'],1628966,,,1610612740,102,87,2022-12-23T03:03:16Z,6000000,False,,,0,,K. Bates-Diop shooting personal FOUL (1 PF) (McCollum 1 FT),"[1628966, 203468]",1610612759.0,SAS,shooting,,,Bates-Diop,K. Bates-Diop,,,,,Above the Break 3,24+ Right Center,,,,,,,,,,,,,,,,200832.0,1.0,0.0,McCollum,203468.0
611,PT08M57.00S,2022-12-23T03:03:38.7Z,4,REGULAR,freethrow,1 of 1,['fromturnover'],203468,,,1610612740,103,87,2022-12-23T03:03:38Z,6020000,False,,,0,,C. McCollum Free Throw 1 of 1 (30 PTS),[203468],1610612740.0,NOP,,,,McCollum,C. McCollum,,,,,,,,Made,,,,,30.0,,,,,,,,,,,,,
612,PT08M47.00S,2022-12-23T03:03:49.3Z,4,REGULAR,2pt,Layup,['pointsinthepaint'],1627751,92.85479632063075,53.431372549019606,1610612759,103,89,2022-12-23T03:03:54Z,6030000,False,17.0,15.0,1,right,J. Poeltl driving Layup (11 PTS) (J. Sochan 6 AST),"[1627751, 1631110]",1610612759.0,SAS,driving,,,Poeltl,J. Poeltl,,,,,Restricted Area,0-8 Center,2.26,Made,,,,,11.0,J. Sochan,1631110.0,6.0,,,,,,,,,,
614,PT08M34.00S,2022-12-23T03:04:02.5Z,4,REGULAR,3pt,Jump Shot,[],203468,12.828515111695138,96.07843137254902,1610612740,106,89,2022-12-23T03:04:07Z,6050000,False,-230.0,68.0,1,left,C. McCollum 24' 3PT step back (33 PTS),[203468],1610612740.0,NOP,step back,,,McCollum,C. McCollum,,,,,Left Corner 3,24+ Left,24.03,Made,,,,,33.0,,,,,,,,,,,,,
615,PT08M18.00S,2022-12-23T03:04:18.9Z,4,REGULAR,2pt,Layup,['pointsinthepaint'],1628966,88.78120893561103,47.30392156862745,1610612759,106,89,2022-12-23T03:04:26Z,6060000,False,-13.0,53.0,1,right,MISS K. Bates-Diop driving Layup - blocked,"[1628966, 1626195]",1610612759.0,SAS,driving,,,Bates-Diop,K. Bates-Diop,,,,,In The Paint (Non-RA),0-8 Center,5.47,Missed,,,,,,,,,Hernangomez,1626195.0,,,,,,,,
616,PT08M18.00S,2022-12-23T03:04:18.9Z,4,REGULAR,block,,[],1626195,,,1610612759,106,89,2022-12-23T03:04:21Z,6070000,False,,,0,,W. Hernangomez BLOCK (2 BLK),[1626195],1610612740.0,NOP,,,,Hernangomez,W. Hernangomez,,,,,In The Paint (Non-RA),0-8 Center,,,,,,,,,,,,,,,,,,,,
617,PT08M15.00S,2022-12-23T03:04:21.9Z,4,REGULAR,rebound,defensive,[],1626195,,,1610612740,106,89,2022-12-23T03:04:26Z,6080000,False,,,0,,W. Hernangomez REBOUND (Off:4 Def:3),[1626195],1610612740.0,NOP,,,,Hernangomez,W. Hernangomez,,,,,In The Paint (Non-RA),0-8 Center,,,615.0,7.0,3.0,4.0,,,,,,,,,,,,,,
618,PT08M13.00S,2022-12-23T03:04:24.0Z,4,REGULAR,3pt,Jump Shot,['fastbreak'],203468,29.122864651773984,25.245098039215684,1610612740,106,89,2022-12-23T03:31:37Z,6090000,False,124.0,221.0,1,left,MISS C. McCollum 25' running pullup 3PT,[203468],1610612740.0,NOP,running pullup,,,McCollum,C. McCollum,,,,,Above the Break 3,24+ Right Center,25.36,Missed,,,,,,,,,,,,,,,,,,
619,PT08M13.00S,2022-12-23T03:04:24.0Z,4,REGULAR,rebound,defensive,[],1630170,,,1610612759,106,89,2022-12-23T03:04:30Z,6100000,False,,,0,,D. Vassell REBOUND (Off:0 Def:9),[1630170],1610612759.0,SAS,,,,Vassell,D. Vassell,,,,,Above the Break 3,24+ Right Center,,,618.0,9.0,9.0,0.0,,,,,,,,,,,,,,
620,PT08M03.00S,2022-12-23T03:04:33.6Z,4,REGULAR,3pt,Jump Shot,[],1630170,73.40670170827858,83.08823529411765,1610612759,106,89,2022-12-23T03:31:47Z,6110000,False,165.0,197.0,1,right,MISS D. Vassell 25' pullup 3PT,[1630170],1610612759.0,SAS,pullup,,,Vassell,D. Vassell,,,,,Above the Break 3,24+ Right Center,25.76,Missed,,,,,,,,,,,,,,,,,,
621,PT07M59.00S,2022-12-23T03:04:38.0Z,4,REGULAR,rebound,offensive,[],1631110,,,1610612759,106,89,2022-12-23T03:04:38Z,6120000,False,,,0,,J. Sochan REBOUND (Off:4 Def:3),[1631110],1610612759.0,SAS,,,,Sochan,J. Sochan,,,,,Above the Break 3,24+ Right Center,,,620.0,7.0,3.0,4.0,,,,,,,,,,,,,,
622,PT07M52.00S,2022-12-23T03:04:45.1Z,4,REGULAR,2pt,Jump Shot,"['pointsinthepaint', '2ndchance']",1631110,89.70105124835742,51.9607843137255,1610612759,106,89,2022-12-23T03:37:15Z,6130000,False,10.0,44.0,1,right,MISS J. Sochan turnaround Shot - blocked,"[1631110, 203468]",1610612759.0,SAS,turnaround,,,Sochan,J. Sochan,,,,,In The Paint (Non-RA),0-8 Center,4.54,Missed,,,,,,,,,McCollum,203468.0,,,,,,,,
623,PT07M52.00S,2022-12-23T03:04:45.1Z,4,REGULAR,block,,[],203468,,,1610612759,106,89,2022-12-23T03:04:47Z,6140000,False,,,0,,C. McCollum BLOCK (1 BLK),[203468],1610612740.0,NOP,,,,McCollum,C. McCollum,,,,,In The Paint (Non-RA),0-8 Center,,,,,,,,,,,,,,,,,,,,
624,PT07M49.00S,2022-12-23T03:04:48.1Z,4,REGULAR,rebound,offensive,[],1631110,,,1610612759,106,89,2022-12-23T03:04:49Z,6150000,False,,,0,,J. Sochan REBOUND (Off:5 Def:3),[1631110],1610612759.0,SAS,,,,Sochan,J. Sochan,,,,,In The Paint (Non-RA),0-8 Center,,,622.0,8.0,3.0,5.0,,,,,,,,,,,,,,
625,PT07M49.00S,2022-12-23T03:04:50.4Z,4,REGULAR,2pt,Jump Shot,"['pointsinthepaint', '2ndchance']",1631110,90.93298291721419,50.75827205882353,1610612759,106,89,2022-12-23T03:39:01Z,6160000,False,4.0,33.0,1,right,MISS J. Sochan Jump Shot,[1631110],1610612759.0,SAS,,,,Sochan,J. Sochan,,,,,Restricted Area,0-8 Center,3.29,Missed,,,,,,,,,,,,,,,,,,
626,PT07M49.00S,2022-12-23T03:04:50.4Z,4,REGULAR,rebound,offensive,[],1631110,,,1610612759,106,89,2022-12-23T03:05:45Z,6170000,False,,,0,,J. Sochan REBOUND (Off:6 Def:3),[1631110],1610612759.0,SAS,,,,Sochan,J. Sochan,,,,,Above the Break 3,24+ Left Center,,,625.0,9.0,3.0,6.0,,,,,,,,,,,,,,
627,PT07M49.00S,2022-12-23T03:04:59.8Z,4,REGULAR,2pt,Layup,"['2ndchance', 'pointsinthepaint']",1631110,94.40999984741211,50.0,1610612759,106,91,2022-12-23T03:34:30Z,6180000,False,0.0,0.0,1,right,J. Sochan Layup (20 PTS),[1631110],1610612759.0,SAS,,,,Sochan,J. Sochan,,,,,Restricted Area,0-8 Center,0.0,Made,,,,,20.0,,,,,,,,,,,,,
628,PT07M49.00S,2022-12-23T03:05:00.9Z,4,REGULAR,foul,personal,['1freethrow'],1630631,,,1610612759,106,91,2022-12-23T03:05:10Z,6190000,False,,,0,,J. Alvarado shooting personal FOUL (1 PF) (Sochan 1 FT),"[1630631, 1631110]",1610612740.0,NOP,shooting,,,Alvarado,J. Alvarado,,,,,Restricted Area,0-8 Center,,,,,,,,,,,,,,,,1201.0,1.0,0.0,Sochan,1631110.0
630,PT07M49.00S,2022-12-23T03:05:11.9Z,4,REGULAR,freethrow,1 of 1,['2ndchance'],1631110,,,1610612759,106,92,2022-12-23T03:05:11Z,6210000,False,,,0,,J. Sochan Free Throw 1 of 1 (21 PTS),[1631110],1610612759.0,SAS,,,,Sochan,J. Sochan,,,,,,,,Made,,,,,21.0,,,,,,,,,,,,,
631,PT07M34.00S,2022-12-23T03:05:28.9Z,4,REGULAR,2pt,Layup,['pointsinthepaint'],1630631,6.915243101182654,52.450980392156865,1610612740,108,92,2022-12-23T03:35:51Z,6220000,False,-12.0,13.0,1,left,J. Alvarado driving reverse Layup (6 PTS),[1630631],1610612740.0,NOP,driving reverse,,,Alvarado,J. Alvarado,,,,,Restricted Area,0-8 Center,1.75,Made,,,,,6.0,,,,,,,,,,,,,
632,PT07M22.00S,2022-12-23T03:05:40.1Z,4,REGULAR,3pt,Jump Shot,[],1630170,94.03745072273325,4.166666666666666,1610612759,108,92,2022-12-23T03:05:55Z,6230000,False,-229.0,4.0,1,right,MISS D. Vassell 3PT,[1630170],1610612759.0,SAS,,,,Vassell,D. Vassell,,,,,Left Corner 3,24+ Left,22.92,Missed,,,,,,,,,,,,,,,,,,
633,PT07M22.00S,2022-12-23T03:05:40.1Z,4,REGULAR,rebound,offensive,[],1628966,,,1610612759,108,92,2022-12-23T03:05:55Z,6240000,False,,,0,,K. Bates-Diop REBOUND (Off:1 Def:0),[1628966],1610612759.0,SAS,,,,Bates-Diop,K. Bates-Diop,,,,,Left Corner 3,24+ Left,,,632.0,1.0,0.0,1.0,,,,,,,,,,,,,,
634,PT07M17.00S,2022-12-23T03:05:44.8Z,4,REGULAR,2pt,Layup,"['pointsinthepaint', '2ndchance']",1628966,93.9060446780552,47.30392156862745,1610612759,108,94,2022-12-23T03:05:58Z,6250000,False,-13.0,5.0,1,right,K. Bates-Diop Layup (4 PTS),[1628966],1610612759.0,SAS,,,,Bates-Diop,K. Bates-Diop,,,,,Restricted Area,0-8 Center,1.43,Made,,,,,4.0,,,,,,,,,,,,,
635,PT07M01.00S,2022-12-23T03:06:01.3Z,4,REGULAR,2pt,Layup,['pointsinthepaint'],1626195,7.046649145860711,52.94117647058824,1610612740,110,94,2022-12-23T03:06:07Z,6260000,False,-15.0,14.0,1,left,W. Hernangomez cutting Layup (13 PTS) (J. Alvarado 3 AST),"[1626195, 1630631]",1610612740.0,NOP,cutting,,,Hernangomez,W. Hernangomez,,,,,Restricted Area,0-8 Center,2.01,Made,,,,,13.0,J. Alvarado,1630631.0,3.0,,,,,,,,,,
637,PT06M49.00S,2022-12-23T03:06:13.2Z,4,REGULAR,2pt,Hook,['pointsinthepaint'],1627751,88.64980289093299,52.69607843137255,1610612759,110,96,2022-12-23T03:12:21Z,6280000,False,13.0,54.0,1,right,J. Poeltl Hook (13 PTS),[1627751],1610612759.0,SAS,,,,Poeltl,J. Poeltl,,,,,In The Paint (Non-RA),0-8 Center,5.59,Made,,,,,13.0,,,,,,,,,,,,,
639,PT06M28.00S,2022-12-23T03:06:33.7Z,4,REGULAR,2pt,Jump Shot,['pointsinthepaint'],203468,15.456636005256241,61.51960784313726,1610612740,112,96,2022-12-23T03:06:38Z,6300000,False,-58.0,93.0,1,left,C. McCollum 10' pullup Jump Shot (35 PTS),[203468],1610612740.0,NOP,pullup,,,McCollum,C. McCollum,,,,,In The Paint (Non-RA),8-16 Left,10.92,Made,,,,,35.0,,,,,,,,,,,,,
640,PT06M18.00S,2022-12-23T03:06:43.9Z,4,REGULAR,3pt,Jump Shot,[],203926,86.67871222076215,96.32352941176471,1610612759,112,96,2022-12-23T03:06:51Z,6310000,False,232.0,73.0,1,right,MISS D. McDermott 24' 3PT,[203926],1610612759.0,SAS,,,,McDermott,D. McDermott,,,,,Right Corner 3,24+ Right,24.27,Missed,,,,,,,,,,,,,,,,,,
641,PT06M15.00S,2022-12-23T03:06:46.9Z,4,REGULAR,rebound,defensive,[],1630230,,,1610612740,112,96,2022-12-23T03:06:51Z,6320000,False,,,0,,N. Marshall REBOUND (Off:2 Def:3),[1630230],1610612740.0,NOP,,,,Marshall,N. Marshall,,,,,Right Corner 3,24+ Right,,,640.0,5.0,3.0,2.0,,,,,,,,,,,,,,
642,PT06M08.00S,2022-12-23T03:07:01.6Z,4,REGULAR,timeout,full,"['team', 'mandatory']",0,,,1610612740,112,96,2022-12-23T03:07:01Z,6330000,False,,,0,,NOP Timeout,[],1610612740.0,NOP,,,,,,,,,,,,,,,,,,,,,,,,,,,,,,,
643,PT06M08.00S,2022-12-23T03:09:24.5Z,4,REGULAR,substitution,out,[],203926,,,1610612740,112,96,2022-12-23T03:09:39Z,6340000,False,,,0,,SUB out: D. McDermott,[203926],1610612759.0,SAS,,,,McDermott,D. McDermott,,,,,,,,,,,,,,,,,,,,,,,,,,
644,PT06M08.00S,2022-12-23T03:09:24.5Z,4,REGULAR,substitution,out,[],1628966,,,1610612740,112,96,2022-12-23T03:09:39Z,6350000,False,,,0,,SUB out: K. Bates-Diop,[1628966],1610612759.0,SAS,,,,Bates-Diop,K. Bates-Diop,,,,,,,,,,,,,,,,,,,,,,,,,,
645,PT06M08.00S,2022-12-23T03:09:24.5Z,4,REGULAR,substitution,in,[],1626169,,,1610612740,112,96,2022-12-23T03:09:39Z,6360000,False,,,0,,SUB in: S. Johnson,[1626169],1610612759.0,SAS,,,,Johnson,S. Johnson,,,,,,,,,,,,,,,,,,,,,,,,,,
646,PT06M08.00S,2022-12-23T03:09:24.5Z,4,REGULAR,substitution,in,[],1630200,,,1610612740,112,96,2022-12-23T03:09:39Z,6370000,False,,,0,,SUB in: T. Jones,[1630200],1610612759.0,SAS,,,,Jones,T. Jones,,,,,,,,,,,,,,,,,,,,,,,,,,
647,PT05M58.00S,2022-12-23T03:10:01.2Z,4,REGULAR,3pt,Jump Shot,[],1630529,8.492115637319317,98.2843137254902,1610612740,112,96,2022-12-23T03:10:06Z,6380000,False,-241.0,27.0,1,left,MISS H. Jones 24' 3PT,[1630529],1610612740.0,NOP,,,,Jones,H. Jones,,,,,Left Corner 3,24+ Left,24.29,Missed,,,,,,,,,,,,,,,,,,
648,PT05M54.00S,2022-12-23T03:10:05.2Z,4,REGULAR,rebound,defensive,[],1626169,,,1610612759,112,96,2022-12-23T03:10:06Z,6390000,False,,,0,,S. Johnson REBOUND (Off:0 Def:3),[1626169],1610612759.0,SAS,,,,Johnson,S. Johnson,,,,,Left Corner 3,24+ Left,,,647.0,3.0,3.0,0.0,,,,,,,,,,,,,,
649,PT05M49.00S,2022-12-23T03:10:10.7Z,4,REGULAR,2pt,Layup,"['pointsinthepaint', 'fastbreak']",1631110,94.1688567674113,47.30392156862745,1610612759,112,98,2022-12-23T03:10:17Z,6400000,False,-13.0,2.0,1,right,J. Sochan driving Layup (23 PTS) (S. Johnson 1 AST),"[1631110, 1626169]",1610612759.0,SAS,driving,,,Sochan,J. Sochan,,,,,Restricted Area,0-8 Center,1.37,Made,,,,,23.0,S. Johnson,1626169.0,1.0,,,,,,,,,,
651,PT05M27.00S,2022-12-23T03:10:31.4Z,4,REGULAR,2pt,Jump Shot,[],1630631,18.2161629434954,25.98039215686275,1610612740,112,98,2022-12-23T03:10:36Z,6420000,False,120.0,119.0,1,left,MISS J. Alvarado 16' pullup Shot,[1630631],1610612740.0,NOP,pullup,,,Alvarado,J. Alvarado,,,,,Mid-Range,16-24 Right Center,16.89,Missed,,,,,,,,,,,,,,,,,,
652,PT05M24.00S,2022-12-23T03:10:34.4Z,4,REGULAR,rebound,defensive,[],1626169,,,1610612759,112,98,2022-12-23T03:10:36Z,6430000,False,,,0,,S. Johnson REBOUND (Off:0 Def:4),[1626169],1610612759.0,SAS,,,,Johnson,S. Johnson,,,,,Mid-Range,16-24 Right Center,,,651.0,4.0,4.0,0.0,,,,,,,,,,,,,,
653,PT05M20.00S,2022-12-23T03:10:38.5Z,4,REGULAR,2pt,Layup,"['pointsinthepaint', 'fastbreak']",1630200,94.1688567674113,51.9607843137255,1610612759,112,100,2022-12-23T03:10:47Z,6440000,False,10.0,2.0,1,right,T. Jones running Layup (19 PTS) (S. Johnson 2 AST),"[1630200, 1626169]",1610612759.0,SAS,running,,,Jones,T. Jones,,,,,Restricted Area,0-8 Center,1.01,Made,,,,,19.0,S. Johnson,1626169.0,2.0,,,,,,,,,,
655,PT04M57.00S,2022-12-23T03:11:01.2Z,4,REGULAR,2pt,Layup,['pointsinthepaint'],1630230,6.1268068331143235,36.76470588235294,1610612740,112,100,2022-12-23T03:11:06Z,6460000,False,66.0,5.0,1,left,MISS N. Marshall 6' driving Layup - blocked,"[1630230, 1626169]",1610612740.0,NOP,driving,,,Marshall,N. Marshall,,,,,In The Paint (Non-RA),0-8 Center,6.64,Missed,,,,,,,,,Johnson,1626169.0,,,,,,,,
656,PT04M57.00S,2022-12-23T03:11:01.2Z,4,REGULAR,block,,[],1626169,,,1610612740,112,100,2022-12-23T03:18:26Z,6470000,False,,,0,,S. Johnson BLOCK (1 BLK),[1626169],1610612759.0,SAS,,,,Johnson,S. Johnson,,,,,In The Paint (Non-RA),0-8 Center,,,,,,,,,,,,,,,,,,,,
657,PT04M54.00S,2022-12-23T03:11:04.2Z,4,REGULAR,rebound,defensive,[],1627751,,,1610612759,112,100,2022-12-23T03:11:06Z,6480000,False,,,0,,J. Poeltl REBOUND (Off:1 Def:3),[1627751],1610612759.0,SAS,,,,Poeltl,J. Poeltl,,,,,In The Paint (Non-RA),0-8 Center,,,655.0,4.0,3.0,1.0,,,,,,,,,,,,,,
658,PT04M54.00S,2022-12-23T03:11:06.2Z,4,REGULAR,2pt,Hook,"['pointsinthepaint', 'fastbreak']",1626169,94.03745072273325,52.20588235294118,1610612759,112,102,2022-12-23T03:11:14Z,6490000,False,11.0,4.0,1,right,S. Johnson driving Hook (10 PTS) (T. Jones 3 AST),"[1626169, 1630200]",1610612759.0,SAS,driving,,,Johnson,S. Johnson,,,,,Restricted Area,0-8 Center,1.15,Made,,,,,10.0,T. Jones,1630200.0,3.0,,,,,,,,,,
660,PT04M54.00S,2022-12-23T03:11:09.9Z,4,REGULAR,foul,personal,"['inpenalty', '1freethrow']",203468,,,1610612759,112,102,2022-12-23T03:11:17Z,6510000,False,,,0,,C. McCollum shooting personal FOUL (1 PF) (Johnson 1 FT),"[203468, 1626169]",1610612740.0,NOP,shooting,,,McCollum,C. McCollum,,,,,Restricted Area,0-8 Center,,,,,,,,,,,,,,,,200832.0,1.0,1.0,Johnson,1626169.0
662,PT04M54.00S,2022-12-23T03:11:19.0Z,4,REGULAR,substitution,out,[],1626195,,,1610612759,112,102,2022-12-23T03:12:21Z,6530000,False,,,0,,SUB out: W. Hernangomez,[1626195],1610612740.0,NOP,,,,Hernangomez,W. Hernangomez,,,,,,,,,,,,,,,,,,,,,,,,,,
663,PT04M54.00S,2022-12-23T03:11:19.0Z,4,REGULAR,substitution,in,[],202685,,,1610612759,112,102,2022-12-23T03:12:21Z,6540000,False,,,0,,SUB in: J. Valanciunas,[202685],1610612740.0,NOP,,,,Valanciunas,J. Valanciunas,,,,,,,,,,,,,,,,,,,,,,,,,,
664,PT04M54.00S,2022-12-23T03:11:38.3Z,4,REGULAR,foul,technical,"['inpenalty', '1freethrow']",1630230,,,1610612759,112,102,2022-12-23T03:12:21Z,6550000,False,,,0,,N. Marshall technical FOUL (1 Tech),[1630230],1610612740.0,NOP,,,,Marshall,N. Marshall,,,,,,,,,,,,,,,,,,,,,,1628171.0,3.0,1.0,,
665,PT04M54.00S,2022-12-23T03:11:50.1Z,4,REGULAR,freethrow,1 of 1,[],1630170,,,1610612759,112,103,2022-12-23T03:12:21Z,6560000,False,,,0,,D. Vassell technical Free Throw 1 of 1 (8 PTS),[1630170],1610612759.0,SAS,technical,,,Vassell,D. Vassell,,,,,,,,Made,,,,,8.0,,,,,,,,,,,,,
666,PT04M54.00S,2022-12-23T03:12:14.6Z,4,REGULAR,freethrow,1 of 1,['fastbreak'],1626169,,,1610612759,112,104,2022-12-23T03:12:14Z,6570000,False,,,0,,S. Johnson Free Throw 1 of 1 (11 PTS),[1626169],1610612759.0,SAS,,,,Johnson,S. Johnson,,,,,,,,Made,,,,,11.0,,,,,,,,,,,,,
667,PT04M42.00S,2022-12-23T03:12:31.1Z,4,REGULAR,foul,personal,['2freethrow'],1630200,,,1610612740,112,104,2022-12-23T03:12:42Z,6580000,False,,,0,,T. Jones shooting personal FOUL (2 PF) (Jones 2 FT),"[1630200, 1630529]",1610612759.0,SAS,shooting,,,Jones,T. Jones,,,,,Restricted Area,0-8 Center,,,,,,,,,,,,,,,,1628171.0,2.0,0.0,Jones,1630529.0
669,PT04M42.00S,2022-12-23T03:12:55.9Z,4,REGULAR,freethrow,1 of 2,[],1630529,,,1610612740,113,104,2022-12-23T03:12:56Z,6600000,False,,,0,,H. Jones Free Throw 1 of 2 (11 PTS),[1630529],1610612740.0,NOP,,,,Jones,H. Jones,,,,,,,,Made,,,,,11.0,,,,,,,,,,,,,
670,PT04M42.00S,2022-12-23T03:12:56.7Z,4,REGULAR,substitution,out,[],1630230,,,1610612740,113,104,2022-12-23T03:13:02Z,6610000,False,,,0,,SUB out: N. Marshall,[1630230],1610612740.0,NOP,,,,Marshall,N. Marshall,,,,,,,,,,,,,,,,,,,,,,,,,,
671,PT04M42.00S,2022-12-23T03:12:56.7Z,4,REGULAR,substitution,out,[],1627751,,,1610612740,113,104,2022-12-23T03:13:02Z,6620000,False,,,0,,SUB out: J. Poeltl,[1627751],1610612759.0,SAS,,,,Poeltl,J. Poeltl,,,,,,,,,,,,,,,,,,,,,,,,,,
672,PT04M42.00S,2022-12-23T03:12:56.7Z,4,REGULAR,substitution,in,[],1630530,,,1610612740,113,104,2022-12-23T03:13:02Z,6630000,False,,,0,,SUB in: T. Murphy III,[1630530],1610612740.0,NOP,,,,Murphy III,T. Murphy III,,,,,,,,,,,,,,,,,,,,,,,,,,
673,PT04M42.00S,2022-12-23T03:12:56.7Z,4,REGULAR,substitution,in,[],1628380,,,1610612740,113,104,2022-12-23T03:13:02Z,6640000,False,,,0,,SUB in: Z. Collins,[1628380],1610612759.0,SAS,,,,Collins,Z. Collins,,,,,,,,,,,,,,,,,,,,,,,,,,
674,PT04M42.00S,2022-12-23T03:13:16.4Z,4,REGULAR,freethrow,2 of 2,[],1630529,,,1610612740,114,104,2022-12-23T03:13:16Z,6650000,False,,,0,,H. Jones Free Throw 2 of 2 (12 PTS),[1630529],1610612740.0,NOP,,,,Jones,H. Jones,,,,,,,,Made,,,,,12.0,,,,,,,,,,,,,
676,PT04M19.00S,2022-12-23T03:14:03.2Z,4,REGULAR,2pt,Jump Shot,[],1630170,83.919185282523,76.47058823529412,1610612759,114,106,2022-12-23T03:14:08Z,6670000,False,132.0,99.0,1,right,D. Vassell 16' pullup Jump Shot (10 PTS),[1630170],1610612759.0,SAS,pullup,,,Vassell,D. Vassell,,,,,Mid-Range,16-24 Right Center,16.51,Made,,,,,10.0,,,,,,,,,,,,,
677,PT04M02.00S,2022-12-23T03:14:19.8Z,4,REGULAR,2pt,Jump Shot,['pointsinthepaint'],203468,19.398817345597898,64.95098039215686,1610612740,116,106,2022-12-23T03:14:24Z,6680000,False,-75.0,130.0,1,left,C. McCollum 14' step back Jump Shot (37 PTS),[203468],1610612740.0,NOP,step back,,,McCollum,C. McCollum,,,,,In The Paint (Non-RA),8-16 Left,14.98,Made,,,,,37.0,,,,,,,,,,,,,
678,PT04M01.00S,2022-12-23T03:14:29.8Z,4,REGULAR,timeout,full,['team'],0,,,1610612759,116,106,2022-12-23T03:14:29Z,6690000,False,,,0,,SAS Timeout,[],1610612759.0,SAS,,,,,,,,,,,,,,,,,,,,,,,,,,,,,,,
683,PT03M34.00S,2022-12-23T03:15:22.7Z,4,REGULAR,2pt,Jump Shot,[],1630200,89.35611038107753,70.36611519607843,1610612759,116,106,2022-12-23T03:17:05Z,6695000,False,102.0,48.0,1,right,MISS T. Jones 11' pullup Shot - blocked,"[1630200, 203468]",1610612759.0,SAS,pullup,,,Jones,T. Jones,,,,,Mid-Range,8-16 Right,11.24,Missed,,,,,,,,,McCollum,203468.0,,,,,,,,
684,PT03M34.00S,2022-12-23T03:15:22.7Z,4,REGULAR,block,,[],203468,,,1610612759,116,106,2022-12-23T03:17:05Z,6697500,False,,,0,,C. McCollum BLOCK (2 BLK),[203468],1610612740.0,NOP,,,,McCollum,C. McCollum,,,,,Mid-Range,8-16 Right,,,,,,,,,,,,,,,,,,,,
685,PT03M33.00S,2022-12-23T03:15:23.7Z,4,REGULAR,rebound,defensive,[],203468,,,1610612740,116,106,2022-12-23T03:17:05Z,6698750,False,,,0,,C. McCollum REBOUND (Off:0 Def:7),[203468],1610612740.0,NOP,,,,McCollum,C. McCollum,,,,,Mid-Range,8-16 Right,,,683.0,7.0,7.0,0.0,,,,,,,,,,,,,,
681,PT03M31.00S,2022-12-23T03:16:19.8Z,4,REGULAR,3pt,Jump Shot,['fastbreak'],203468,23.73521681997372,87.25490196078431,1610612740,119,106,2022-12-23T03:17:10Z,6720000,False,-186.0,171.0,1,left,C. McCollum 25' 3PT pullup (40 PTS),[203468],1610612740.0,NOP,pullup,,,McCollum,C. McCollum,,,,,Above the Break 3,24+ Left Center,25.26,Made,,,,,40.0,,,,,,,,,,,,,
682,PT03M31.00S,2022-12-23T03:16:31.1Z,4,REGULAR,timeout,full,['team'],0,,,1610612759,119,106,2022-12-23T03:16:31Z,6730000,False,,,0,,SAS Timeout,[],1610612759.0,SAS,,,,,,,,,,,,,,,,,,,,,,,,,,,,,,,
686,PT03M31.00S,2022-12-23T03:17:37.4Z,4,REGULAR,substitution,out,[],1631110,,,1610612759,119,106,2022-12-23T03:18:05Z,6740000,False,,,0,,SUB out: J. Sochan,[1631110],1610612759.0,SAS,,,,Sochan,J. Sochan,,,,,,,,,,,,,,,,,,,,,,,,,,
687,PT03M31.00S,2022-12-23T03:17:37.4Z,4,REGULAR,substitution,out,[],1630170,,,1610612759,119,106,2022-12-23T03:18:05Z,6750000,False,,,0,,SUB out: D. Vassell,[1630170],1610612759.0,SAS,,,,Vassell,D. Vassell,,,,,,,,,,,,,,,,,,,,,,,,,,
688,PT03M31.00S,2022-12-23T03:17:37.4Z,4,REGULAR,substitution,out,[],1630200,,,1610612759,119,106,2022-12-23T03:18:05Z,6760000,False,,,0,,SUB out: T. Jones,[1630200],1610612759.0,SAS,,,,Jones,T. Jones,,,,,,,,,,,,,,,,,,,,,,,,,,
689,PT03M31.00S,2022-12-23T03:17:37.4Z,4,REGULAR,substitution,out,[],1628380,,,1610612759,119,106,2022-12-23T03:18:05Z,6770000,False,,,0,,SUB out: Z. Collins,[1628380],1610612759.0,SAS,,,,Collins,Z. Collins,,,,,,,,,,,,,,,,,,,,,,,,,,
690,PT03M31.00S,2022-12-23T03:17:37.4Z,4,REGULAR,substitution,in,[],1626196,,,1610612759,119,106,2022-12-23T03:18:05Z,6780000,False,,,0,,SUB in: J. Richardson,[1626196],1610612759.0,SAS,,,,Richardson,J. Richardson,,,,,,,,,,,,,,,,,,,,,,,,,,
691,PT03M31.00S,2022-12-23T03:17:37.4Z,4,REGULAR,substitution,in,[],1631103,,,1610612759,119,106,2022-12-23T03:18:05Z,6790000,False,,,0,,SUB in: M. Branham,[1631103],1610612759.0,SAS,,,,Branham,M. Branham,,,,,,,,,,,,,,,,,,,,,,,,,,
692,PT03M31.00S,2022-12-23T03:17:37.4Z,4,REGULAR,substitution,in,[],1629646,,,1610612759,119,106,2022-12-23T03:18:05Z,6800000,False,,,0,,SUB in: C. Bassey,[1629646],1610612759.0,SAS,,,,Bassey,C. Bassey,,,,,,,,,,,,,,,,,,,,,,,,,,
693,PT03M31.00S,2022-12-23T03:17:37.4Z,4,REGULAR,substitution,in,[],1629676,,,1610612759,119,106,2022-12-23T03:18:05Z,6810000,False,,,0,,SUB in: I. Roby,[1629676],1610612759.0,SAS,,,,Roby,I. Roby,,,,,,,,,,,,,,,,,,,,,,,,,,
694,PT03M12.00S,2022-12-23T03:18:23.7Z,4,REGULAR,2pt,Jump Shot,['pointsinthepaint'],1626196,81.553876478318,50.98039215686274,1610612759,119,108,2022-12-23T03:18:32Z,6820000,False,5.0,121.0,1,right,J. Richardson 12' driving floating Jump Shot (10 PTS),[1626196],1610612759.0,SAS,driving floating,,,Richardson,J. Richardson,,,,,In The Paint (Non-RA),8-16 Center,12.1,Made,,,,,10.0,,,,,,,,,,,,,
695,PT02M52.00S,2022-12-23T03:18:42.7Z,4,REGULAR,3pt,Jump Shot,[],1630631,3.3672798948751645,5.392156862745098,1610612740,122,108,2022-12-23T03:18:50Z,6830000,False,223.0,-21.0,1,left,J. Alvarado 3PT  (9 PTS) (C. McCollum 9 AST),"[1630631, 203468]",1610612740.0,NOP,,,,Alvarado,J. Alvarado,,,,,Right Corner 3,24+ Right,22.4,Made,,,,,9.0,C. McCollum,203468.0,9.0,,,,,,,,,,
697,PT02M32.00S,2022-12-23T03:19:03.4Z,4,REGULAR,turnover,bad pass,[],1626169,,,1610612759,122,108,2022-12-23T03:19:07Z,6850000,False,,,0,,S. Johnson bad pass TURNOVER (1 TO),"[1626169, 202685]",1610612759.0,SAS,,,,Johnson,S. Johnson,,,,,Above the Break 3,24+ Left Center,,,,,,,,,,,,,1.0,Valanciunas,202685.0,,,,,
698,PT02M32.00S,2022-12-23T03:19:03.4Z,4,REGULAR,steal,,[],202685,,,1610612740,122,108,2022-12-23T03:19:05Z,6860000,False,,,0,,J. Valanciunas STEAL (1 STL),[202685],1610612740.0,NOP,,,,Valanciunas,J. Valanciunas,,,,,Above the Break 3,24+ Left Center,,,,,,,,,,,,,,,,,,,,
699,PT02M16.00S,2022-12-23T03:19:19.0Z,4,REGULAR,3pt,Jump Shot,['fromturnover'],203468,29.77989487516426,69.6078431372549,1610612740,122,108,2022-12-23T03:19:23Z,6870000,False,-98.0,227.0,1,left,MISS C. McCollum 24' pullup 3PT,[203468],1610612740.0,NOP,pullup,,,McCollum,C. McCollum,,,,,Above the Break 3,24+ Left Center,24.76,Missed,,,,,,,,,,,,,,,,,,
700,PT02M14.00S,2022-12-23T03:19:21.0Z,4,REGULAR,rebound,offensive,[],203468,,,1610612740,122,108,2022-12-23T03:19:23Z,6880000,False,,,0,,C. McCollum REBOUND (Off:1 Def:7),[203468],1610612740.0,NOP,,,,McCollum,C. McCollum,,,,,Above the Break 3,24+ Left Center,,,699.0,8.0,7.0,1.0,,,,,,,,,,,,,,
701,PT02M08.00S,2022-12-23T03:19:26.7Z,4,REGULAR,2pt,Layup,"['pointsinthepaint', 'fromturnover', '2ndchance']",1630530,5.732588699080158,43.627450980392155,1610612740,124,108,2022-12-23T03:19:39Z,6890000,False,32.0,1.0,1,left,T. Murphy III driving Layup (15 PTS),[1630530],1610612740.0,NOP,driving,,,Murphy III,T. Murphy III,,,,,Restricted Area,0-8 Center,3.19,Made,,,,,15.0,,,,,,,,,,,,,
702,PT01M59.00S,2022-12-23T03:19:40.0Z,4,REGULAR,foul,personal,"['inpenalty', '2freethrow']",1630530,,,1610612759,124,108,2022-12-23T03:19:55Z,6900000,False,,,0,,T. Murphy III personal FOUL (4 PF) (Richardson 2 FT),"[1630530, 1626196]",1610612740.0,NOP,,,,Murphy III,T. Murphy III,,,,,Mid-Range,16-24 Left,,,,,,,,,,,,,,,,1628171.0,4.0,0.0,Richardson,1626196.0
704,PT01M59.00S,2022-12-23T03:20:18.1Z,4,REGULAR,freethrow,1 of 2,[],1626196,,,1610612759,124,108,2022-12-23T03:20:18Z,6920000,False,,,0,,MISS J. Richardson Free Throw 1 of 2,[1626196],1610612759.0,SAS,,,,Richardson,J. Richardson,,,,,,,,Missed,,,,,,,,,,,,,,,,,,
705,PT01M59.00S,2022-12-23T03:20:18.1Z,4,REGULAR,rebound,offensive,"['deadball', 'team']",0,,,1610612759,124,108,2022-12-23T03:20:18Z,6930000,False,,,0,,TEAM offensive REBOUND,[],1610612759.0,SAS,,,,,,,,,,,,,,704.0,,,,,,,,,,,,,,,,,
706,PT01M59.00S,2022-12-23T03:20:19.3Z,4,REGULAR,substitution,out,[],203468,,,1610612759,124,108,2022-12-23T03:20:27Z,6940000,False,,,0,,SUB out: C. McCollum,[203468],1610612740.0,NOP,,,,McCollum,C. McCollum,,,,,,,,,,,,,,,,,,,,,,,,,,
707,PT01M59.00S,2022-12-23T03:20:19.3Z,4,REGULAR,substitution,out,[],1630529,,,1610612759,124,108,2022-12-23T03:20:27Z,6950000,False,,,0,,SUB out: H. Jones,[1630529],1610612740.0,NOP,,,,Jones,H. Jones,,,,,,,,,,,,,,,,,,,,,,,,,,
708,PT01M59.00S,2022-12-23T03:20:19.3Z,4,REGULAR,substitution,out,[],1630631,,,1610612759,124,108,2022-12-23T03:20:27Z,6960000,False,,,0,,SUB out: J. Alvarado,[1630631],1610612740.0,NOP,,,,Alvarado,J. Alvarado,,,,,,,,,,,,,,,,,,,,,,,,,,
709,PT01M59.00S,2022-12-23T03:20:19.3Z,4,REGULAR,substitution,out,[],202685,,,1610612759,124,108,2022-12-23T03:20:27Z,6970000,False,,,0,,SUB out: J. Valanciunas,[202685],1610612740.0,NOP,,,,Valanciunas,J. Valanciunas,,,,,,,,,,,,,,,,,,,,,,,,,,
710,PT01M59.00S,2022-12-23T03:20:19.3Z,4,REGULAR,substitution,in,[],1626195,,,1610612759,124,108,2022-12-23T03:20:27Z,6980000,False,,,0,,SUB in: W. Hernangomez,[1626195],1610612740.0,NOP,,,,Hernangomez,W. Hernangomez,,,,,,,,,,,,,,,,,,,,,,,,,,
711,PT01M59.00S,2022-12-23T03:20:19.3Z,4,REGULAR,substitution,in,[],1629637,,,1610612759,124,108,2022-12-23T03:20:27Z,6990000,False,,,0,,SUB in: J. Hayes,[1629637],1610612740.0,NOP,,,,Hayes,J. Hayes,,,,,,,,,,,,,,,,,,,,,,,,,,
712,PT01M59.00S,2022-12-23T03:20:19.3Z,4,REGULAR,substitution,in,[],202066,,,1610612759,124,108,2022-12-23T03:20:27Z,7000000,False,,,0,,SUB in: G. Temple,[202066],1610612740.0,NOP,,,,Temple,G. Temple,,,,,,,,,,,,,,,,,,,,,,,,,,
713,PT01M59.00S,2022-12-23T03:20:19.3Z,4,REGULAR,substitution,in,[],1630700,,,1610612759,124,108,2022-12-23T03:20:27Z,7010000,False,,,0,,SUB in: D. Daniels,[1630700],1610612740.0,NOP,,,,Daniels,D. Daniels,,,,,,,,,,,,,,,,,,,,,,,,,,
714,PT01M59.00S,2022-12-23T03:20:38.9Z,4,REGULAR,freethrow,2 of 2,[],1626196,,,1610612759,124,109,2022-12-23T03:20:38Z,7020000,False,,,0,,J. Richardson Free Throw 2 of 2 (11 PTS),[1626196],1610612759.0,SAS,,,,Richardson,J. Richardson,,,,,,,,Made,,,,,11.0,,,,,,,,,,,,,
715,PT01M44.00S,2022-12-23T03:20:55.8Z,4,REGULAR,2pt,Layup,['pointsinthepaint'],1630700,10.726018396846255,49.754901960784316,1610612740,124,109,2022-12-23T03:21:02Z,7030000,False,1.0,48.0,1,left,MISS D. Daniels Layup,[1630700],1610612740.0,NOP,,,,Daniels,D. Daniels,,,,,In The Paint (Non-RA),0-8 Center,4.83,Missed,,,,,,,,,,,,,,,,,,
716,PT01M41.00S,2022-12-23T03:20:58.2Z,4,REGULAR,rebound,defensive,[],1629646,,,1610612759,124,109,2022-12-23T03:20:58Z,7040000,False,,,0,,C. Bassey REBOUND (Off:2 Def:1),[1629646],1610612759.0,SAS,,,,Bassey,C. Bassey,,,,,In The Paint (Non-RA),0-8 Center,,,715.0,3.0,1.0,2.0,,,,,,,,,,,,,,
717,PT01M30.00S,2022-12-23T03:21:09.8Z,4,REGULAR,turnover,lost ball,[],1629646,,,1610612759,124,109,2022-12-23T03:21:13Z,7050000,False,,,0,,C. Bassey lost ball TURNOVER (3 TO),"[1629646, 1626195]",1610612759.0,SAS,,,,Bassey,C. Bassey,,,,,In The Paint (Non-RA),0-8 Center,,,,,,,,,,,,,3.0,Hernangomez,1626195.0,,,,,
718,PT01M30.00S,2022-12-23T03:21:09.8Z,4,REGULAR,steal,,[],1626195,,,1610612740,124,109,2022-12-23T03:21:12Z,7060000,False,,,0,,W. Hernangomez STEAL (1 STL),[1626195],1610612740.0,NOP,,,,Hernangomez,W. Hernangomez,,,,,In The Paint (Non-RA),0-8 Center,,,,,,,,,,,,,,,,,,,,
719,PT01M25.00S,2022-12-23T03:21:14.0Z,4,REGULAR,2pt,Layup,"['fastbreak', 'pointsinthepaint', 'fromturnover']",202066,5.338370565045992,54.166666666666664,1610612740,124,109,2022-12-23T03:40:54Z,7070000,False,-21.0,-2.0,1,left,MISS G. Temple running Layup - blocked,"[202066, 1626169]",1610612740.0,NOP,running,,,Temple,G. Temple,,,,,Restricted Area,0-8 Center,2.09,Missed,,,,,,,,,Johnson,1626169.0,,,,,,,,
720,PT01M25.00S,2022-12-23T03:21:14.0Z,4,REGULAR,block,,[],1626169,,,1610612740,124,109,2022-12-23T03:21:16Z,7080000,False,,,0,,S. Johnson BLOCK (2 BLK),[1626169],1610612759.0,SAS,,,,Johnson,S. Johnson,,,,,Restricted Area,0-8 Center,,,,,,,,,,,,,,,,,,,,
721,PT01M22.00S,2022-12-23T03:21:17.0Z,4,REGULAR,rebound,defensive,[],1629646,,,1610612759,124,109,2022-12-23T03:21:19Z,7090000,False,,,0,,C. Bassey REBOUND (Off:2 Def:2),[1629646],1610612759.0,SAS,,,,Bassey,C. Bassey,,,,,Restricted Area,0-8 Center,,,719.0,4.0,2.0,2.0,,,,,,,,,,,,,,
722,PT01M20.00S,2022-12-23T03:21:21.2Z,4,REGULAR,2pt,Layup,"['fastbreak', 'pointsinthepaint']",1631103,94.30026281208936,52.69607843137255,1610612759,124,111,2022-12-23T03:41:38Z,7100000,False,13.0,1.0,1,right,M. Branham running Layup (7 PTS),[1631103],1610612759.0,SAS,running,,,Branham,M. Branham,,,,,Restricted Area,0-8 Center,1.35,Made,,,,,7.0,,,,,,,,,,,,,
723,PT01M05.00S,2022-12-23T03:21:36.2Z,4,REGULAR,turnover,bad pass,[],1626195,,,1610612740,124,111,2022-12-23T03:21:39Z,7110000,False,,,0,,W. Hernangomez bad pass TURNOVER (3 TO),"[1626195, 1626169]",1610612740.0,NOP,,,,Hernangomez,W. Hernangomez,,,,,In The Paint (Non-RA),8-16 Center,,,,,,,,,,,,,3.0,Johnson,1626169.0,,,,,
724,PT01M05.00S,2022-12-23T03:21:36.2Z,4,REGULAR,steal,,[],1626169,,,1610612759,124,111,2022-12-23T03:21:38Z,7120000,False,,,0,,S. Johnson STEAL (1 STL),[1626169],1610612759.0,SAS,,,,Johnson,S. Johnson,,,,,In The Paint (Non-RA),8-16 Center,,,,,,,,,,,,,,,,,,,,
725,PT01M03.00S,2022-12-23T03:21:44.9Z,4,REGULAR,foul,personal,"['inpenalty', '2freethrow']",1630700,,,1610612759,124,111,2022-12-23T03:21:53Z,7130000,False,,,0,,D. Daniels shooting personal FOUL (2 PF) (Johnson 2 FT),"[1630700, 1626169]",1610612740.0,NOP,shooting,,,Daniels,D. Daniels,,,,,Restricted Area,0-8 Center,,,,,,,,,,,,,,,,200832.0,2.0,0.0,Johnson,1626169.0
727,PT01M03.00S,2022-12-23T03:22:05.9Z,4,REGULAR,freethrow,1 of 2,"['fromturnover', 'fastbreak']",1626169,,,1610612759,124,111,2022-12-23T03:22:05Z,7150000,False,,,0,,MISS S. Johnson Free Throw 1 of 2,[1626169],1610612759.0,SAS,,,,Johnson,S. Johnson,,,,,,,,Missed,,,,,,,,,,,,,,,,,,
728,PT01M03.00S,2022-12-23T03:22:05.9Z,4,REGULAR,rebound,offensive,"['deadball', 'team']",0,,,1610612759,124,111,2022-12-23T03:22:05Z,7160000,False,,,0,,TEAM offensive REBOUND,[],1610612759.0,SAS,,,,,,,,,,,,,,727.0,,,,,,,,,,,,,,,,,
729,PT01M03.00S,2022-12-23T03:22:19.9Z,4,REGULAR,freethrow,2 of 2,"['fastbreak', 'fromturnover']",1626169,,,1610612759,124,112,2022-12-23T03:22:19Z,7170000,False,,,0,,S. Johnson Free Throw 2 of 2 (12 PTS),[1626169],1610612759.0,SAS,,,,Johnson,S. Johnson,,,,,,,,Made,,,,,12.0,,,,,,,,,,,,,
730,PT00M50.50S,2022-12-23T03:22:36.9Z,4,REGULAR,2pt,DUNK,['pointsinthepaint'],1629637,5.206964520367937,49.50980392156863,1610612740,126,112,2022-12-23T03:22:42Z,7180000,False,2.0,-4.0,1,left,J. Hayes cutting DUNK (6 PTS) (W. Hernangomez 5 AST),"[1629637, 1626195]",1610612740.0,NOP,cutting,,,Hayes,J. Hayes,,,,,Restricted Area,0-8 Center,0.44,Made,,,,,6.0,W. Hernangomez,1626195.0,5.0,,,,,,,,,,
732,PT00M38.40S,2022-12-23T03:22:51.6Z,4,REGULAR,3pt,Jump Shot,[],1626196,70.25295663600527,20.34313725490196,1610612759,126,115,2022-12-23T03:22:57Z,7200000,False,-148.0,227.0,1,right,J. Richardson 27' 3PT pullup (14 PTS),[1626196],1610612759.0,SAS,pullup,,,Richardson,J. Richardson,,,,,Above the Break 3,24+ Left Center,27.12,Made,,,,,14.0,,,,,,,,,,,,,
733,PT00M30.20S,2022-12-23T03:23:06.1Z,4,REGULAR,foul,personal,[],1629676,,,1610612740,126,115,2022-12-23T03:23:18Z,7210000,False,,,0,,I. Roby personal FOUL (1 PF),"[1629676, 1626195]",1610612759.0,SAS,,,,Roby,I. Roby,,,,,Mid-Range,8-16 Left,,,,,,,,,,,,,,,,200832.0,1.0,0.0,Hernangomez,1626195.0
735,PT00M23.80S,2022-12-23T03:23:35.9Z,4,REGULAR,foul,offensive,['inpenalty'],1626195,,,1610612740,126,115,2022-12-23T03:24:17Z,7230000,False,,,0,,W. Hernangomez off-the-ball offensive FOUL (5 PF),"[1626195, 1629676]",1610612740.0,NOP,off-the-ball,,,Hernangomez,W. Hernangomez,,,,,In The Paint (Non-RA),0-8 Center,,,,,,,,,,,,,,,,1201.0,5.0,0.0,Roby,1629676.0
737,PT00M23.80S,2022-12-23T03:23:35.9Z,4,REGULAR,turnover,offensive foul,[],1626195,,,1610612740,126,115,2022-12-23T03:23:35Z,7250000,False,,,0,,W. Hernangomez offensive foul TURNOVER (4 TO),[1626195],1610612740.0,NOP,,,,Hernangomez,W. Hernangomez,,,,,In The Paint (Non-RA),0-8 Center,,,,,,,,,,,,,4.0,,,1201.0,,,,
738,PT00M17.60S,2022-12-23T03:23:49.0Z,4,REGULAR,2pt,Jump Shot,['fromturnover'],1631103,71.50542049934296,33.49417892156863,1610612759,126,117,2022-12-23T03:43:44Z,7260000,False,-83.0,215.0,1,right,M. Branham 23' pullup Jump Shot (9 PTS),[1631103],1610612759.0,SAS,pullup,,,Branham,M. Branham,,,,,Mid-Range,16-24 Left Center,23.06,Made,,,,,9.0,,,,,,,,,,,,,
739,PT00M00.00S,2022-12-23T03:24:19.5Z,4,REGULAR,period,end,[],0,,,1610612740,126,117,2022-12-23T03:24:19Z,7270000,False,,,0,,Period End,[],,,,,,,,,,,,,,,,,,,,,,,,,,,,,,,,,
740,PT00M00.00S,2022-12-23T03:24:33.4Z,4,REGULAR,game,end,[],0,,,0,126,117,2022-12-23T03:24:33Z,7280000,False,,,0,,Game End,[],,,,,,,,,,,,,,,,,,,,,,,,,,,,,,,,,
