actionNumber,clock,timeActual,period,periodType,actionType,subType,qualifiers,personId,x,y,possession,scoreHome,scoreAway,edited,orderNumber,isTargetScoreLastPeriod,xLegacy,yLegacy,isFieldGoal,side,description,personIdsFilter,teamId,teamTricode,descriptor,jumpBallRecoveredName,jumpBallRecoverdPersonId,playerName,playerNameI,jumpBallWonPlayerName,jumpBallWonPersonId,jumpBallLostPlayerName,jumpBallLostPersonId,area,areaDetail,shotDistance,shotResult,pointsTotal,turnoverTotal,stealPlayerName,stealPersonId,assistPlayerNameInitial,assistPersonId,assistTotal,officialId,foulPersonalTotal,foulTechnicalTotal,foulDrawnPlayerName,foulDrawnPersonId,shotActionNumber,reboundTotal,reboundDefensiveTotal,reboundOffensiveTotal,blockPlayerName,blockPersonId
2,PT12M00.00S,2026-01-23T01:10:52.1Z,1,REGULAR,period,start,[],0,,,0,0,0,2026-01-23T01:10:52Z,20000,False,,,0,,Period Start,[],,,,,,,,,,,,,,,,,,,,,,,,,,,,,,,,,
4,PT11M57.00S,2026-01-23T01:10:53.7Z,1,REGULAR,jumpball,recovered,[],1630162,,,1610612750,0,0,2026-01-23T01:10:53Z,40000,False,,,0,,Jump Ball R. Gobert vs. J. Smith: Tip to A. Edwards,"[1630162, 203497, 1630188]",1610612750.0,MIN,startperiod,A. Edwards,1630162.0,Edwards,A. Edwards,Gobert,203497.0,Smith,1630188.0,,,,,,,,,,,,,,,,,,,,,,
7,PT11M41.00S,2026-01-23T01:11:10.1Z,1,REGULAR,2pt,Jump Shot,['pointsinthepaint'],1630162,80.3712220762155,42.8921568627451,1610612750,2,0,2026-01-23T01:11:17Z,70000,False,-36.0,132.0,1,right,A. Edwards 13' pullup Jump Shot (2 PTS),[1630162],1610612750.0,MIN,pullup,,,Edwards,A. Edwards,,,,,In The Paint (Non-RA),8-16 Center,13.67,Made,2.0,,,,,,,,,,,,,,,,,
8,PT11M13.00S,2026-01-23T01:11:38.4Z,1,REGULAR,turnover,lost ball,[],1629632,,,1610612741,2,0,2026-01-23T01:11:41Z,80000,False,,,0,,C. White lost ball TURNOVER (1 TO),"[1629632, 1628978]",1610612741.0,CHI,,,,White,C. White,,,,,In The Paint (Non-RA),8-16 Center,,,,1.0,DiVincenzo,1628978.0,,,,,,,,,,,,,,
9,PT11M13.00S,2026-01-23T01:11:38.4Z,1,REGULAR,steal,,[],1628978,,,1610612750,2,0,2026-01-23T01:11:39Z,90000,False,,,0,,D. DiVincenzo STEAL (1 STL),[1628978],1610612750.0,MIN,,,,DiVincenzo,D. DiVincenzo,,,,,In The Paint (Non-RA),8-16 Center,,,,,,,,,,,,,,,,,,,,
10,PT11M09.00S,2026-01-23T01:11:44.8Z,1,REGULAR,2pt,Jump Shot,"['fastbreak', 'fromturnover']",1630162,87.46714848883047,72.05882352941177,1610612750,4,0,2026-01-23T01:13:18Z,100000,False,110.0,65.0,1,right,A. Edwards 12' running pullup Jump Shot (4 PTS) (D. DiVincenzo 1 AST),"[1630162, 1628978]",1610612750.0,MIN,running pullup,,,Edwards,A. Edwards,,,,,Mid-Range,8-16 Right,12.82,Made,4.0,,,,D. DiVincenzo,1628978.0,1.0,,,,,,,,,,,
12,PT11M09.00S,2026-01-23T01:11:49.8Z,1,REGULAR,foul,personal,['1freethrow'],1630188,,,1610612750,4,0,2026-01-23T01:12:00Z,120000,False,,,0,,J. Smith shooting personal FOUL (1 PF) (Edwards 1 FT),"[1630188, 1630162]",1610612741.0,CHI,shooting,,,Smith,J. Smith,,,,,Mid-Range,8-16 Right,,,,,,,,,,203593.0,1.0,0.0,Edwards,1630162.0,,,,,,
14,PT11M09.00S,2026-01-23T01:12:12.1Z,1,REGULAR,freethrow,1 of 1,"['fromturnover', 'fastbreak']",1630162,,,1610612750,5,0,2026-01-23T01:12:12Z,140000,False,,,0,,A. Edwards Free Throw 1 of 1 (5 PTS),[1630162],1610612750.0,MIN,,,,Edwards,A. Edwards,,,,,,,,Made,5.0,,,,,,,,,,,,,,,,,
15,PT10M53.00S,2026-01-23T01:12:33.1Z,1,REGULAR,foul,personal,[],1630162,,,1610612741,5,0,2026-01-23T01:12:42Z,150000,False,,,0,,A. Edwards personal FOUL (1 PF),"[1630162, 1630171]",1610612750.0,MIN,,,,Edwards,A. Edwards,,,,,Mid-Range,8-16 Left,,,,,,,,,,203593.0,1.0,0.0,Okoro,1630171.0,,,,,,
17,PT10M47.00S,2026-01-23T01:12:58.4Z,1,REGULAR,2pt,Layup,['pointsinthepaint'],1630188,6.964520367936925,44.95634191176471,1610612741,5,0,2026-01-23T01:14:55Z,170000,False,25.0,13.0,1,left,MISS J. Smith driving Layup,[1630188],1610612741.0,CHI,driving,,,Smith,J. Smith,,,,,Restricted Area,0-8 Center,2.84,Missed,,,,,,,,,,,,,,,,,,
18,PT10M45.00S,2026-01-23T01:13:00.4Z,1,REGULAR,rebound,defensive,[],203497,,,1610612750,5,0,2026-01-23T01:13:32Z,180000,False,,,0,,R. Gobert REBOUND (Off:0 Def:1),[203497],1610612750.0,MIN,,,,Gobert,R. Gobert,,,,,Restricted Area,0-8 Center,,,,,,,,,,,,,,,17.0,1.0,1.0,0.0,,
19,PT10M39.00S,2026-01-23T01:13:05.0Z,1,REGULAR,3pt,Jump Shot,['fastbreak'],203944,93.24901445466492,95.83333333333334,1610612750,8,0,2026-01-23T01:15:53Z,190000,False,229.0,11.0,1,right,J. Randle 3PT running (3 PTS) (J. McDaniels 1 AST),"[203944, 1630183]",1610612750.0,MIN,running,,,Randle,J. Randle,,,,,Right Corner 3,24+ Right,22.95,Made,3.0,,,,J. McDaniels,1630183.0,1.0,,,,,,,,,,,
21,PT10M25.00S,2026-01-23T01:13:18.1Z,1,REGULAR,3pt,Jump Shot,[],1629632,31.225361366622867,36.27450980392157,1610612741,8,3,2026-01-23T01:13:24Z,210000,False,69.0,241.0,1,left,C. White 25' 3PT  (3 PTS) (N. Vučević 1 AST),"[1629632, 202696]",1610612741.0,CHI,,,,White,C. White,,,,,Above the Break 3,24+ Center,25.06,Made,3.0,,,,N. Vučević,202696.0,1.0,,,,,,,,,,,
24,PT10M08.00S,2026-01-23T01:13:49.2Z,1,REGULAR,2pt,Jump Shot,['pointsinthepaint'],1630183,82.47371879106439,50.0,1610612750,8,3,2026-01-23T01:16:49Z,240000,False,0.0,112.0,1,right,MISS J. McDaniels 11' fadeaway Shot,[1630183],1610612750.0,MIN,fadeaway,,,McDaniels,J. McDaniels,,,,,In The Paint (Non-RA),8-16 Center,11.22,Missed,,,,,,,,,,,,,,,,,,
25,PT10M06.00S,2026-01-23T01:13:51.2Z,1,REGULAR,rebound,offensive,[],203497,,,1610612750,8,3,2026-01-23T01:13:54Z,250000,False,,,0,,R. Gobert REBOUND (Off:1 Def:1),[203497],1610612750.0,MIN,,,,Gobert,R. Gobert,,,,,In The Paint (Non-RA),8-16 Center,,,,,,,,,,,,,,,24.0,2.0,1.0,1.0,,
26,PT10M05.00S,2026-01-23T01:13:52.6Z,1,REGULAR,2pt,Layup,"['pointsinthepaint', '2ndchance']",203497,92.59198423127464,51.71568627450981,1610612750,8,3,2026-01-23T01:13:56Z,260000,False,9.0,17.0,1,right,MISS R. Gobert putback Layup,[203497],1610612750.0,MIN,putback,,,Gobert,R. Gobert,,,,,Restricted Area,0-8 Center,1.91,Missed,,,,,,,,,,,,,,,,,,
27,PT10M05.00S,2026-01-23T01:13:52.6Z,1,REGULAR,rebound,offensive,[],203497,,,1610612750,8,3,2026-01-23T01:13:56Z,270000,False,,,0,,R. Gobert REBOUND (Off:2 Def:1),[203497],1610612750.0,MIN,,,,Gobert,R. Gobert,,,,,Restricted Area,0-8 Center,,,,,,,,,,,,,,,26.0,3.0,1.0,2.0,,
28,PT09M59.00S,2026-01-23T01:13:59.4Z,1,REGULAR,3pt,Jump Shot,['2ndchance'],203944,67.23061760840999,50.49019607843137,1610612750,11,3,2026-01-23T01:14:06Z,280000,False,2.0,256.0,1,right,J. Randle 25' 3PT  (6 PTS) (R. Gobert 1 AST),"[203944, 203497]",1610612750.0,MIN,,,,Randle,J. Randle,,,,,Above the Break 3,24+ Center,25.55,Made,6.0,,,,R. Gobert,203497.0,1.0,,,,,,,,,,,
30,PT09M55.00S,2026-01-23T01:14:08.2Z,1,REGULAR,timeout,full,"['team', 'mandatory']",0,,,1610612741,11,3,2026-01-23T01:14:08Z,300000,False,,,0,,CHI Timeout,[],1610612741.0,CHI,,,,,,,,,,,,,,,,,,,,,,,,,,,,,,,
31,PT09M45.00S,2026-01-23T01:17:11.4Z,1,REGULAR,3pt,Jump Shot,[],1629632,30.962549277266753,36.51960784313725,1610612741,11,3,2026-01-23T01:17:18Z,310000,False,67.0,239.0,1,left,MISS C. White 24' step back 3PT,[1629632],1610612741.0,CHI,step back,,,White,C. White,,,,,Above the Break 3,24+ Center,24.78,Missed,,,,,,,,,,,,,,,,,,
32,PT09M43.00S,2026-01-23T01:17:16.0Z,1,REGULAR,rebound,offensive,['team'],0,,,1610612741,11,3,2026-01-23T01:17:16Z,320000,False,,,0,,TEAM offensive REBOUND,[],1610612741.0,CHI,,,,,,,,,,Above the Break 3,24+ Center,,,,,,,,,,,,,,,31.0,,,,,
34,PT09M40.00S,2026-01-23T01:17:30.7Z,1,REGULAR,3pt,Jump Shot,['2ndchance'],202696,22.158344283837057,12.009803921568627,1610612741,11,3,2026-01-23T01:17:35Z,340000,False,190.0,156.0,1,left,MISS N. Vučević 24' 3PT,[202696],1610612741.0,CHI,,,,Vučević,N. Vučević,,,,,Above the Break 3,24+ Right Center,24.57,Missed,,,,,,,,,,,,,,,,,,
35,PT09M38.00S,2026-01-23T01:17:32.7Z,1,REGULAR,rebound,defensive,[],1628978,,,1610612750,11,3,2026-01-23T01:17:35Z,350000,False,,,0,,D. DiVincenzo REBOUND (Off:0 Def:1),[1628978],1610612750.0,MIN,,,,DiVincenzo,D. DiVincenzo,,,,,Above the Break 3,24+ Right Center,,,,,,,,,,,,,,,34.0,1.0,1.0,0.0,,
36,PT09M21.00S,2026-01-23T01:17:50.8Z,1,REGULAR,2pt,Jump Shot,['pointsinthepaint'],1630162,85.62746386333771,52.69607843137255,1610612750,11,3,2026-01-23T01:18:37Z,360000,False,13.0,83.0,1,right,MISS A. Edwards 8' driving floating Shot,[1630162],1610612750.0,MIN,driving floating,,,Edwards,A. Edwards,,,,,In The Paint (Non-RA),8-16 Center,8.37,Missed,,,,,,,,,,,,,,,,,,
37,PT09M19.00S,2026-01-23T01:17:52.8Z,1,REGULAR,rebound,offensive,[],1630162,,,1610612750,11,3,2026-01-23T01:19:36Z,370000,False,,,0,,A. Edwards REBOUND (Off:1 Def:0),[1630162],1610612750.0,MIN,,,,Edwards,A. Edwards,,,,,In The Paint (Non-RA),8-16 Center,,,,,,,,,,,,,,,36.0,1.0,0.0,1.0,,
38,PT09M16.00S,2026-01-23T01:17:54.6Z,1,REGULAR,2pt,Jump Shot,['2ndchance'],1630162,76.16622864651774,68.13725490196079,1610612750,11,3,2026-01-23T01:17:59Z,380000,False,91.0,172.0,1,right,MISS A. Edwards 19' Jump Shot,[1630162],1610612750.0,MIN,,,,Edwards,A. Edwards,,,,,Mid-Range,16-24 Right Center,19.4,Missed,,,,,,,,,,,,,,,,,,
39,PT09M16.00S,2026-01-23T01:17:54.6Z,1,REGULAR,rebound,defensive,[],1641824,,,1610612741,11,3,2026-01-23T01:17:59Z,390000,False,,,0,,M. Buzelis REBOUND (Off:0 Def:1),[1641824],1610612741.0,CHI,,,,Buzelis,M. Buzelis,,,,,Mid-Range,16-24 Right Center,,,,,,,,,,,,,,,38.0,1.0,1.0,0.0,,
40,PT09M10.00S,2026-01-23T01:18:01.6Z,1,REGULAR,2pt,Layup,"['pointsinthepaint', 'fastbreak']",1641824,7.966491458607096,46.568627450980394,1610612741,11,3,2026-01-23T01:18:08Z,400000,False,17.0,22.0,1,left,MISS M. Buzelis running Layup - blocked,"[1641824, 1630162]",1610612741.0,CHI,running,,,Buzelis,M. Buzelis,,,,,Restricted Area,0-8 Center,2.82,Missed,,,,,,,,,,,,,,,,,Edwards,1630162.0
41,PT09M10.00S,2026-01-23T01:18:01.6Z,1,REGULAR,block,,[],1630162,,,1610612741,11,3,2026-01-23T01:18:03Z,410000,False,,,0,,A. Edwards BLOCK (1 BLK),[1630162],1610612750.0,MIN,,,,Edwards,A. Edwards,,,,,Restricted Area,0-8 Center,,,,,,,,,,,,,,,,,,,,
42,PT09M07.00S,2026-01-23T01:18:04.6Z,1,REGULAR,rebound,defensive,[],203944,,,1610612750,11,3,2026-01-23T01:18:08Z,420000,False,,,0,,J. Randle REBOUND (Off:0 Def:1),[203944],1610612750.0,MIN,,,,Randle,J. Randle,,,,,Restricted Area,0-8 Center,,,,,,,,,,,,,,,40.0,1.0,1.0,0.0,,
43,PT09M03.00S,2026-01-23T01:18:08.4Z,1,REGULAR,2pt,Layup,"['pointsinthepaint', 'fastbreak']",203944,92.06636005256242,47.30392156862745,1610612750,11,3,2026-01-23T01:18:13Z,430000,False,-13.0,22.0,1,right,MISS J. Randle running Layup,[203944],1610612750.0,MIN,running,,,Randle,J. Randle,,,,,Restricted Area,0-8 Center,2.59,Missed,,,,,,,,,,,,,,,,,,
45,PT09M01.00S,2026-01-23T01:18:10.4Z,1,REGULAR,rebound,defensive,[],1641824,,,1610612741,11,3,2026-01-23T01:18:13Z,450000,False,,,0,,M. Buzelis REBOUND (Off:0 Def:2),[1641824],1610612741.0,CHI,,,,Buzelis,M. Buzelis,,,,,Restricted Area,0-8 Center,,,,,,,,,,,,,,,43.0,2.0,2.0,0.0,,
46,PT08M58.00S,2026-01-23T01:18:15.5Z,1,REGULAR,foul,personal,[],1628978,,,1610612741,11,3,2026-01-23T01:18:27Z,460000,False,,,0,,D. DiVincenzo personal FOUL (1 PF),"[1628978, 1629632]",1610612750.0,MIN,,,,DiVincenzo,D. DiVincenzo,,,,,In The Paint (Non-RA),8-16 Center,,,,,,,,,,1201.0,1.0,0.0,White,1629632.0,,,,,,
48,PT08M45.00S,2026-01-23T01:18:47.3Z,1,REGULAR,2pt,Hook,['pointsinthepaint'],1629632,8.278580814717477,57.13082107843137,1610612741,11,3,2026-01-23T01:21:33Z,480000,False,-36.0,25.0,1,left,MISS C. White driving bank Hook,[1629632],1610612741.0,CHI,driving bank,,,White,C. White,,,,,In The Paint (Non-RA),0-8 Center,4.38,Missed,,,,,,,,,,,,,,,,,,
49,PT08M44.00S,2026-01-23T01:18:48.3Z,1,REGULAR,rebound,defensive,[],1630162,,,1610612750,11,3,2026-01-23T01:18:52Z,490000,False,,,0,,A. Edwards REBOUND (Off:1 Def:1),[1630162],1610612750.0,MIN,,,,Edwards,A. Edwards,,,,,In The Paint (Non-RA),0-8 Center,,,,,,,,,,,,,,,48.0,2.0,1.0,1.0,,
50,PT08M39.00S,2026-01-23T01:18:54.1Z,1,REGULAR,2pt,Jump Shot,"['fastbreak', 'pointsinthepaint']",1630183,82.60512483574244,41.42156862745098,1610612750,13,3,2026-01-23T01:22:16Z,500000,False,-43.0,111.0,1,right,J. McDaniels 11' running pullup Jump Shot (2 PTS) (A. Edwards 1 AST),"[1630183, 1630162]",1610612750.0,MIN,running pullup,,,McDaniels,J. McDaniels,,,,,In The Paint (Non-RA),8-16 Center,11.9,Made,2.0,,,,A. Edwards,1630162.0,1.0,,,,,,,,,,,
52,PT08M12.00S,2026-01-23T01:19:22.7Z,1,REGULAR,foul,personal,['3freethrow'],1630162,,,1610612741,13,3,2026-01-23T01:19:31Z,520000,False,,,0,,A. Edwards shooting personal FOUL (2 PF) (White 3 FT),"[1630162, 1629632]",1610612750.0,MIN,shooting,,,Edwards,A. Edwards,,,,,Above the Break 3,24+ Center,,,,,,,,,,204059.0,2.0,0.0,White,1629632.0,,,,,,
54,PT08M12.00S,2026-01-23T01:19:57.9Z,1,REGULAR,freethrow,1 of 3,[],1629632,,,1610612741,13,4,2026-01-23T01:19:57Z,540000,False,,,0,,C. White Free Throw 1 of 3 (4 PTS),[1629632],1610612741.0,CHI,,,,White,C. White,,,,,,,,Made,4.0,,,,,,,,,,,,,,,,,
55,PT08M12.00S,2026-01-23T01:20:16.0Z,1,REGULAR,freethrow,2 of 3,[],1629632,,,1610612741,13,4,2026-01-23T01:20:16Z,550000,False,,,0,,MISS C. White Free Throw 2 of 3,[1629632],1610612741.0,CHI,,,,White,C. White,,,,,,,,Missed,,,,,,,,,,,,,,,,,,
56,PT08M12.00S,2026-01-23T01:20:16.0Z,1,REGULAR,rebound,offensive,"['deadball', 'team']",0,,,1610612741,13,4,2026-01-23T01:20:16Z,560000,False,,,0,,TEAM offensive REBOUND,[],1610612741.0,CHI,,,,,,,,,,,,,,,,,,,,,,,,,,55.0,,,,,
57,PT08M12.00S,2026-01-23T01:20:16.6Z,1,REGULAR,substitution,out,[],1630162,,,1610612741,13,4,2026-01-23T01:20:26Z,570000,False,,,0,,SUB out: A. Edwards,[1630162],1610612750.0,MIN,,,,Edwards,A. Edwards,,,,,,,,,,,,,,,,,,,,,,,,,,
58,PT08M12.00S,2026-01-23T01:20:16.6Z,1,REGULAR,substitution,out,[],202696,,,1610612741,13,4,2026-01-23T01:20:26Z,580000,False,,,0,,SUB out: N. Vučević,[202696],1610612741.0,CHI,,,,Vučević,N. Vučević,,,,,,,,,,,,,,,,,,,,,,,,,,
59,PT08M12.00S,2026-01-23T01:20:16.6Z,1,REGULAR,substitution,in,[],1630538,,,1610612741,13,4,2026-01-23T01:20:26Z,590000,False,,,0,,SUB in: B. Hyland,[1630538],1610612750.0,MIN,,,,Hyland,B. Hyland,,,,,,,,,,,,,,,,,,,,,,,,,,
60,PT08M12.00S,2026-01-23T01:20:16.6Z,1,REGULAR,substitution,in,[],1630245,,,1610612741,13,4,2026-01-23T01:20:26Z,600000,False,,,0,,SUB in: A. Dosunmu,[1630245],1610612741.0,CHI,,,,Dosunmu,A. Dosunmu,,,,,,,,,,,,,,,,,,,,,,,,,,
61,PT08M12.00S,2026-01-23T01:20:37.0Z,1,REGULAR,freethrow,3 of 3,[],1629632,,,1610612741,13,5,2026-01-23T01:20:37Z,610000,False,,,0,,C. White Free Throw 3 of 3 (5 PTS),[1629632],1610612741.0,CHI,,,,White,C. White,,,,,,,,Made,5.0,,,,,,,,,,,,,,,,,
62,PT07M54.00S,2026-01-23T01:20:57.7Z,1,REGULAR,turnover,bad pass,[],203944,,,1610612750,13,5,2026-01-23T01:21:01Z,620000,False,,,0,,J. Randle bad pass TURNOVER (1 TO),"[203944, 1630188]",1610612750.0,MIN,,,,Randle,J. Randle,,,,,Restricted Area,0-8 Center,,,,1.0,Smith,1630188.0,,,,,,,,,,,,,,
63,PT07M54.00S,2026-01-23T01:20:57.7Z,1,REGULAR,steal,,[],1630188,,,1610612741,13,5,2026-01-23T01:20:59Z,630000,False,,,0,,J. Smith STEAL (1 STL),[1630188],1610612741.0,CHI,,,,Smith,J. Smith,,,,,Restricted Area,0-8 Center,,,,,,,,,,,,,,,,,,,,
64,PT07M46.00S,2026-01-23T01:21:05.6Z,1,REGULAR,turnover,bad pass,[],1630188,,,1610612741,13,5,2026-01-23T01:21:10Z,640000,False,,,0,,J. Smith bad pass TURNOVER (1 TO),"[1630188, 203497]",1610612741.0,CHI,,,,Smith,J. Smith,,,,,In The Paint (Non-RA),0-8 Center,,,,1.0,Gobert,203497.0,,,,,,,,,,,,,,
65,PT07M46.00S,2026-01-23T01:21:05.6Z,1,REGULAR,steal,,[],203497,,,1610612750,13,5,2026-01-23T01:21:08Z,650000,False,,,0,,R. Gobert STEAL (1 STL),[203497],1610612750.0,MIN,,,,Gobert,R. Gobert,,,,,In The Paint (Non-RA),0-8 Center,,,,,,,,,,,,,,,,,,,,
66,PT07M42.00S,2026-01-23T01:21:10.5Z,1,REGULAR,3pt,Jump Shot,"['fromturnover', 'fastbreak']",1630538,73.66951379763469,80.63725490196079,1610612750,13,5,2026-01-23T01:21:16Z,660000,False,153.0,195.0,1,right,MISS B. Hyland 24' running 3PT,[1630538],1610612750.0,MIN,running,,,Hyland,B. Hyland,,,,,Above the Break 3,24+ Right Center,24.8,Missed,,,,,,,,,,,,,,,,,,
67,PT07M40.00S,2026-01-23T01:21:12.5Z,1,REGULAR,rebound,defensive,[],1641824,,,1610612741,13,5,2026-01-23T01:21:30Z,670000,False,,,0,,M. Buzelis REBOUND (Off:0 Def:3),[1641824],1610612741.0,CHI,,,,Buzelis,M. Buzelis,,,,,Above the Break 3,24+ Right Center,,,,,,,,,,,,,,,66.0,3.0,3.0,0.0,,
68,PT07M31.00S,2026-01-23T01:21:20.1Z,1,REGULAR,2pt,Layup,['pointsinthepaint'],1630171,8.09789750328515,48.529411764705884,1610612741,13,5,2026-01-23T01:21:26Z,680000,False,7.0,24.0,1,left,MISS I. Okoro driving Layup - blocked,"[1630171, 1630183]",1610612741.0,CHI,driving,,,Okoro,I. Okoro,,,,,Restricted Area,0-8 Center,2.47,Missed,,,,,,,,,,,,,,,,,McDaniels,1630183.0
69,PT07M31.00S,2026-01-23T01:21:20.1Z,1,REGULAR,block,,[],1630183,,,1610612741,13,5,2026-01-23T01:21:22Z,690000,False,,,0,,J. McDaniels BLOCK (1 BLK),[1630183],1610612750.0,MIN,,,,McDaniels,J. McDaniels,,,,,Restricted Area,0-8 Center,,,,,,,,,,,,,,,,,,,,
70,PT07M29.00S,2026-01-23T01:21:22.1Z,1,REGULAR,rebound,defensive,[],203944,,,1610612750,13,5,2026-01-23T01:21:26Z,700000,False,,,0,,J. Randle REBOUND (Off:0 Def:2),[203944],1610612750.0,MIN,,,,Randle,J. Randle,,,,,Restricted Area,0-8 Center,,,,,,,,,,,,,,,68.0,2.0,2.0,0.0,,
72,PT07M18.00S,2026-01-23T01:21:49.8Z,1,REGULAR,3pt,Jump Shot,[],203944,76.95466491458606,86.27450980392157,1610612750,13,5,2026-01-23T01:21:53Z,720000,False,181.0,164.0,1,right,MISS J. Randle 24' 3PT,[203944],1610612750.0,MIN,,,,Randle,J. Randle,,,,,Above the Break 3,24+ Right Center,24.46,Missed,,,,,,,,,,,,,,,,,,
73,PT07M16.00S,2026-01-23T01:21:51.8Z,1,REGULAR,rebound,defensive,[],1641824,,,1610612741,13,5,2026-01-23T01:21:53Z,730000,False,,,0,,M. Buzelis REBOUND (Off:0 Def:4),[1641824],1610612741.0,CHI,,,,Buzelis,M. Buzelis,,,,,Above the Break 3,24+ Right Center,,,,,,,,,,,,,,,72.0,4.0,4.0,0.0,,
74,PT07M09.00S,2026-01-23T01:21:59.2Z,1,REGULAR,3pt,Jump Shot,[],1630188,29.122864651773984,26.225490196078432,1610612741,13,8,2026-01-23T01:22:04Z,740000,False,119.0,221.0,1,left,J. Smith 25' 3PT  (3 PTS) (M. Buzelis 1 AST),"[1630188, 1641824]",1610612741.0,CHI,,,,Smith,J. Smith,,,,,Above the Break 3,24+ Right Center,25.12,Made,3.0,,,,M. Buzelis,1641824.0,1.0,,,,,,,,,,,
76,PT06M52.00S,2026-01-23T01:22:15.7Z,1,REGULAR,3pt,Jump Shot,[],1630538,67.23061760840999,36.51960784313725,1610612750,13,8,2026-01-23T01:22:20Z,760000,False,-67.0,256.0,1,right,MISS B. Hyland 26' 3PT,[1630538],1610612750.0,MIN,,,,Hyland,B. Hyland,,,,,Above the Break 3,24+ Center,26.42,Missed,,,,,,,,,,,,,,,,,,
77,PT06M50.00S,2026-01-23T01:22:17.7Z,1,REGULAR,rebound,defensive,[],1630171,,,1610612741,13,8,2026-01-23T01:22:20Z,770000,False,,,0,,I. Okoro REBOUND (Off:0 Def:1),[1630171],1610612741.0,CHI,,,,Okoro,I. Okoro,,,,,Above the Break 3,24+ Center,,,,,,,,,,,,,,,76.0,1.0,1.0,0.0,,
78,PT06M45.00S,2026-01-23T01:22:22.7Z,1,REGULAR,3pt,Jump Shot,['fastbreak'],1629632,27.414586070959263,75.24509803921569,1610612741,13,8,2026-01-23T01:27:28Z,780000,False,-126.0,205.0,1,left,MISS C. White 24' running pullup 3PT,[1629632],1610612741.0,CHI,running pullup,,,White,C. White,,,,,Above the Break 3,24+ Left Center,24.09,Missed,,,,,,,,,,,,,,,,,,
79,PT06M42.00S,2026-01-23T01:22:25.7Z,1,REGULAR,rebound,defensive,[],203944,,,1610612750,13,8,2026-01-23T01:22:28Z,790000,False,,,0,,J. Randle REBOUND (Off:0 Def:3),[203944],1610612750.0,MIN,,,,Randle,J. Randle,,,,,Above the Break 3,24+ Left Center,,,,,,,,,,,,,,,78.0,3.0,3.0,0.0,,
80,PT06M37.00S,2026-01-23T01:22:33.4Z,1,REGULAR,turnover,traveling,[],1628978,,,1610612750,13,8,2026-01-23T01:22:37Z,800000,False,,,0,,D. DiVincenzo traveling TURNOVER (1 TO),[1628978],1610612750.0,MIN,,,,DiVincenzo,D. DiVincenzo,,,,,Mid-Range,16-24 Center,,,,1.0,,,,,,204059.0,,,,,,,,,,
81,PT06M37.00S,2026-01-23T01:22:44.3Z,1,REGULAR,substitution,out,[],203944,,,1610612741,13,8,2026-01-23T01:22:46Z,810000,False,,,0,,SUB out: J. Randle,[203944],1610612750.0,MIN,,,,Randle,J. Randle,,,,,,,,,,,,,,,,,,,,,,,,,,
82,PT06M37.00S,2026-01-23T01:22:44.3Z,1,REGULAR,substitution,in,[],1629675,,,1610612741,13,8,2026-01-23T01:22:46Z,820000,False,,,0,,SUB in: N. Reid,[1629675],1610612750.0,MIN,,,,Reid,N. Reid,,,,,,,,,,,,,,,,,,,,,,,,,,
83,PT06M24.00S,2026-01-23T01:23:04.3Z,1,REGULAR,2pt,Jump Shot,['fromturnover'],1641824,21.23850197109067,39.705882352941174,1610612741,13,8,2026-01-23T01:23:09Z,830000,False,51.0,147.0,1,left,MISS M. Buzelis 15' step back Shot,[1641824],1610612741.0,CHI,step back,,,Buzelis,M. Buzelis,,,,,Mid-Range,8-16 Center,15.59,Missed,,,,,,,,,,,,,,,,,,
84,PT06M21.00S,2026-01-23T01:23:07.3Z,1,REGULAR,rebound,defensive,[],1630538,,,1610612750,13,8,2026-01-23T01:23:09Z,840000,False,,,0,,B. Hyland REBOUND (Off:0 Def:1),[1630538],1610612750.0,MIN,,,,Hyland,B. Hyland,,,,,Mid-Range,8-16 Center,,,,,,,,,,,,,,,83.0,1.0,1.0,0.0,,
85,PT06M08.00S,2026-01-23T01:23:20.6Z,1,REGULAR,3pt,Jump Shot,[],1628978,79.7634691195795,91.68964460784314,1610612750,16,8,2026-01-23T01:23:26Z,850000,False,208.0,138.0,1,right,D. DiVincenzo 24' 3PT  (3 PTS) (J. McDaniels 2 AST),"[1628978, 1630183]",1610612750.0,MIN,,,,DiVincenzo,D. DiVincenzo,,,,,Above the Break 3,24+ Right Center,24.98,Made,3.0,,,,J. McDaniels,1630183.0,2.0,,,,,,,,,,,
87,PT05M47.00S,2026-01-23T01:23:40.5Z,1,REGULAR,3pt,Jump Shot,[],1630245,31.35676741130092,40.19607843137255,1610612741,16,8,2026-01-23T01:23:44Z,870000,False,49.0,242.0,1,left,MISS A. Dosunmu 24' 3PT,[1630245],1610612741.0,CHI,,,,Dosunmu,A. Dosunmu,,,,,Above the Break 3,24+ Center,24.72,Missed,,,,,,,,,,,,,,,,,,
88,PT05M45.00S,2026-01-23T01:23:42.5Z,1,REGULAR,rebound,defensive,[],1630183,,,1610612750,16,8,2026-01-23T01:23:44Z,880000,False,,,0,,J. McDaniels REBOUND (Off:0 Def:1),[1630183],1610612750.0,MIN,,,,McDaniels,J. McDaniels,,,,,Above the Break 3,24+ Center,,,,,,,,,,,,,,,87.0,1.0,1.0,0.0,,
89,PT05M36.00S,2026-01-23T01:23:51.6Z,1,REGULAR,3pt,Jump Shot,[],1628978,94.03745072273325,94.6078431372549,1610612750,16,8,2026-01-23T01:23:56Z,890000,False,223.0,4.0,1,right,MISS D. DiVincenzo 3PT,[1628978],1610612750.0,MIN,,,,DiVincenzo,D. DiVincenzo,,,,,Right Corner 3,24+ Right,22.3,Missed,,,,,,,,,,,,,,,,,,
90,PT05M34.00S,2026-01-23T01:23:53.6Z,1,REGULAR,rebound,defensive,[],1630171,,,1610612741,16,8,2026-01-23T01:23:56Z,900000,False,,,0,,I. Okoro REBOUND (Off:0 Def:2),[1630171],1610612741.0,CHI,,,,Okoro,I. Okoro,,,,,Right Corner 3,24+ Right,,,,,,,,,,,,,,,89.0,2.0,2.0,0.0,,
91,PT05M30.00S,2026-01-23T01:23:59.2Z,1,REGULAR,foul,personal,['2freethrow'],1630538,,,1610612741,16,8,2026-01-23T01:24:16Z,910000,False,,,0,,B. Hyland shooting personal FOUL (1 PF) (Dosunmu 2 FT),"[1630538, 1630245]",1610612750.0,MIN,shooting,,,Hyland,B. Hyland,,,,,Restricted Area,0-8 Center,,,,,,,,,,203593.0,1.0,0.0,Dosunmu,1630245.0,,,,,,
93,PT05M30.00S,2026-01-23T01:24:34.2Z,1,REGULAR,freethrow,1 of 2,['fastbreak'],1630245,,,1610612741,16,9,2026-01-23T01:24:34Z,930000,False,,,0,,A. Dosunmu Free Throw 1 of 2 (1 PTS),[1630245],1610612741.0,CHI,,,,Dosunmu,A. Dosunmu,,,,,,,,Made,1.0,,,,,,,,,,,,,,,,,
94,PT05M30.00S,2026-01-23T01:24:35.0Z,1,REGULAR,substitution,out,[],1629632,,,1610612741,16,9,2026-01-23T01:24:44Z,940000,False,,,0,,SUB out: C. White,[1629632],1610612741.0,CHI,,,,White,C. White,,,,,,,,,,,,,,,,,,,,,,,,,,
95,PT05M30.00S,2026-01-23T01:24:35.0Z,1,REGULAR,substitution,out,[],1641824,,,1610612741,16,9,2026-01-23T01:24:44Z,950000,False,,,0,,SUB out: M. Buzelis,[1641824],1610612741.0,CHI,,,,Buzelis,M. Buzelis,,,,,,,,,,,,,,,,,,,,,,,,,,
96,PT05M30.00S,2026-01-23T01:24:35.0Z,1,REGULAR,substitution,in,[],1630581,,,1610612741,16,9,2026-01-23T01:24:44Z,960000,False,,,0,,SUB in: J. Giddey,[1630581],1610612741.0,CHI,,,,Giddey,J. Giddey,,,,,,,,,,,,,,,,,,,,,,,,,,
97,PT05M30.00S,2026-01-23T01:24:35.0Z,1,REGULAR,substitution,in,[],1630200,,,1610612741,16,9,2026-01-23T01:24:44Z,970000,False,,,0,,SUB in: T. Jones,[1630200],1610612741.0,CHI,,,,Jones,T. Jones,,,,,,,,,,,,,,,,,,,,,,,,,,
98,PT05M30.00S,2026-01-23T01:24:53.8Z,1,REGULAR,freethrow,2 of 2,['fastbreak'],1630245,,,1610612741,16,10,2026-01-23T01:24:53Z,980000,False,,,0,,A. Dosunmu Free Throw 2 of 2 (2 PTS),[1630245],1610612741.0,CHI,,,,Dosunmu,A. Dosunmu,,,,,,,,Made,2.0,,,,,,,,,,,,,,,,,
99,PT05M18.00S,2026-01-23T01:25:07.4Z,1,REGULAR,3pt,Jump Shot,[],1629675,71.43561103810775,23.03921568627451,1610612750,19,10,2026-01-23T01:25:13Z,990000,False,-135.0,216.0,1,right,N. Reid 25' 3PT pullup (3 PTS),[1629675],1610612750.0,MIN,pullup,,,Reid,N. Reid,,,,,Above the Break 3,24+ Left Center,25.46,Made,3.0,,,,,,,,,,,,,,,,,
101,PT04M55.00S,2026-01-23T01:25:30.8Z,1,REGULAR,2pt,Layup,['pointsinthepaint'],1630188,7.966491458607096,46.07843137254902,1610612741,19,10,2026-01-23T01:25:51Z,1010000,False,20.0,22.0,1,left,MISS J. Smith cutting Layup,[1630188],1610612741.0,CHI,cutting,,,Smith,J. Smith,,,,,Restricted Area,0-8 Center,2.98,Missed,,,,,,,,,,,,,,,,,,
102,PT04M54.00S,2026-01-23T01:25:31.8Z,1,REGULAR,rebound,defensive,[],1629675,,,1610612750,19,10,2026-01-23T01:25:51Z,1020000,False,,,0,,N. Reid REBOUND (Off:0 Def:1),[1629675],1610612750.0,MIN,,,,Reid,N. Reid,,,,,Restricted Area,0-8 Center,,,,,,,,,,,,,,,101.0,1.0,1.0,0.0,,
103,PT04M47.00S,2026-01-23T01:25:38.2Z,1,REGULAR,3pt,Jump Shot,[],1630538,92.46057818659659,96.07843137254902,1610612750,22,10,2026-01-23T01:25:43Z,1030000,False,230.0,18.0,1,right,B. Hyland 3PT  (3 PTS) (N. Reid 1 AST),"[1630538, 1629675]",1610612750.0,MIN,,,,Hyland,B. Hyland,,,,,Right Corner 3,24+ Right,23.11,Made,3.0,,,,N. Reid,1629675.0,1.0,,,,,,,,,,,
105,PT04M34.00S,2026-01-23T01:25:50.2Z,1,REGULAR,3pt,Jump Shot,[],1630581,32.14520367936925,57.107843137254896,1610612741,22,10,2026-01-23T01:25:54Z,1050000,False,-36.0,250.0,1,left,MISS J. Giddey 25' 3PT,[1630581],1610612741.0,CHI,,,,Giddey,J. Giddey,,,,,Above the Break 3,24+ Center,25.22,Missed,,,,,,,,,,,,,,,,,,
106,PT04M32.00S,2026-01-23T01:25:52.2Z,1,REGULAR,rebound,defensive,[],203497,,,1610612750,22,10,2026-01-23T01:25:54Z,1060000,False,,,0,,R. Gobert REBOUND (Off:2 Def:2),[203497],1610612750.0,MIN,,,,Gobert,R. Gobert,,,,,Above the Break 3,24+ Center,,,,,,,,,,,,,,,105.0,4.0,2.0,2.0,,
107,PT04M23.00S,2026-01-23T01:26:01.1Z,1,REGULAR,3pt,Jump Shot,[],1630538,69.07030223390277,34.80392156862745,1610612750,22,10,2026-01-23T01:33:46Z,1070000,False,-76.0,238.0,1,right,MISS B. Hyland 25' pullup 3PT,[1630538],1610612750.0,MIN,pullup,,,Hyland,B. Hyland,,,,,Above the Break 3,24+ Center,25.0,Missed,,,,,,,,,,,,,,,,,,
108,PT04M20.00S,2026-01-23T01:26:05.9Z,1,REGULAR,rebound,offensive,[],1630538,,,1610612750,22,10,2026-01-23T01:26:05Z,1080000,False,,,0,,B. Hyland REBOUND (Off:1 Def:1),[1630538],1610612750.0,MIN,,,,Hyland,B. Hyland,,,,,Above the Break 3,24+ Center,,,,,,,,,,,,,,,107.0,2.0,1.0,1.0,,
109,PT04M17.00S,2026-01-23T01:26:08.9Z,1,REGULAR,foul,personal,['2freethrow'],1630188,,,1610612750,22,10,2026-01-23T01:26:19Z,1090000,False,,,0,,J. Smith shooting personal FOUL (2 PF) (Gobert 2 FT),"[1630188, 203497]",1610612741.0,CHI,shooting,,,Smith,J. Smith,,,,,Restricted Area,0-8 Center,,,,,,,,,,203593.0,2.0,0.0,Gobert,203497.0,,,,,,
111,PT04M17.00S,2026-01-23T01:26:40.9Z,1,REGULAR,freethrow,1 of 2,['2ndchance'],203497,,,1610612750,23,10,2026-01-23T01:27:07Z,1110000,False,,,0,,R. Gobert Free Throw 1 of 2 (1 PTS),[203497],1610612750.0,MIN,,,,Gobert,R. Gobert,,,,,,,,Made,1.0,,,,,,,,,,,,,,,,,
112,PT04M17.00S,2026-01-23T01:26:41.4Z,1,REGULAR,substitution,out,[],1628978,,,1610612750,23,10,2026-01-23T01:26:54Z,1120000,False,,,0,,SUB out: D. DiVincenzo,[1628978],1610612750.0,MIN,,,,DiVincenzo,D. DiVincenzo,,,,,,,,,,,,,,,,,,,,,,,,,,
113,PT04M17.00S,2026-01-23T01:26:41.4Z,1,REGULAR,substitution,out,[],1630188,,,1610612750,23,10,2026-01-23T01:26:54Z,1130000,False,,,0,,SUB out: J. Smith,[1630188],1610612741.0,CHI,,,,Smith,J. Smith,,,,,,,,,,,,,,,,,,,,,,,,,,
114,PT04M17.00S,2026-01-23T01:26:41.4Z,1,REGULAR,substitution,out,[],1630171,,,1610612750,23,10,2026-01-23T01:26:54Z,1140000,False,,,0,,SUB out: I. Okoro,[1630171],1610612741.0,CHI,,,,Okoro,I. Okoro,,,,,,,,,,,,,,,,,,,,,,,,,,
115,PT04M17.00S,2026-01-23T01:26:41.4Z,1,REGULAR,substitution,in,[],201144,,,1610612750,23,10,2026-01-23T01:26:54Z,1150000,False,,,0,,SUB in: M. Conley,[201144],1610612750.0,MIN,,,,Conley,M. Conley,,,,,,,,,,,,,,,,,,,,,,,,,,
116,PT04M17.00S,2026-01-23T01:26:41.4Z,1,REGULAR,substitution,in,[],202696,,,1610612750,23,10,2026-01-23T01:26:54Z,1160000,False,,,0,,SUB in: N. Vučević,[202696],1610612741.0,CHI,,,,Vučević,N. Vučević,,,,,,,,,,,,,,,,,,,,,,,,,,
117,PT04M17.00S,2026-01-23T01:26:41.4Z,1,REGULAR,substitution,in,[],1630172,,,1610612750,23,10,2026-01-23T01:26:54Z,1170000,False,,,0,,SUB in: P. Williams,[1630172],1610612741.0,CHI,,,,Williams,P. Williams,,,,,,,,,,,,,,,,,,,,,,,,,,
118,PT04M17.00S,2026-01-23T01:26:40.9Z,1,REGULAR,freethrow,2 of 2,['2ndchance'],203497,,,1610612750,23,10,2026-01-23T01:27:07Z,1180000,False,,,0,,MISS R. Gobert Free Throw 2 of 2,[203497],1610612750.0,MIN,,,,Gobert,R. Gobert,,,,,,,,Missed,,,,,,,,,,,,,,,,,,
119,PT04M14.00S,2026-01-23T01:26:43.9Z,1,REGULAR,rebound,defensive,[],202696,,,1610612741,23,10,2026-01-23T01:27:07Z,1190000,False,,,0,,N. Vučević REBOUND (Off:0 Def:1),[202696],1610612741.0,CHI,,,,Vučević,N. Vučević,,,,,,,,,,,,,,,,,,,,,118.0,1.0,1.0,0.0,,
120,PT03M55.00S,2026-01-23T01:27:24.6Z,1,REGULAR,2pt,Jump Shot,[],1630581,28.055190538764784,46.61075367647059,1610612741,23,12,2026-01-23T01:27:32Z,1200000,False,17.0,211.0,1,left,J. Giddey 21' Jump Shot (2 PTS) (N. Vučević 2 AST),"[1630581, 202696]",1610612741.0,CHI,,,,Giddey,J. Giddey,,,,,Mid-Range,16-24 Center,21.19,Made,2.0,,,,N. Vučević,202696.0,2.0,,,,,,,,,,,
122,PT03M42.00S,2026-01-23T01:27:37.8Z,1,REGULAR,3pt,Jump Shot,[],1629675,66.96780551905388,50.73529411764706,1610612750,26,12,2026-01-23T01:27:42Z,1220000,False,4.0,258.0,1,right,N. Reid 25' 3PT  (6 PTS) (R. Gobert 2 AST),"[1629675, 203497]",1610612750.0,MIN,,,,Reid,N. Reid,,,,,Above the Break 3,24+ Center,25.8,Made,6.0,,,,R. Gobert,203497.0,2.0,,,,,,,,,,,
124,PT03M30.00S,2026-01-23T01:27:49.5Z,1,REGULAR,3pt,Jump Shot,[],202696,30.51084099868594,37.27787990196079,1610612741,26,15,2026-01-23T01:27:55Z,1240000,False,64.0,234.0,1,left,N. Vučević 24' 3PT  (3 PTS) (T. Jones 1 AST),"[202696, 1630200]",1610612741.0,CHI,,,,Vučević,N. Vučević,,,,,Above the Break 3,24+ Center,24.28,Made,3.0,,,,T. Jones,1630200.0,1.0,,,,,,,,,,,
126,PT03M18.00S,2026-01-23T01:28:04.2Z,1,REGULAR,turnover,bad pass,[],201144,,,1610612750,26,15,2026-01-23T01:32:52Z,1260000,False,,,0,,M. Conley bad pass TURNOVER (1 TO),"[201144, 1630581]",1610612750.0,MIN,,,,Conley,M. Conley,,,,,Mid-Range,8-16 Center,,,,1.0,Giddey,1630581.0,,,,,,,,,,,,,,
127,PT03M18.00S,2026-01-23T01:28:04.2Z,1,REGULAR,steal,,[],1630581,,,1610612741,26,15,2026-01-23T01:28:05Z,1270000,False,,,0,,J. Giddey STEAL (1 STL),[1630581],1610612741.0,CHI,,,,Giddey,J. Giddey,,,,,Mid-Range,8-16 Center,,,,,,,,,,,,,,,,,,,,
128,PT03M13.00S,2026-01-23T01:28:07.5Z,1,REGULAR,2pt,Layup,"['pointsinthepaint', 'fromturnover', 'fastbreak']",1630245,7.5722733245729295,48.03921568627451,1610612741,26,15,2026-01-23T01:28:12Z,1280000,False,10.0,19.0,1,left,MISS A. Dosunmu running Layup,[1630245],1610612741.0,CHI,running,,,Dosunmu,A. Dosunmu,,,,,Restricted Area,0-8 Center,2.11,Missed,,,,,,,,,,,,,,,,,,
129,PT03M12.00S,2026-01-23T01:28:09.2Z,1,REGULAR,rebound,defensive,[],1630183,,,1610612750,26,15,2026-01-23T01:28:09Z,1290000,False,,,0,,J. McDaniels REBOUND (Off:0 Def:2),[1630183],1610612750.0,MIN,,,,McDaniels,J. McDaniels,,,,,Restricted Area,0-8 Center,,,,,,,,,,,,,,,128.0,2.0,2.0,0.0,,
130,PT03M06.00S,2026-01-23T01:28:17.3Z,1,REGULAR,foul,personal,[],202696,,,1610612750,26,15,2026-01-23T01:28:23Z,1300000,False,,,0,,N. Vučević personal FOUL (1 PF),"[202696, 203497]",1610612741.0,CHI,,,,Vučević,N. Vučević,,,,,Restricted Area,0-8 Center,,,,,,,,,,204059.0,1.0,0.0,Gobert,203497.0,,,,,,
132,PT03M06.00S,2026-01-23T01:28:29.1Z,1,REGULAR,timeout,full,"['team', 'mandatory']",0,,,1610612750,26,15,2026-01-23T01:28:29Z,1320000,False,,,0,,MIN Timeout,[],1610612750.0,MIN,,,,,,,,,,,,,,,,,,,,,,,,,,,,,,,
133,PT03M06.00S,2026-01-23T01:30:37.8Z,1,REGULAR,substitution,out,[],203497,,,1610612750,26,15,2026-01-23T01:31:14Z,1330000,False,,,0,,SUB out: R. Gobert,[203497],1610612750.0,MIN,,,,Gobert,R. Gobert,,,,,,,,,,,,,,,,,,,,,,,,,,
134,PT03M06.00S,2026-01-23T01:30:37.8Z,1,REGULAR,substitution,in,[],1642866,,,1610612750,26,15,2026-01-23T01:31:14Z,1340000,False,,,0,,SUB in: J. Beringer,[1642866],1610612750.0,MIN,,,,Beringer,J. Beringer,,,,,,,,,,,,,,,,,,,,,,,,,,
135,PT02M56.00S,2026-01-23T01:31:29.6Z,1,REGULAR,2pt,Jump Shot,[],201144,88.25558475689881,31.61764705882353,1610612750,26,15,2026-01-23T01:31:33Z,1350000,False,-92.0,58.0,1,right,MISS M. Conley 10' driving floating Shot - blocked,"[201144, 1630245]",1610612750.0,MIN,driving floating,,,Conley,M. Conley,,,,,Mid-Range,8-16 Left,10.86,Missed,,,,,,,,,,,,,,,,,Dosunmu,1630245.0
136,PT02M56.00S,2026-01-23T01:31:29.6Z,1,REGULAR,block,,[],1630245,,,1610612750,26,15,2026-01-23T01:31:31Z,1360000,False,,,0,,A. Dosunmu BLOCK (1 BLK),[1630245],1610612741.0,CHI,,,,Dosunmu,A. Dosunmu,,,,,Mid-Range,8-16 Left,,,,,,,,,,,,,,,,,,,,
137,PT02M54.00S,2026-01-23T01:31:31.6Z,1,REGULAR,rebound,defensive,[],1630245,,,1610612741,26,15,2026-01-23T01:31:33Z,1370000,False,,,0,,A. Dosunmu REBOUND (Off:0 Def:1),[1630245],1610612741.0,CHI,,,,Dosunmu,A. Dosunmu,,,,,Mid-Range,8-16 Left,,,,,,,,,,,,,,,135.0,1.0,1.0,0.0,,
138,PT02M50.00S,2026-01-23T01:31:35.6Z,1,REGULAR,turnover,lost ball,[],1630200,,,1610612741,26,15,2026-01-23T01:38:10Z,1380000,False,,,0,,T. Jones lost ball TURNOVER (1 TO),"[1630200, 1630538]",1610612741.0,CHI,,,,Jones,T. Jones,,,,,Restricted Area,0-8 Center,,,,1.0,Hyland,1630538.0,,,,,,,,,,,,,,
139,PT02M50.00S,2026-01-23T01:31:35.6Z,1,REGULAR,steal,,[],1630538,,,1610612750,26,15,2026-01-23T01:38:10Z,1390000,False,,,0,,B. Hyland STEAL (1 STL),[1630538],1610612750.0,MIN,,,,Hyland,B. Hyland,,,,,Restricted Area,0-8 Center,,,,,,,,,,,,,,,,,,,,
140,PT02M44.00S,2026-01-23T01:31:41.5Z,1,REGULAR,3pt,Jump Shot,"['fromturnover', 'fastbreak']",201144,94.56307490144546,95.34313725490196,1610612750,26,15,2026-01-23T01:31:47Z,1400000,False,227.0,-1.0,1,right,MISS M. Conley running 3PT,[201144],1610612750.0,MIN,running,,,Conley,M. Conley,,,,,Right Corner 3,24+ Right,22.67,Missed,,,,,,,,,,,,,,,,,,
141,PT02M41.00S,2026-01-23T01:31:44.5Z,1,REGULAR,rebound,defensive,[],202696,,,1610612741,26,15,2026-01-23T01:32:15Z,1410000,False,,,0,,N. Vučević REBOUND (Off:0 Def:2),[202696],1610612741.0,CHI,,,,Vučević,N. Vučević,,,,,Right Corner 3,24+ Right,,,,,,,,,,,,,,,140.0,2.0,2.0,0.0,,
142,PT02M33.00S,2026-01-23T01:31:53.1Z,1,REGULAR,3pt,Jump Shot,[],1630581,22.07621550591327,12.768075980392158,1610612741,26,15,2026-01-23T01:32:04Z,1420000,False,186.0,155.0,1,left,MISS J. Giddey 24' 3PT,[1630581],1610612741.0,CHI,,,,Giddey,J. Giddey,,,,,Above the Break 3,24+ Right Center,24.23,Missed,,,,,,,,,,,,,,,,,,
143,PT02M31.00S,2026-01-23T01:31:55.1Z,1,REGULAR,rebound,defensive,['team'],0,,,1610612750,26,15,2026-01-23T01:32:04Z,1430000,False,,,0,,TEAM defensive REBOUND,[],1610612750.0,MIN,,,,,,,,,,Above the Break 3,24+ Right Center,,,,,,,,,,,,,,,142.0,,,,,
145,PT02M31.00S,2026-01-23T01:31:58.9Z,1,REGULAR,substitution,out,[],1630245,,,1610612750,26,15,2026-01-23T01:32:08Z,1450000,False,,,0,,SUB out: A. Dosunmu,[1630245],1610612741.0,CHI,,,,Dosunmu,A. Dosunmu,,,,,,,,,,,,,,,,,,,,,,,,,,
146,PT02M31.00S,2026-01-23T01:31:58.9Z,1,REGULAR,substitution,in,[],1628989,,,1610612750,26,15,2026-01-23T01:32:08Z,1460000,False,,,0,,SUB in: K. Huerter,[1628989],1610612741.0,CHI,,,,Huerter,K. Huerter,,,,,,,,,,,,,,,,,,,,,,,,,,
147,PT02M18.00S,2026-01-23T01:32:22.1Z,1,REGULAR,2pt,Layup,['pointsinthepaint'],1630183,91.14651773981603,57.107843137254896,1610612750,26,15,2026-01-23T01:32:27Z,1470000,False,36.0,31.0,1,right,MISS J. McDaniels driving Layup,[1630183],1610612750.0,MIN,driving,,,McDaniels,J. McDaniels,,,,,In The Paint (Non-RA),0-8 Center,4.69,Missed,,,,,,,,,,,,,,,,,,
148,PT02M16.00S,2026-01-23T01:32:24.1Z,1,REGULAR,rebound,defensive,[],1630581,,,1610612741,26,15,2026-01-23T01:32:27Z,1480000,False,,,0,,J. Giddey REBOUND (Off:0 Def:1),[1630581],1610612741.0,CHI,,,,Giddey,J. Giddey,,,,,In The Paint (Non-RA),0-8 Center,,,,,,,,,,,,,,,147.0,1.0,1.0,0.0,,
149,PT02M06.00S,2026-01-23T01:32:33.9Z,1,REGULAR,2pt,Jump Shot,['pointsinthepaint'],1630581,8.09789750328515,63.725490196078425,1610612741,26,17,2026-01-23T01:32:41Z,1490000,False,-69.0,24.0,1,left,J. Giddey 7' floating Jump Shot (4 PTS) (T. Jones 2 AST),"[1630581, 1630200]",1610612741.0,CHI,floating,,,Giddey,J. Giddey,,,,,In The Paint (Non-RA),0-8 Center,7.25,Made,4.0,,,,T. Jones,1630200.0,2.0,,,,,,,,,,,
151,PT01M46.00S,2026-01-23T01:32:55.8Z,1,REGULAR,2pt,Layup,['pointsinthepaint'],1630183,92.19776609724047,51.225490196078425,1610612750,26,17,2026-01-23T01:33:08Z,1510000,False,6.0,21.0,1,right,MISS J. McDaniels driving finger roll Layup,[1630183],1610612750.0,MIN,driving finger roll,,,McDaniels,J. McDaniels,,,,,Restricted Area,0-8 Center,2.17,Missed,,,,,,,,,,,,,,,,,,
152,PT01M45.00S,2026-01-23T01:32:56.8Z,1,REGULAR,rebound,defensive,[],202696,,,1610612741,26,17,2026-01-23T01:33:08Z,1520000,False,,,0,,N. Vučević REBOUND (Off:0 Def:3),[202696],1610612741.0,CHI,,,,Vučević,N. Vučević,,,,,Restricted Area,0-8 Center,,,,,,,,,,,,,,,151.0,3.0,3.0,0.0,,
153,PT01M44.00S,2026-01-23T01:33:02.4Z,1,REGULAR,foul,personal,"['inpenalty', '2freethrow']",1630183,,,1610612741,26,17,2026-01-23T01:33:07Z,1530000,False,,,0,,J. McDaniels personal FOUL (1 PF) (Vučević 2 FT),"[1630183, 202696]",1610612750.0,MIN,,,,McDaniels,J. McDaniels,,,,,In The Paint (Non-RA),0-8 Center,,,,,,,,,,1201.0,1.0,0.0,Vučević,202696.0,,,,,,
155,PT01M44.00S,2026-01-23T01:33:33.8Z,1,REGULAR,freethrow,1 of 2,[],202696,,,1610612741,26,18,2026-01-23T01:33:33Z,1550000,False,,,0,,N. Vučević Free Throw 1 of 2 (4 PTS),[202696],1610612741.0,CHI,,,,Vučević,N. Vučević,,,,,,,,Made,4.0,,,,,,,,,,,,,,,,,
156,PT01M44.00S,2026-01-23T01:33:48.7Z,1,REGULAR,freethrow,2 of 2,[],202696,,,1610612741,26,19,2026-01-23T01:33:48Z,1560000,False,,,0,,N. Vučević Free Throw 2 of 2 (5 PTS),[202696],1610612741.0,CHI,,,,Vučević,N. Vučević,,,,,,,,Made,5.0,,,,,,,,,,,,,,,,,
157,PT01M35.00S,2026-01-23T01:34:02.4Z,1,REGULAR,2pt,Jump Shot,['pointsinthepaint'],1630538,91.93495400788436,59.068627450980394,1610612750,26,19,2026-01-23T01:34:21Z,1570000,False,45.0,23.0,1,right,MISS B. Hyland driving floating bank Shot,[1630538],1610612750.0,MIN,driving floating bank,,,Hyland,B. Hyland,,,,,In The Paint (Non-RA),0-8 Center,5.09,Missed,,,,,,,,,,,,,,,,,,
158,PT01M33.00S,2026-01-23T01:34:04.4Z,1,REGULAR,rebound,defensive,[],1630172,,,1610612741,26,19,2026-01-23T01:34:21Z,1580000,False,,,0,,P. Williams REBOUND (Off:0 Def:1),[1630172],1610612741.0,CHI,,,,Williams,P. Williams,,,,,In The Paint (Non-RA),0-8 Center,,,,,,,,,,,,,,,157.0,1.0,1.0,0.0,,
159,PT01M26.00S,2026-01-23T01:34:09.4Z,1,REGULAR,3pt,Jump Shot,[],1630172,27.94021024967148,17.647058823529413,1610612741,26,22,2026-01-23T01:34:14Z,1590000,False,162.0,210.0,1,left,P. Williams 26' 3PT  (3 PTS) (K. Huerter 1 AST),"[1630172, 1628989]",1610612741.0,CHI,,,,Williams,P. Williams,,,,,Above the Break 3,24+ Right Center,26.52,Made,3.0,,,,K. Huerter,1628989.0,1.0,,,,,,,,,,,
161,PT01M09.00S,2026-01-23T01:34:26.3Z,1,REGULAR,2pt,Jump Shot,['pointsinthepaint'],1629675,85.10183968462549,47.794117647058826,1610612750,26,22,2026-01-23T01:43:49Z,1610000,False,-11.0,88.0,1,right,MISS N. Reid 8' driving floating Shot,[1629675],1610612750.0,MIN,driving floating,,,Reid,N. Reid,,,,,In The Paint (Non-RA),8-16 Center,8.82,Missed,,,,,,,,,,,,,,,,,,
162,PT01M07.00S,2026-01-23T01:34:28.3Z,1,REGULAR,rebound,offensive,[],1642866,,,1610612750,26,22,2026-01-23T01:44:15Z,1620000,False,,,0,,J. Beringer REBOUND (Off:1 Def:0),[1642866],1610612750.0,MIN,,,,Beringer,J. Beringer,,,,,In The Paint (Non-RA),8-16 Center,,,,,,,,,,,,,,,161.0,1.0,0.0,1.0,,
208,PT01M07.00S,2026-01-23T01:34:32.2Z,1,REGULAR,2pt,Layup,"['pointsinthepaint', '2ndchance']",1642866,93.82391590013141,51.37101715686274,1610612750,26,22,2026-01-23T01:44:15Z,1625000,False,7.0,6.0,1,right,MISS J. Beringer tip Layup,[1642866],1610612750.0,MIN,tip,,,Beringer,J. Beringer,,,,,Restricted Area,0-8 Center,0.89,Missed,,,,,,,,,,,,,,,,,,
209,PT01M04.00S,2026-01-23T01:34:35.2Z,1,REGULAR,rebound,defensive,[],1630172,,,1610612741,26,22,2026-01-23T01:44:11Z,1627500,False,,,0,,P. Williams REBOUND (Off:0 Def:2),[1630172],1610612741.0,CHI,,,,Williams,P. Williams,,,,,Restricted Area,0-8 Center,,,,,,,,,,,,,,,208.0,2.0,2.0,0.0,,
163,PT00M57.80S,2026-01-23T01:34:38.1Z,1,REGULAR,2pt,Layup,['pointsinthepaint'],1630581,7.6215505913272015,46.959252450980394,1610612741,26,24,2026-01-23T01:35:13Z,1630000,False,15.0,19.0,1,left,J. Giddey driving Layup (6 PTS),[1630581],1610612741.0,CHI,driving,,,Giddey,J. Giddey,,,,,Restricted Area,0-8 Center,2.44,Made,6.0,,,,,,,,,,,,,,,,,
165,PT00M44.00S,2026-01-23T01:34:53.9Z,1,REGULAR,3pt,Jump Shot,[],1630183,67.62483574244416,39.950980392156865,1610612750,29,24,2026-01-23T01:34:58Z,1650000,False,-50.0,252.0,1,right,J. McDaniels 25' 3PT  (5 PTS) (N. Reid 2 AST),"[1630183, 1629675]",1610612750.0,MIN,,,,McDaniels,J. McDaniels,,,,,Above the Break 3,24+ Center,25.68,Made,5.0,,,,N. Reid,1629675.0,2.0,,,,,,,,,,,
167,PT00M27.10S,2026-01-23T01:35:16.7Z,1,REGULAR,foul,personal,"['inpenalty', '2freethrow']",1630538,,,1610612741,29,24,2026-01-23T01:35:21Z,1670000,False,,,0,,B. Hyland personal FOUL (2 PF) (Giddey 2 FT),"[1630538, 1630581]",1610612750.0,MIN,,,,Hyland,B. Hyland,,,,,Mid-Range,16-24 Left Center,,,,,,,,,,1201.0,2.0,0.0,Giddey,1630581.0,,,,,,
169,PT00M27.10S,2026-01-23T01:35:38.3Z,1,REGULAR,freethrow,1 of 2,[],1630581,,,1610612741,29,25,2026-01-23T01:35:38Z,1690000,False,,,0,,J. Giddey Free Throw 1 of 2 (7 PTS),[1630581],1610612741.0,CHI,,,,Giddey,J. Giddey,,,,,,,,Made,7.0,,,,,,,,,,,,,,,,,
170,PT00M27.10S,2026-01-23T01:35:51.7Z,1,REGULAR,freethrow,2 of 2,[],1630581,,,1610612741,29,26,2026-01-23T01:35:51Z,1700000,False,,,0,,J. Giddey Free Throw 2 of 2 (8 PTS),[1630581],1610612741.0,CHI,,,,Giddey,J. Giddey,,,,,,,,Made,8.0,,,,,,,,,,,,,,,,,
171,PT00M12.20S,2026-01-23T01:36:10.3Z,1,REGULAR,foul,personal,[],1630172,,,1610612750,29,26,2026-01-23T01:36:22Z,1710000,False,,,0,,P. Williams personal FOUL (1 PF),"[1630172, 1629675]",1610612741.0,CHI,,,,Williams,P. Williams,,,,,Above the Break 3,24+ Center,,,,,,,,,,204059.0,1.0,0.0,Reid,1629675.0,,,,,,
173,PT00M03.60S,2026-01-23T01:36:33.1Z,1,REGULAR,3pt,Jump Shot,[],1629675,73.27529566360053,77.94117647058823,1610612750,32,26,2026-01-23T01:36:37Z,1730000,False,140.0,199.0,1,right,N. Reid 24' 3PT pullup (9 PTS) (M. Conley 1 AST),"[1629675, 201144]",1610612750.0,MIN,pullup,,,Reid,N. Reid,,,,,Above the Break 3,24+ Right Center,24.29,Made,9.0,,,,M. Conley,201144.0,1.0,,,,,,,,,,,
175,PT00M00.20S,2026-01-23T01:36:38.6Z,1,REGULAR,heave,,[],0,,,1610612741,32,26,2026-01-23T01:36:56Z,1750000,False,,,0,,CHI Heave,[],1610612741.0,CHI,,,,,,,,,,Above the Break 3,24+ Center,51.04,,,,,,,,,,,,,,,,,,,
176,PT00M00.20S,2026-01-23T01:36:38.6Z,1,REGULAR,rebound,offensive,['team'],0,,,1610612741,32,26,2026-01-23T01:36:56Z,1760000,False,,,0,,TEAM offensive REBOUND,[],1610612741.0,CHI,,,,,,,,,,Above the Break 3,24+ Center,,,,,,,,,,,,,,,175.0,,,,,
177,PT00M00.00S,2026-01-23T01:36:43.0Z,1,REGULAR,period,end,[],0,,,1610612741,32,26,2026-01-23T01:36:43Z,1770000,False,,,0,,Period End,[],,,,,,,,,,,,,,,,,,,,,,,,,,,,,,,,,
179,PT12M00.00S,2026-01-23T01:38:52.0Z,2,REGULAR,substitution,out,['startperiod'],1630183,,,1610612741,32,26,2026-01-23T01:39:17Z,1780000,False,,,0,,SUB out: J. McDaniels,[1630183],1610612750.0,MIN,,,,McDaniels,J. McDaniels,,,,,,,,,,,,,,,,,,,,,,,,,,
180,PT12M00.00S,2026-01-23T01:38:52.0Z,2,REGULAR,substitution,out,['startperiod'],1630538,,,1610612741,32,26,2026-01-23T01:39:17Z,1790000,False,,,0,,SUB out: B. Hyland,[1630538],1610612750.0,MIN,,,,Hyland,B. Hyland,,,,,,,,,,,,,,,,,,,,,,,,,,
181,PT12M00.00S,2026-01-23T01:38:52.0Z,2,REGULAR,substitution,out,['startperiod'],1642866,,,1610612741,32,26,2026-01-23T01:39:17Z,1800000,False,,,0,,SUB out: J. Beringer,[1642866],1610612750.0,MIN,,,,Beringer,J. Beringer,,,,,,,,,,,,,,,,,,,,,,,,,,
182,PT12M00.00S,2026-01-23T01:38:52.0Z,2,REGULAR,substitution,in,['startperiod'],1630162,,,1610612741,32,26,2026-01-23T01:39:17Z,1810000,False,,,0,,SUB in: A. Edwards,[1630162],1610612750.0,MIN,,,,Edwards,A. Edwards,,,,,,,,,,,,,,,,,,,,,,,,,,
183,PT12M00.00S,2026-01-23T01:38:52.0Z,2,REGULAR,substitution,in,['startperiod'],203944,,,1610612741,32,26,2026-01-23T01:39:17Z,1820000,False,,,0,,SUB in: J. Randle,[203944],1610612750.0,MIN,,,,Randle,J. Randle,,,,,,,,,,,,,,,,,,,,,,,,,,
184,PT12M00.00S,2026-01-23T01:38:52.0Z,2,REGULAR,substitution,in,['startperiod'],1641740,,,1610612741,32,26,2026-01-23T01:39:17Z,1830000,False,,,0,,SUB in: J. Clark,[1641740],1610612750.0,MIN,,,,Clark,J. Clark,,,,,,,,,,,,,,,,,,,,,,,,,,
185,PT12M00.00S,2026-01-23T01:39:19.0Z,2,REGULAR,period,start,[],0,,,1610612741,32,26,2026-01-23T01:39:19Z,1840000,False,,,0,,Period Start,[],,,,,,,,,,,,,,,,,,,,,,,,,,,,,,,,,
186,PT11M39.00S,2026-01-23T01:39:39.1Z,2,REGULAR,3pt,Jump Shot,[],1630200,29.77989487516426,70.09803921568627,1610612741,32,26,2026-01-23T01:39:48Z,1850000,False,-100.0,227.0,1,left,MISS T. Jones 24' 3PT,[1630200],1610612741.0,CHI,,,,Jones,T. Jones,,,,,Above the Break 3,24+ Left Center,24.86,Missed,,,,,,,,,,,,,,,,,,
187,PT11M36.00S,2026-01-23T01:39:42.1Z,2,REGULAR,rebound,defensive,[],1630162,,,1610612750,32,26,2026-01-23T01:39:48Z,1860000,False,,,0,,A. Edwards REBOUND (Off:1 Def:2),[1630162],1610612750.0,MIN,,,,Edwards,A. Edwards,,,,,Above the Break 3,24+ Left Center,,,,,,,,,,,,,,,186.0,3.0,2.0,1.0,,
188,PT11M28.00S,2026-01-23T01:39:50.0Z,2,REGULAR,2pt,DUNK,['pointsinthepaint'],1630162,93.51182654402102,51.470588235294116,1610612750,34,26,2026-01-23T01:39:54Z,1870000,False,7.0,8.0,1,right,A. Edwards driving DUNK (7 PTS) (J. Randle 1 AST),"[1630162, 203944]",1610612750.0,MIN,driving,,,Edwards,A. Edwards,,,,,Restricted Area,0-8 Center,1.13,Made,7.0,,,,J. Randle,203944.0,1.0,,,,,,,,,,,
190,PT11M15.00S,2026-01-23T01:40:03.4Z,2,REGULAR,2pt,Layup,['pointsinthepaint'],1630581,7.966491458607096,46.07843137254902,1610612741,34,28,2026-01-23T01:40:08Z,1890000,False,20.0,22.0,1,left,J. Giddey driving finger roll Layup (10 PTS),[1630581],1610612741.0,CHI,driving finger roll,,,Giddey,J. Giddey,,,,,Restricted Area,0-8 Center,2.98,Made,10.0,,,,,,,,,,,,,,,,,
191,PT10M55.00S,2026-01-23T01:40:22.3Z,2,REGULAR,3pt,Jump Shot,[],201144,92.32917214191852,3.431372549019608,1610612750,37,28,2026-01-23T01:40:27Z,1900000,False,-233.0,20.0,1,right,M. Conley 3PT  (3 PTS) (N. Reid 3 AST),"[201144, 1629675]",1610612750.0,MIN,,,,Conley,M. Conley,,,,,Left Corner 3,24+ Left,23.36,Made,3.0,,,,N. Reid,1629675.0,3.0,,,,,,,,,,,
193,PT10M42.00S,2026-01-23T01:40:37.5Z,2,REGULAR,2pt,Layup,['pointsinthepaint'],1630581,6.701708278580814,45.73376225490196,1610612741,37,30,2026-01-23T01:40:42Z,1920000,False,21.0,10.0,1,left,J. Giddey cutting Layup (12 PTS) (T. Jones 3 AST),"[1630581, 1630200]",1610612741.0,CHI,cutting,,,Giddey,J. Giddey,,,,,Restricted Area,0-8 Center,2.37,Made,12.0,,,,T. Jones,1630200.0,3.0,,,,,,,,,,,
195,PT10M42.00S,2026-01-23T01:40:39.9Z,2,REGULAR,foul,personal,['1freethrow'],1641740,,,1610612741,37,30,2026-01-23T01:40:45Z,1940000,False,,,0,,J. Clark shooting personal FOUL (1 PF) (Giddey 1 FT),"[1641740, 1630581]",1610612750.0,MIN,shooting,,,Clark,J. Clark,,,,,Restricted Area,0-8 Center,,,,,,,,,,203593.0,1.0,0.0,Giddey,1630581.0,,,,,,
197,PT10M42.00S,2026-01-23T01:40:47.3Z,2,REGULAR,substitution,out,[],1628989,,,1610612741,37,30,2026-01-23T01:41:11Z,1960000,False,,,0,,SUB out: K. Huerter,[1628989],1610612741.0,CHI,,,,Huerter,K. Huerter,,,,,,,,,,,,,,,,,,,,,,,,,,
198,PT10M42.00S,2026-01-23T01:40:47.3Z,2,REGULAR,substitution,out,[],1630200,,,1610612741,37,30,2026-01-23T01:41:11Z,1970000,False,,,0,,SUB out: T. Jones,[1630200],1610612741.0,CHI,,,,Jones,T. Jones,,,,,,,,,,,,,,,,,,,,,,,,,,
199,PT10M42.00S,2026-01-23T01:40:47.3Z,2,REGULAR,substitution,in,[],1629632,,,1610612741,37,30,2026-01-23T01:41:11Z,1980000,False,,,0,,SUB in: C. White,[1629632],1610612741.0,CHI,,,,White,C. White,,,,,,,,,,,,,,,,,,,,,,,,,,
200,PT10M42.00S,2026-01-23T01:40:47.3Z,2,REGULAR,substitution,in,[],1630245,,,1610612741,37,30,2026-01-23T01:41:11Z,1990000,False,,,0,,SUB in: A. Dosunmu,[1630245],1610612741.0,CHI,,,,Dosunmu,A. Dosunmu,,,,,,,,,,,,,,,,,,,,,,,,,,
201,PT10M42.00S,2026-01-23T01:41:04.9Z,2,REGULAR,freethrow,1 of 1,[],1630581,,,1610612741,37,31,2026-01-23T01:41:04Z,2000000,False,,,0,,J. Giddey Free Throw 1 of 1 (13 PTS),[1630581],1610612741.0,CHI,,,,Giddey,J. Giddey,,,,,,,,Made,13.0,,,,,,,,,,,,,,,,,
202,PT10M32.00S,2026-01-23T01:41:18.5Z,2,REGULAR,2pt,Jump Shot,['pointsinthepaint'],203944,80.3712220762155,54.65686274509803,1610612750,39,31,2026-01-23T01:41:22Z,2010000,False,23.0,132.0,1,right,J. Randle 13' Jump Shot (8 PTS) (M. Conley 2 AST),"[203944, 201144]",1610612750.0,MIN,,,,Randle,J. Randle,,,,,In The Paint (Non-RA),8-16 Center,13.4,Made,8.0,,,,M. Conley,201144.0,2.0,,,,,,,,,,,
204,PT10M19.00S,2026-01-23T01:41:30.6Z,2,REGULAR,3pt,Jump Shot,[],1630581,31.1740308804205,58.6014093137255,1610612741,39,31,2026-01-23T01:41:36Z,2030000,False,-43.0,241.0,1,left,MISS J. Giddey 24' 3PT,[1630581],1610612741.0,CHI,,,,Giddey,J. Giddey,,,,,Above the Break 3,24+ Center,24.43,Missed,,,,,,,,,,,,,,,,,,
205,PT10M16.00S,2026-01-23T01:41:33.6Z,2,REGULAR,rebound,defensive,[],1629675,,,1610612750,39,31,2026-01-23T01:41:36Z,2040000,False,,,0,,N. Reid REBOUND (Off:0 Def:2),[1629675],1610612750.0,MIN,,,,Reid,N. Reid,,,,,Above the Break 3,24+ Center,,,,,,,,,,,,,,,204.0,2.0,2.0,0.0,,
206,PT10M06.00S,2026-01-23T01:41:43.5Z,2,REGULAR,2pt,Jump Shot,[],1630162,83.39356110381078,19.11764705882353,1610612750,41,31,2026-01-23T01:48:56Z,2050000,False,-154.0,104.0,1,right,A. Edwards 18' fadeaway Jump Shot (9 PTS),[1630162],1610612750.0,MIN,fadeaway,,,Edwards,A. Edwards,,,,,Mid-Range,16-24 Left,18.59,Made,9.0,,,,,,,,,,,,,,,,,
207,PT10M05.00S,2026-01-23T01:41:48.5Z,2,REGULAR,timeout,full,"['team', 'mandatory']",0,,,1610612741,41,31,2026-01-23T01:41:48Z,2060000,False,,,0,,CHI Timeout,[],1610612741.0,CHI,,,,,,,,,,,,,,,,,,,,,,,,,,,,,,,
210,PT10M05.00S,2026-01-23T01:44:03.1Z,2,REGULAR,substitution,out,[],1630581,,,1610612741,41,31,2026-01-23T01:44:38Z,2070000,False,,,0,,SUB out: J. Giddey,[1630581],1610612741.0,CHI,,,,Giddey,J. Giddey,,,,,,,,,,,,,,,,,,,,,,,,,,
211,PT10M05.00S,2026-01-23T01:44:03.1Z,2,REGULAR,substitution,out,[],1630172,,,1610612741,41,31,2026-01-23T01:44:38Z,2080000,False,,,0,,SUB out: P. Williams,[1630172],1610612741.0,CHI,,,,Williams,P. Williams,,,,,,,,,,,,,,,,,,,,,,,,,,
212,PT10M05.00S,2026-01-23T01:44:03.1Z,2,REGULAR,substitution,in,[],1630188,,,1610612741,41,31,2026-01-23T01:44:38Z,2090000,False,,,0,,SUB in: J. Smith,[1630188],1610612741.0,CHI,,,,Smith,J. Smith,,,,,,,,,,,,,,,,,,,,,,,,,,
213,PT10M05.00S,2026-01-23T01:44:03.1Z,2,REGULAR,substitution,in,[],1630171,,,1610612741,41,31,2026-01-23T01:44:38Z,2100000,False,,,0,,SUB in: I. Okoro,[1630171],1610612741.0,CHI,,,,Okoro,I. Okoro,,,,,,,,,,,,,,,,,,,,,,,,,,
214,PT09M42.00S,2026-01-23T01:45:09.5Z,2,REGULAR,3pt,Jump Shot,[],1630171,23.603810775295663,85.29411764705883,1610612741,41,31,2026-01-23T01:45:14Z,2110000,False,-176.0,169.0,1,left,MISS I. Okoro 24' 3PT,[1630171],1610612741.0,CHI,,,,Okoro,I. Okoro,,,,,Above the Break 3,24+ Left Center,24.46,Missed,,,,,,,,,,,,,,,,,,
215,PT09M40.00S,2026-01-23T01:45:11.5Z,2,REGULAR,rebound,defensive,[],201144,,,1610612750,41,31,2026-01-23T01:45:14Z,2120000,False,,,0,,M. Conley REBOUND (Off:0 Def:1),[201144],1610612750.0,MIN,,,,Conley,M. Conley,,,,,Above the Break 3,24+ Left Center,,,,,,,,,,,,,,,214.0,1.0,1.0,0.0,,
216,PT09M29.00S,2026-01-23T01:45:28.8Z,2,REGULAR,foul,personal,[],1630171,,,1610612750,41,31,2026-01-23T01:45:41Z,2130000,False,,,0,,I. Okoro loose ball personal FOUL (1 PF),"[1630171, 1630162]",1610612741.0,CHI,loose ball,,,Okoro,I. Okoro,,,,,Above the Break 3,24+ Left Center,,,,,,,,,,204059.0,1.0,0.0,Edwards,1630162.0,,,,,,
218,PT09M25.00S,2026-01-23T01:45:56.6Z,2,REGULAR,2pt,Jump Shot,[],203944,81.2910643889619,23.284313725490197,1610612750,41,31,2026-01-23T01:50:17Z,2150000,False,-134.0,123.0,1,right,MISS J. Randle 18' step back Shot,[203944],1610612750.0,MIN,step back,,,Randle,J. Randle,,,,,Mid-Range,16-24 Left Center,18.19,Missed,,,,,,,,,,,,,,,,,,
219,PT09M23.00S,2026-01-23T01:45:58.6Z,2,REGULAR,rebound,defensive,[],1630188,,,1610612741,41,31,2026-01-23T01:46:00Z,2160000,False,,,0,,J. Smith REBOUND (Off:0 Def:1),[1630188],1610612741.0,CHI,,,,Smith,J. Smith,,,,,Mid-Range,16-24 Left Center,,,,,,,,,,,,,,,218.0,1.0,1.0,0.0,,
220,PT09M18.00S,2026-01-23T01:46:05.8Z,2,REGULAR,2pt,Layup,"['fastbreak', 'pointsinthepaint']",1630245,8.278580814717477,46.978400735294116,1610612741,41,31,2026-01-23T01:51:16Z,2170000,False,15.0,25.0,1,left,MISS A. Dosunmu running Layup,[1630245],1610612741.0,CHI,running,,,Dosunmu,A. Dosunmu,,,,,Restricted Area,0-8 Center,2.95,Missed,,,,,,,,,,,,,,,,,,
221,PT09M15.00S,2026-01-23T01:46:08.8Z,2,REGULAR,rebound,defensive,[],203944,,,1610612750,41,31,2026-01-23T01:47:31Z,2180000,False,,,0,,J. Randle REBOUND (Off:0 Def:4),[203944],1610612750.0,MIN,,,,Randle,J. Randle,,,,,Restricted Area,0-8 Center,,,,,,,,,,,,,,,220.0,4.0,4.0,0.0,,
224,PT09M12.00S,2026-01-23T01:46:13.7Z,2,REGULAR,2pt,Layup,"['fastbreak', 'pointsinthepaint']",1641740,93.51182654402102,48.28431372549019,1610612750,43,31,2026-01-23T01:47:50Z,2210000,False,-9.0,8.0,1,right,J. Clark running Layup (2 PTS) (J. Randle 2 AST),"[1641740, 203944]",1610612750.0,MIN,running,,,Clark,J. Clark,,,,,Restricted Area,0-8 Center,1.21,Made,2.0,,,,J. Randle,203944.0,2.0,,,,,,,,,,,
226,PT09M02.00S,2026-01-23T01:46:21.8Z,2,REGULAR,foul,personal,[],1630162,,,1610612741,43,31,2026-01-23T01:46:26Z,2230000,False,,,0,,A. Edwards personal FOUL (3 PF),"[1630162, 1630188]",1610612750.0,MIN,,,,Edwards,A. Edwards,,,,,In The Paint (Non-RA),8-16 Center,,,,,,,,,,204059.0,3.0,0.0,Smith,1630188.0,,,,,,
228,PT09M02.00S,2026-01-23T01:46:29.0Z,2,REGULAR,substitution,out,[],202696,,,1610612741,43,31,2026-01-23T01:46:38Z,2250000,False,,,0,,SUB out: N. Vučević,[202696],1610612741.0,CHI,,,,Vučević,N. Vučević,,,,,,,,,,,,,,,,,,,,,,,,,,
229,PT09M02.00S,2026-01-23T01:46:29.0Z,2,REGULAR,substitution,in,[],1641824,,,1610612741,43,31,2026-01-23T01:46:38Z,2260000,False,,,0,,SUB in: M. Buzelis,[1641824],1610612741.0,CHI,,,,Buzelis,M. Buzelis,,,,,,,,,,,,,,,,,,,,,,,,,,
230,PT08M59.00S,2026-01-23T01:46:47.7Z,2,REGULAR,foul,personal,[],1641740,,,1610612741,43,31,2026-01-23T01:47:01Z,2270000,False,,,0,,J. Clark personal FOUL (2 PF),"[1641740, 1629632]",1610612750.0,MIN,,,,Clark,J. Clark,,,,,Above the Break 3,24+ Right Center,,,,,,,,,,204059.0,2.0,0.0,White,1629632.0,,,,,,
232,PT08M48.00S,2026-01-23T01:47:15.5Z,2,REGULAR,foul,personal,[],203944,,,1610612741,43,31,2026-01-23T01:47:33Z,2290000,False,,,0,,J. Randle personal FOUL (1 PF),"[203944, 1629632]",1610612750.0,MIN,,,,Randle,J. Randle,,,,,Mid-Range,16-24 Left Center,,,,,,,,,,1201.0,1.0,0.0,White,1629632.0,,,,,,
234,PT08M33.00S,2026-01-23T01:47:50.6Z,2,REGULAR,2pt,Hook,['pointsinthepaint'],1630188,6.652431011826544,50.98039215686274,1610612741,43,33,2026-01-23T01:53:25Z,2310000,False,-5.0,10.0,1,left,J. Smith driving Hook (5 PTS) (A. Dosunmu 1 AST),"[1630188, 1630245]",1610612741.0,CHI,driving,,,Smith,J. Smith,,,,,Restricted Area,0-8 Center,1.11,Made,5.0,,,,A. Dosunmu,1630245.0,1.0,,,,,,,,,,,
236,PT08M19.00S,2026-01-23T01:48:05.5Z,2,REGULAR,2pt,Jump Shot,[],1630162,88.91261498028909,70.83333333333334,1610612750,43,33,2026-01-23T01:48:33Z,2330000,False,104.0,52.0,1,right,MISS A. Edwards 11' fadeaway Shot,[1630162],1610612750.0,MIN,fadeaway,,,Edwards,A. Edwards,,,,,Mid-Range,8-16 Right,11.63,Missed,,,,,,,,,,,,,,,,,,
237,PT08M17.00S,2026-01-23T01:48:07.5Z,2,REGULAR,rebound,defensive,[],1629632,,,1610612741,43,33,2026-01-23T01:48:33Z,2340000,False,,,0,,C. White REBOUND (Off:0 Def:1),[1629632],1610612741.0,CHI,,,,White,C. White,,,,,Mid-Range,8-16 Right,,,,,,,,,,,,,,,236.0,1.0,1.0,0.0,,
238,PT08M14.00S,2026-01-23T01:48:12.0Z,2,REGULAR,foul,personal,"['inpenalty', '2freethrow']",1629675,,,1610612741,43,33,2026-01-23T01:48:22Z,2350000,False,,,0,,N. Reid shooting personal FOUL (1 PF) (White 2 FT),"[1629675, 1629632]",1610612750.0,MIN,shooting,,,Reid,N. Reid,,,,,In The Paint (Non-RA),0-8 Center,,,,,,,,,,204059.0,1.0,0.0,White,1629632.0,,,,,,
240,PT08M14.00S,2026-01-23T01:48:38.5Z,2,REGULAR,freethrow,1 of 2,['fastbreak'],1629632,,,1610612741,43,33,2026-01-23T01:48:38Z,2370000,False,,,0,,MISS C. White Free Throw 1 of 2,[1629632],1610612741.0,CHI,,,,White,C. White,,,,,,,,Missed,,,,,,,,,,,,,,,,,,
241,PT08M14.00S,2026-01-23T01:48:38.5Z,2,REGULAR,rebound,offensive,"['deadball', 'team']",0,,,1610612741,43,33,2026-01-23T01:48:38Z,2380000,False,,,0,,TEAM offensive REBOUND,[],1610612741.0,CHI,,,,,,,,,,,,,,,,,,,,,,,,,,240.0,,,,,
242,PT08M14.00S,2026-01-23T01:48:39.1Z,2,REGULAR,substitution,out,[],201144,,,1610612741,43,33,2026-01-23T01:48:44Z,2390000,False,,,0,,SUB out: M. Conley,[201144],1610612750.0,MIN,,,,Conley,M. Conley,,,,,,,,,,,,,,,,,,,,,,,,,,
243,PT08M14.00S,2026-01-23T01:48:39.1Z,2,REGULAR,substitution,in,[],1628978,,,1610612741,43,33,2026-01-23T01:48:44Z,2400000,False,,,0,,SUB in: D. DiVincenzo,[1628978],1610612750.0,MIN,,,,DiVincenzo,D. DiVincenzo,,,,,,,,,,,,,,,,,,,,,,,,,,
244,PT08M14.00S,2026-01-23T01:48:55.5Z,2,REGULAR,freethrow,2 of 2,['fastbreak'],1629632,,,1610612741,43,34,2026-01-23T01:48:55Z,2410000,False,,,0,,C. White Free Throw 2 of 2 (6 PTS),[1629632],1610612741.0,CHI,,,,White,C. White,,,,,,,,Made,6.0,,,,,,,,,,,,,,,,,
245,PT08M04.00S,2026-01-23T01:49:08.2Z,2,REGULAR,2pt,Layup,['pointsinthepaint'],203944,92.64126149802891,47.20435049019608,1610612750,45,34,2026-01-23T01:49:41Z,2420000,False,-14.0,17.0,1,right,J. Randle cutting finger roll Layup (10 PTS) (D. DiVincenzo 2 AST),"[203944, 1628978]",1610612750.0,MIN,cutting finger roll,,,Randle,J. Randle,,,,,Restricted Area,0-8 Center,2.18,Made,10.0,,,,D. DiVincenzo,1628978.0,2.0,,,,,,,,,,,
247,PT08M04.00S,2026-01-23T01:49:10.5Z,2,REGULAR,foul,personal,['1freethrow'],1630188,,,1610612750,45,34,2026-01-23T01:49:19Z,2440000,False,,,0,,J. Smith shooting personal FOUL (3 PF) (Randle 1 FT),"[1630188, 203944]",1610612741.0,CHI,shooting,,,Smith,J. Smith,,,,,Restricted Area,0-8 Center,,,,,,,,,,204059.0,3.0,0.0,Randle,203944.0,,,,,,
249,PT08M04.00S,2026-01-23T01:49:51.7Z,2,REGULAR,freethrow,1 of 1,[],203944,,,1610612750,46,34,2026-01-23T01:49:51Z,2460000,False,,,0,,J. Randle Free Throw 1 of 1 (11 PTS),[203944],1610612750.0,MIN,,,,Randle,J. Randle,,,,,,,,Made,11.0,,,,,,,,,,,,,,,,,
250,PT07M46.00S,2026-01-23T01:50:11.9Z,2,REGULAR,3pt,Jump Shot,[],1630171,5.913272010512484,95.36611519607843,1610612741,46,37,2026-01-23T01:50:20Z,2470000,False,-227.0,3.0,1,left,I. Okoro 3PT  (3 PTS) (C. White 1 AST),"[1630171, 1629632]",1610612741.0,CHI,,,,Okoro,I. Okoro,,,,,Left Corner 3,24+ Left,22.68,Made,3.0,,,,C. White,1629632.0,1.0,,,,,,,,,,,
252,PT07M23.00S,2026-01-23T01:50:38.6Z,2,REGULAR,foul,personal,[],1630171,,,1610612750,46,37,2026-01-23T01:50:51Z,2490000,False,,,0,,I. Okoro personal FOUL (2 PF),"[1630171, 1628978]",1610612741.0,CHI,,,,Okoro,I. Okoro,,,,,Mid-Range,16-24 Left,,,,,,,,,,1201.0,2.0,0.0,DiVincenzo,1628978.0,,,,,,
254,PT07M23.00S,2026-01-23T01:50:48.8Z,2,REGULAR,substitution,out,[],1629675,,,1610612750,46,37,2026-01-23T01:50:52Z,2510000,False,,,0,,SUB out: N. Reid,[1629675],1610612750.0,MIN,,,,Reid,N. Reid,,,,,,,,,,,,,,,,,,,,,,,,,,
255,PT07M23.00S,2026-01-23T01:50:48.8Z,2,REGULAR,substitution,in,[],203497,,,1610612750,46,37,2026-01-23T01:50:52Z,2520000,False,,,0,,SUB in: R. Gobert,[203497],1610612750.0,MIN,,,,Gobert,R. Gobert,,,,,,,,,,,,,,,,,,,,,,,,,,
256,PT07M15.00S,2026-01-23T01:51:13.6Z,2,REGULAR,2pt,Jump Shot,['pointsinthepaint'],1630162,80.1084099868594,50.49019607843137,1610612750,46,37,2026-01-23T01:51:21Z,2530000,False,2.0,134.0,1,right,MISS A. Edwards 13' turnaround Shot,[1630162],1610612750.0,MIN,turnaround,,,Edwards,A. Edwards,,,,,In The Paint (Non-RA),8-16 Center,13.45,Missed,,,,,,,,,,,,,,,,,,
257,PT07M13.00S,2026-01-23T01:51:15.6Z,2,REGULAR,rebound,defensive,[],1641824,,,1610612741,46,37,2026-01-23T01:51:27Z,2540000,False,,,0,,M. Buzelis REBOUND (Off:0 Def:5),[1641824],1610612741.0,CHI,,,,Buzelis,M. Buzelis,,,,,In The Paint (Non-RA),8-16 Center,,,,,,,,,,,,,,,256.0,5.0,5.0,0.0,,
258,PT07M04.00S,2026-01-23T01:51:23.9Z,2,REGULAR,3pt,Jump Shot,[],1630245,30.699737187910642,36.029411764705884,1610612741,46,40,2026-01-23T01:51:30Z,2550000,False,70.0,236.0,1,left,A. Dosunmu 24' 3PT  (5 PTS) (M. Buzelis 2 AST),"[1630245, 1641824]",1610612741.0,CHI,,,,Dosunmu,A. Dosunmu,,,,,Above the Break 3,24+ Center,24.62,Made,5.0,,,,M. Buzelis,1641824.0,2.0,,,,,,,,,,,
260,PT06M50.00S,2026-01-23T01:51:38.2Z,2,REGULAR,2pt,Jump Shot,[],203944,78.0059132720105,44.6078431372549,1610612750,48,40,2026-01-23T01:51:56Z,2570000,False,-27.0,154.0,1,right,J. Randle 15' step back Jump Shot (13 PTS),[203944],1610612750.0,MIN,step back,,,Randle,J. Randle,,,,,Mid-Range,8-16 Center,15.65,Made,13.0,,,,,,,,,,,,,,,,,
261,PT06M34.00S,2026-01-23T01:51:54.1Z,2,REGULAR,3pt,Jump Shot,[],1630171,31.750985545335087,55.14705882352941,1610612741,48,40,2026-01-23T01:51:58Z,2580000,False,-26.0,246.0,1,left,MISS I. Okoro 24' 3PT,[1630171],1610612741.0,CHI,,,,Okoro,I. Okoro,,,,,Above the Break 3,24+ Center,24.73,Missed,,,,,,,,,,,,,,,,,,
262,PT06M34.00S,2026-01-23T01:51:54.1Z,2,REGULAR,rebound,defensive,[],203497,,,1610612750,48,40,2026-01-23T01:51:58Z,2590000,False,,,0,,R. Gobert REBOUND (Off:2 Def:3),[203497],1610612750.0,MIN,,,,Gobert,R. Gobert,,,,,Above the Break 3,24+ Center,,,,,,,,,,,,,,,261.0,5.0,3.0,2.0,,
263,PT06M15.00S,2026-01-23T01:52:13.1Z,2,REGULAR,2pt,Jump Shot,[],203944,78.0059132720105,67.8921568627451,1610612750,50,40,2026-01-23T01:52:19Z,2600000,False,89.0,154.0,1,right,J. Randle 17' step back Jump Shot (15 PTS) (J. Clark 1 AST),"[203944, 1641740]",1610612750.0,MIN,step back,,,Randle,J. Randle,,,,,Mid-Range,16-24 Right Center,17.83,Made,15.0,,,,J. Clark,1641740.0,1.0,,,,,,,,,,,
265,PT06M02.00S,2026-01-23T01:52:26.1Z,2,REGULAR,3pt,Jump Shot,[],1630171,5.338370565045992,94.36274509803921,1610612741,50,43,2026-01-23T01:52:30Z,2620000,False,-222.0,-2.0,1,left,I. Okoro 3PT  (6 PTS) (M. Buzelis 3 AST),"[1630171, 1641824]",1610612741.0,CHI,,,,Okoro,I. Okoro,,,,,Left Corner 3,24+ Left,22.18,Made,6.0,,,,M. Buzelis,1641824.0,3.0,,,,,,,,,,,
267,PT05M47.00S,2026-01-23T01:52:41.6Z,2,REGULAR,3pt,Jump Shot,[],1641740,95.22010512483574,96.56862745098039,1610612750,50,43,2026-01-23T01:52:47Z,2640000,False,233.0,-8.0,1,right,MISS J. Clark 3PT,[1641740],1610612750.0,MIN,,,,Clark,J. Clark,,,,,Right Corner 3,24+ Right,23.29,Missed,,,,,,,,,,,,,,,,,,
268,PT05M43.00S,2026-01-23T01:52:45.6Z,2,REGULAR,rebound,defensive,[],1630188,,,1610612741,50,43,2026-01-23T01:52:47Z,2650000,False,,,0,,J. Smith REBOUND (Off:0 Def:2),[1630188],1610612741.0,CHI,,,,Smith,J. Smith,,,,,Right Corner 3,24+ Right,,,,,,,,,,,,,,,267.0,2.0,2.0,0.0,,
269,PT05M34.00S,2026-01-23T01:52:54.3Z,2,REGULAR,3pt,Jump Shot,[],1641824,26.231931668856767,18.627450980392158,1610612741,50,46,2026-01-23T01:52:58Z,2660000,False,157.0,194.0,1,left,M. Buzelis 24' 3PT  (3 PTS),[1641824],1610612741.0,CHI,,,,Buzelis,M. Buzelis,,,,,Above the Break 3,24+ Right Center,24.96,Made,3.0,,,,,,,,,,,,,,,,,
271,PT05M12.00S,2026-01-23T01:53:16.6Z,2,REGULAR,2pt,Jump Shot,['pointsinthepaint'],1630162,87.77923784494087,45.262714460784316,1610612750,50,46,2026-01-23T01:53:22Z,2680000,False,-24.0,62.0,1,right,MISS A. Edwards 6' driving floating Shot,[1630162],1610612750.0,MIN,driving floating,,,Edwards,A. Edwards,,,,,In The Paint (Non-RA),0-8 Center,6.67,Missed,,,,,,,,,,,,,,,,,,
272,PT05M10.00S,2026-01-23T01:53:18.6Z,2,REGULAR,rebound,defensive,[],1630171,,,1610612741,50,46,2026-01-23T01:53:42Z,2690000,False,,,0,,I. Okoro REBOUND (Off:0 Def:3),[1630171],1610612741.0,CHI,,,,Okoro,I. Okoro,,,,,In The Paint (Non-RA),0-8 Center,,,,,,,,,,,,,,,271.0,3.0,3.0,0.0,,
273,PT05M07.00S,2026-01-23T01:53:22.0Z,2,REGULAR,2pt,DUNK,"['fastbreak', 'pointsinthepaint']",1641824,6.915243101182654,48.529411764705884,1610612741,50,48,2026-01-23T01:53:36Z,2700000,False,7.0,13.0,1,left,M. Buzelis running DUNK (5 PTS) (A. Dosunmu 2 AST),"[1641824, 1630245]",1610612741.0,CHI,running,,,Buzelis,M. Buzelis,,,,,Restricted Area,0-8 Center,1.45,Made,5.0,,,,A. Dosunmu,1630245.0,2.0,,,,,,,,,,,
275,PT05M07.00S,2026-01-23T01:53:25.8Z,2,REGULAR,timeout,full,"['team', 'mandatory']",0,,,1610612750,50,48,2026-01-23T01:53:25Z,2720000,False,,,0,,MIN Timeout,[],1610612750.0,MIN,,,,,,,,,,,,,,,,,,,,,,,,,,,,,,,
276,PT05M07.00S,2026-01-23T01:55:37.8Z,2,REGULAR,substitution,out,[],1641740,,,1610612750,50,48,2026-01-23T01:56:10Z,2730000,False,,,0,,SUB out: J. Clark,[1641740],1610612750.0,MIN,,,,Clark,J. Clark,,,,,,,,,,,,,,,,,,,,,,,,,,
277,PT05M07.00S,2026-01-23T01:55:37.8Z,2,REGULAR,substitution,out,[],1629632,,,1610612750,50,48,2026-01-23T01:56:10Z,2740000,False,,,0,,SUB out: C. White,[1629632],1610612741.0,CHI,,,,White,C. White,,,,,,,,,,,,,,,,,,,,,,,,,,
278,PT05M07.00S,2026-01-23T01:55:37.8Z,2,REGULAR,substitution,out,[],1630188,,,1610612750,50,48,2026-01-23T01:56:10Z,2750000,False,,,0,,SUB out: J. Smith,[1630188],1610612741.0,CHI,,,,Smith,J. Smith,,,,,,,,,,,,,,,,,,,,,,,,,,
279,PT05M07.00S,2026-01-23T01:55:37.8Z,2,REGULAR,substitution,out,[],1630171,,,1610612750,50,48,2026-01-23T01:56:10Z,2760000,False,,,0,,SUB out: I. Okoro,[1630171],1610612741.0,CHI,,,,Okoro,I. Okoro,,,,,,,,,,,,,,,,,,,,,,,,,,
280,PT05M07.00S,2026-01-23T01:55:37.8Z,2,REGULAR,substitution,in,[],1630183,,,1610612750,50,48,2026-01-23T01:56:10Z,2770000,False,,,0,,SUB in: J. McDaniels,[1630183],1610612750.0,MIN,,,,McDaniels,J. McDaniels,,,,,,,,,,,,,,,,,,,,,,,,,,
281,PT05M07.00S,2026-01-23T01:55:37.8Z,2,REGULAR,substitution,in,[],1630581,,,1610612750,50,48,2026-01-23T01:56:10Z,2780000,False,,,0,,SUB in: J. Giddey,[1630581],1610612741.0,CHI,,,,Giddey,J. Giddey,,,,,,,,,,,,,,,,,,,,,,,,,,
282,PT05M07.00S,2026-01-23T01:55:37.8Z,2,REGULAR,substitution,in,[],202696,,,1610612750,50,48,2026-01-23T01:56:10Z,2790000,False,,,0,,SUB in: N. Vučević,[202696],1610612741.0,CHI,,,,Vučević,N. Vučević,,,,,,,,,,,,,,,,,,,,,,,,,,
283,PT05M07.00S,2026-01-23T01:55:37.8Z,2,REGULAR,substitution,in,[],1630200,,,1610612750,50,48,2026-01-23T01:56:10Z,2800000,False,,,0,,SUB in: T. Jones,[1630200],1610612741.0,CHI,,,,Jones,T. Jones,,,,,,,,,,,,,,,,,,,,,,,,,,
284,PT04M53.00S,2026-01-23T01:56:32.2Z,2,REGULAR,2pt,Hook,['pointsinthepaint'],1628978,91.27792378449409,55.63725490196079,1610612750,50,48,2026-01-23T01:59:47Z,2810000,False,28.0,29.0,1,right,MISS D. DiVincenzo driving bank Hook,[1628978],1610612750.0,MIN,driving bank,,,DiVincenzo,D. DiVincenzo,,,,,Restricted Area,0-8 Center,4.08,Missed,,,,,,,,,,,,,,,,,,
285,PT04M49.00S,2026-01-23T01:56:36.2Z,2,REGULAR,rebound,defensive,[],1630245,,,1610612741,50,48,2026-01-23T01:56:36Z,2820000,False,,,0,,A. Dosunmu REBOUND (Off:0 Def:2),[1630245],1610612741.0,CHI,,,,Dosunmu,A. Dosunmu,,,,,Restricted Area,0-8 Center,,,,,,,,,,,,,,,284.0,2.0,2.0,0.0,,
286,PT04M26.00S,2026-01-23T01:56:59.0Z,2,REGULAR,2pt,Layup,['pointsinthepaint'],1630200,7.046649145860711,49.754901960784316,1610612741,50,48,2026-01-23T02:00:37Z,2830000,False,1.0,14.0,1,left,MISS T. Jones driving finger roll Layup,[1630200],1610612741.0,CHI,driving finger roll,,,Jones,T. Jones,,,,,Restricted Area,0-8 Center,1.38,Missed,,,,,,,,,,,,,,,,,,
287,PT04M24.00S,2026-01-23T01:57:01.0Z,2,REGULAR,rebound,defensive,[],1630162,,,1610612750,50,48,2026-01-23T01:57:01Z,2840000,False,,,0,,A. Edwards REBOUND (Off:1 Def:3),[1630162],1610612750.0,MIN,,,,Edwards,A. Edwards,,,,,Restricted Area,0-8 Center,,,,,,,,,,,,,,,286.0,4.0,3.0,1.0,,
288,PT04M19.00S,2026-01-23T01:57:05.8Z,2,REGULAR,2pt,Jump Shot,"['fastbreak', 'pointsinthepaint']",1630162,87.46714848883047,48.77450980392157,1610612750,50,48,2026-01-23T02:01:47Z,2850000,False,-6.0,65.0,1,right,MISS A. Edwards 6' running pullup Shot,[1630162],1610612750.0,MIN,running pullup,,,Edwards,A. Edwards,,,,,In The Paint (Non-RA),0-8 Center,6.56,Missed,,,,,,,,,,,,,,,,,,
290,PT04M16.00S,2026-01-23T01:57:08.8Z,2,REGULAR,rebound,defensive,[],1630581,,,1610612741,50,48,2026-01-23T01:57:22Z,2870000,False,,,0,,J. Giddey REBOUND (Off:0 Def:2),[1630581],1610612741.0,CHI,,,,Giddey,J. Giddey,,,,,In The Paint (Non-RA),0-8 Center,,,,,,,,,,,,,,,288.0,2.0,2.0,0.0,,
291,PT04M08.00S,2026-01-23T01:57:16.8Z,2,REGULAR,2pt,Jump Shot,['pointsinthepaint'],202696,11.12023653088042,56.372549019607845,1610612741,50,48,2026-01-23T02:02:23Z,2880000,False,-32.0,52.0,1,left,MISS N. Vučević 6' driving floating Shot,[202696],1610612741.0,CHI,driving floating,,,Vučević,N. Vučević,,,,,In The Paint (Non-RA),0-8 Center,6.1,Missed,,,,,,,,,,,,,,,,,,
292,PT04M05.00S,2026-01-23T01:57:19.8Z,2,REGULAR,rebound,defensive,[],1630183,,,1610612750,50,48,2026-01-23T01:57:26Z,2890000,False,,,0,,J. McDaniels REBOUND (Off:0 Def:3),[1630183],1610612750.0,MIN,,,,McDaniels,J. McDaniels,,,,,In The Paint (Non-RA),0-8 Center,,,,,,,,,,,,,,,291.0,3.0,3.0,0.0,,
293,PT03M58.00S,2026-01-23T01:57:26.5Z,2,REGULAR,3pt,Jump Shot,[],1630162,73.80091984231275,18.38235294117647,1610612750,53,48,2026-01-23T01:57:31Z,2900000,False,-158.0,194.0,1,right,A. Edwards 25' 3PT step back (12 PTS),[1630162],1610612750.0,MIN,step back,,,Edwards,A. Edwards,,,,,Above the Break 3,24+ Left Center,25.01,Made,12.0,,,,,,,,,,,,,,,,,
294,PT03M34.00S,2026-01-23T01:57:50.2Z,2,REGULAR,3pt,Jump Shot,[],1630245,5.995400788436268,95.09803921568627,1610612741,53,48,2026-01-23T01:57:54Z,2910000,False,-225.0,4.0,1,left,MISS A. Dosunmu 3PT,[1630245],1610612741.0,CHI,,,,Dosunmu,A. Dosunmu,,,,,Left Corner 3,24+ Left,22.55,Missed,,,,,,,,,,,,,,,,,,
295,PT03M31.00S,2026-01-23T01:57:53.2Z,2,REGULAR,rebound,defensive,[],203497,,,1610612750,53,48,2026-01-23T01:57:54Z,2920000,False,,,0,,R. Gobert REBOUND (Off:2 Def:4),[203497],1610612750.0,MIN,,,,Gobert,R. Gobert,,,,,Left Corner 3,24+ Left,,,,,,,,,,,,,,,294.0,6.0,4.0,2.0,,
296,PT03M16.00S,2026-01-23T01:58:08.8Z,2,REGULAR,2pt,Jump Shot,[],1630183,93.77463863337714,77.45098039215686,1610612750,55,48,2026-01-23T01:58:12Z,2930000,False,137.0,6.0,1,right,J. McDaniels 13' pullup Jump Shot (7 PTS) (D. DiVincenzo 3 AST),"[1630183, 1628978]",1610612750.0,MIN,pullup,,,McDaniels,J. McDaniels,,,,,Mid-Range,8-16 Right,13.74,Made,7.0,,,,D. DiVincenzo,1628978.0,3.0,,,,,,,,,,,
298,PT03M08.00S,2026-01-23T01:58:19.8Z,2,REGULAR,foul,personal,"['inpenalty', '2freethrow']",203944,,,1610612741,55,48,2026-01-23T01:58:30Z,2950000,False,,,0,,J. Randle personal FOUL (2 PF) (Buzelis 2 FT),"[203944, 1641824]",1610612750.0,MIN,,,,Randle,J. Randle,,,,,Above the Break 3,24+ Left Center,,,,,,,,,,204059.0,2.0,0.0,Buzelis,1641824.0,,,,,,
300,PT03M08.00S,2026-01-23T01:58:51.3Z,2,REGULAR,freethrow,1 of 2,[],1641824,,,1610612741,55,49,2026-01-23T01:58:51Z,2970000,False,,,0,,M. Buzelis Free Throw 1 of 2 (6 PTS),[1641824],1610612741.0,CHI,,,,Buzelis,M. Buzelis,,,,,,,,Made,6.0,,,,,,,,,,,,,,,,,
301,PT03M08.00S,2026-01-23T01:58:51.8Z,2,REGULAR,substitution,out,[],203944,,,1610612741,55,49,2026-01-23T01:59:03Z,2980000,False,,,0,,SUB out: J. Randle,[203944],1610612750.0,MIN,,,,Randle,J. Randle,,,,,,,,,,,,,,,,,,,,,,,,,,
302,PT03M08.00S,2026-01-23T01:58:51.8Z,2,REGULAR,substitution,out,[],1630245,,,1610612741,55,49,2026-01-23T01:59:03Z,2990000,False,,,0,,SUB out: A. Dosunmu,[1630245],1610612741.0,CHI,,,,Dosunmu,A. Dosunmu,,,,,,,,,,,,,,,,,,,,,,,,,,
303,PT03M08.00S,2026-01-23T01:58:51.8Z,2,REGULAR,substitution,in,[],1629675,,,1610612741,55,49,2026-01-23T01:59:03Z,3000000,False,,,0,,SUB in: N. Reid,[1629675],1610612750.0,MIN,,,,Reid,N. Reid,,,,,,,,,,,,,,,,,,,,,,,,,,
304,PT03M08.00S,2026-01-23T01:58:51.8Z,2,REGULAR,substitution,in,[],1629632,,,1610612741,55,49,2026-01-23T01:59:03Z,3010000,False,,,0,,SUB in: C. White,[1629632],1610612741.0,CHI,,,,White,C. White,,,,,,,,,,,,,,,,,,,,,,,,,,
305,PT03M08.00S,2026-01-23T01:59:21.4Z,2,REGULAR,freethrow,2 of 2,[],1641824,,,1610612741,55,50,2026-01-23T01:59:21Z,3020000,False,,,0,,M. Buzelis Free Throw 2 of 2 (7 PTS),[1641824],1610612741.0,CHI,,,,Buzelis,M. Buzelis,,,,,,,,Made,7.0,,,,,,,,,,,,,,,,,
306,PT02M59.00S,2026-01-23T01:59:36.4Z,2,REGULAR,turnover,out-of-bounds,[],203497,,,1610612750,55,50,2026-01-23T01:59:45Z,3030000,False,,,0,,R. Gobert step out-of-bounds TURNOVER (1 TO),[203497],1610612750.0,MIN,step,,,Gobert,R. Gobert,,,,,In The Paint (Non-RA),0-8 Center,,,,1.0,,,,,,204059.0,,,,,,,,,,
307,PT02M42.00S,2026-01-23T01:59:58.3Z,2,REGULAR,3pt,Jump Shot,['fromturnover'],1629632,31.750985545335087,42.40196078431372,1610612741,55,53,2026-01-23T02:00:02Z,3040000,False,38.0,246.0,1,left,C. White 24' 3PT  (9 PTS) (T. Jones 4 AST),"[1629632, 1630200]",1610612741.0,CHI,,,,White,C. White,,,,,Above the Break 3,24+ Center,24.89,Made,9.0,,,,T. Jones,1630200.0,4.0,,,,,,,,,,,
309,PT02M24.00S,2026-01-23T02:00:16.1Z,2,REGULAR,2pt,Jump Shot,[],1630162,91.93495400788436,77.20588235294117,1610612750,55,53,2026-01-23T02:00:20Z,3060000,False,136.0,23.0,1,right,MISS A. Edwards 13' step back Shot,[1630162],1610612750.0,MIN,step back,,,Edwards,A. Edwards,,,,,Mid-Range,8-16 Right,13.8,Missed,,,,,,,,,,,,,,,,,,
310,PT02M22.00S,2026-01-23T02:00:18.1Z,2,REGULAR,rebound,defensive,[],1630200,,,1610612741,55,53,2026-01-23T02:00:20Z,3070000,False,,,0,,T. Jones REBOUND (Off:0 Def:1),[1630200],1610612741.0,CHI,,,,Jones,T. Jones,,,,,Mid-Range,8-16 Right,,,,,,,,,,,,,,,309.0,1.0,1.0,0.0,,
311,PT02M18.00S,2026-01-23T02:00:21.7Z,2,REGULAR,3pt,Jump Shot,['fastbreak'],1629632,23.209592641261498,85.29411764705883,1610612741,55,53,2026-01-23T02:04:31Z,3080000,False,-176.0,166.0,1,left,MISS C. White 24' running 3PT,[1629632],1610612741.0,CHI,running,,,White,C. White,,,,,Above the Break 3,24+ Left Center,24.21,Missed,,,,,,,,,,,,,,,,,,
312,PT02M16.00S,2026-01-23T02:00:23.7Z,2,REGULAR,rebound,defensive,[],203497,,,1610612750,55,53,2026-01-23T02:00:26Z,3090000,False,,,0,,R. Gobert REBOUND (Off:2 Def:5),[203497],1610612750.0,MIN,,,,Gobert,R. Gobert,,,,,Above the Break 3,24+ Left Center,,,,,,,,,,,,,,,311.0,7.0,5.0,2.0,,
313,PT02M13.00S,2026-01-23T02:00:26.7Z,2,REGULAR,turnover,bad pass,[],1630162,,,1610612750,55,53,2026-01-23T02:00:30Z,3100000,False,,,0,,A. Edwards bad pass TURNOVER (1 TO),"[1630162, 1641824]",1610612750.0,MIN,,,,Edwards,A. Edwards,,,,,Mid-Range,16-24 Center,,,,1.0,Buzelis,1641824.0,,,,,,,,,,,,,,
314,PT02M13.00S,2026-01-23T02:00:26.7Z,2,REGULAR,steal,,[],1641824,,,1610612741,55,53,2026-01-23T02:00:28Z,3110000,False,,,0,,M. Buzelis STEAL (1 STL),[1641824],1610612741.0,CHI,,,,Buzelis,M. Buzelis,,,,,Mid-Range,16-24 Center,,,,,,,,,,,,,,,,,,,,
315,PT02M07.00S,2026-01-23T02:00:33.0Z,2,REGULAR,3pt,Jump Shot,"['fromturnover', 'fastbreak']",1629632,4.02431011826544,94.6078431372549,1610612741,55,53,2026-01-23T02:00:39Z,3120000,False,-223.0,-15.0,1,left,MISS C. White running 3PT,[1629632],1610612741.0,CHI,running,,,White,C. White,,,,,Left Corner 3,24+ Left,22.35,Missed,,,,,,,,,,,,,,,,,,
316,PT02M03.00S,2026-01-23T02:00:37.0Z,2,REGULAR,rebound,defensive,[],1629675,,,1610612750,55,53,2026-01-23T02:00:39Z,3130000,False,,,0,,N. Reid REBOUND (Off:0 Def:3),[1629675],1610612750.0,MIN,,,,Reid,N. Reid,,,,,Left Corner 3,24+ Left,,,,,,,,,,,,,,,315.0,3.0,3.0,0.0,,
317,PT01M54.00S,2026-01-23T02:00:45.5Z,2,REGULAR,3pt,Jump Shot,[],1629675,69.07030223390277,30.392156862745097,1610612750,55,53,2026-01-23T02:00:52Z,3140000,False,-98.0,238.0,1,right,MISS N. Reid 25' step back 3PT,[1629675],1610612750.0,MIN,step back,,,Reid,N. Reid,,,,,Above the Break 3,24+ Left Center,25.76,Missed,,,,,,,,,,,,,,,,,,
318,PT01M50.00S,2026-01-23T02:00:49.5Z,2,REGULAR,rebound,offensive,[],1630183,,,1610612750,55,53,2026-01-23T02:01:03Z,3150000,False,,,0,,J. McDaniels REBOUND (Off:1 Def:3),[1630183],1610612750.0,MIN,,,,McDaniels,J. McDaniels,,,,,Above the Break 3,24+ Left Center,,,,,,,,,,,,,,,317.0,4.0,3.0,1.0,,
319,PT01M47.00S,2026-01-23T02:00:52.9Z,2,REGULAR,2pt,DUNK,"['pointsinthepaint', '2ndchance']",203497,93.51182654402102,50.49019607843137,1610612750,57,53,2026-01-23T02:07:01Z,3160000,False,2.0,8.0,1,right,R. Gobert cutting DUNK (3 PTS) (J. McDaniels 3 AST),"[203497, 1630183]",1610612750.0,MIN,cutting,,,Gobert,R. Gobert,,,,,Restricted Area,0-8 Center,0.89,Made,3.0,,,,J. McDaniels,1630183.0,3.0,,,,,,,,,,,
321,PT01M38.00S,2026-01-23T02:01:03.8Z,2,REGULAR,foul,personal,"['inpenalty', '2freethrow']",1630183,,,1610612741,57,53,2026-01-23T02:01:09Z,3180000,False,,,0,,J. McDaniels shooting personal FOUL (2 PF) (Giddey 2 FT),"[1630183, 1630581]",1610612750.0,MIN,shooting,,,McDaniels,J. McDaniels,,,,,Restricted Area,0-8 Center,,,,,,,,,,1201.0,2.0,0.0,Giddey,1630581.0,,,,,,
323,PT01M38.00S,2026-01-23T02:01:28.7Z,2,REGULAR,freethrow,1 of 2,[],1630581,,,1610612741,57,54,2026-01-23T02:01:59Z,3200000,False,,,0,,J. Giddey Free Throw 1 of 2 (14 PTS),[1630581],1610612741.0,CHI,,,,Giddey,J. Giddey,,,,,,,,Made,14.0,,,,,,,,,,,,,,,,,
324,PT01M38.00S,2026-01-23T02:01:29.2Z,2,REGULAR,substitution,out,[],1630162,,,1610612741,57,54,2026-01-23T02:01:32Z,3210000,False,,,0,,SUB out: A. Edwards,[1630162],1610612750.0,MIN,,,,Edwards,A. Edwards,,,,,,,,,,,,,,,,,,,,,,,,,,
325,PT01M38.00S,2026-01-23T02:01:29.2Z,2,REGULAR,substitution,in,[],201144,,,1610612741,57,54,2026-01-23T02:01:32Z,3220000,False,,,0,,SUB in: M. Conley,[201144],1610612750.0,MIN,,,,Conley,M. Conley,,,,,,,,,,,,,,,,,,,,,,,,,,
326,PT01M38.00S,2026-01-23T02:01:28.7Z,2,REGULAR,freethrow,2 of 2,[],1630581,,,1610612741,57,54,2026-01-23T02:01:59Z,3230000,False,,,0,,MISS J. Giddey Free Throw 2 of 2,[1630581],1610612741.0,CHI,,,,Giddey,J. Giddey,,,,,,,,Missed,,,,,,,,,,,,,,,,,,
327,PT01M37.00S,2026-01-23T02:01:29.7Z,2,REGULAR,rebound,offensive,['team'],0,,,1610612741,57,54,2026-01-23T02:01:59Z,3240000,False,,,0,,TEAM offensive REBOUND,[],1610612741.0,CHI,,,,,,,,,,,,,,,,,,,,,,,,,,326.0,,,,,
328,PT01M37.00S,2026-01-23T02:01:55.4Z,2,REGULAR,foul,personal,"['inpenalty', '2freethrow']",203497,,,1610612741,57,54,2026-01-23T02:02:04Z,3250000,False,,,0,,R. Gobert loose ball personal FOUL (1 PF) (Giddey 2 FT),"[203497, 1630581]",1610612750.0,MIN,loose ball,,,Gobert,R. Gobert,,,,,In The Paint (Non-RA),0-8 Center,,,,,,,,,,204059.0,1.0,0.0,Giddey,1630581.0,,,,,,
330,PT01M37.00S,2026-01-23T02:02:13.2Z,2,REGULAR,freethrow,1 of 2,['2ndchance'],1630581,,,1610612741,57,55,2026-01-23T02:02:13Z,3270000,False,,,0,,J. Giddey Free Throw 1 of 2 (15 PTS),[1630581],1610612741.0,CHI,,,,Giddey,J. Giddey,,,,,,,,Made,15.0,,,,,,,,,,,,,,,,,
331,PT01M37.00S,2026-01-23T02:02:28.6Z,2,REGULAR,freethrow,2 of 2,['2ndchance'],1630581,,,1610612741,57,56,2026-01-23T02:02:28Z,3280000,False,,,0,,J. Giddey Free Throw 2 of 2 (16 PTS),[1630581],1610612741.0,CHI,,,,Giddey,J. Giddey,,,,,,,,Made,16.0,,,,,,,,,,,,,,,,,
332,PT01M27.00S,2026-01-23T02:02:43.1Z,2,REGULAR,3pt,Jump Shot,[],201144,77.08607095926413,87.74509803921569,1610612750,57,56,2026-01-23T02:02:48Z,3290000,False,189.0,163.0,1,right,MISS M. Conley 24' pullup 3PT,[201144],1610612750.0,MIN,pullup,,,Conley,M. Conley,,,,,Above the Break 3,24+ Right Center,24.93,Missed,,,,,,,,,,,,,,,,,,
333,PT01M24.00S,2026-01-23T02:02:46.1Z,2,REGULAR,rebound,defensive,[],1630581,,,1610612741,57,56,2026-01-23T02:02:48Z,3300000,False,,,0,,J. Giddey REBOUND (Off:0 Def:3),[1630581],1610612741.0,CHI,,,,Giddey,J. Giddey,,,,,Above the Break 3,24+ Right Center,,,,,,,,,,,,,,,332.0,3.0,3.0,0.0,,
334,PT01M14.00S,2026-01-23T02:02:56.4Z,2,REGULAR,2pt,Jump Shot,['pointsinthepaint'],202696,12.302890932982917,52.69607843137255,1610612741,57,56,2026-01-23T02:08:21Z,3310000,False,-13.0,63.0,1,left,MISS N. Vučević 6' floating Shot,[202696],1610612741.0,CHI,floating,,,Vučević,N. Vučević,,,,,In The Paint (Non-RA),0-8 Center,6.45,Missed,,,,,,,,,,,,,,,,,,
335,PT01M12.00S,2026-01-23T02:02:58.4Z,2,REGULAR,rebound,defensive,['team'],0,,,1610612750,57,56,2026-01-23T02:03:01Z,3320000,False,,,0,,TEAM defensive REBOUND,[],1610612750.0,MIN,,,,,,,,,,In The Paint (Non-RA),0-8 Center,,,,,,,,,,,,,,,334.0,,,,,
337,PT00M57.10S,2026-01-23T02:03:21.2Z,2,REGULAR,2pt,Jump Shot,['pointsinthepaint'],203497,84.70762155059133,55.63725490196079,1610612750,57,56,2026-01-23T02:03:25Z,3340000,False,28.0,91.0,1,right,MISS R. Gobert 9' turnaround Shot,[203497],1610612750.0,MIN,turnaround,,,Gobert,R. Gobert,,,,,In The Paint (Non-RA),8-16 Center,9.55,Missed,,,,,,,,,,,,,,,,,,
338,PT00M55.10S,2026-01-23T02:03:23.2Z,2,REGULAR,rebound,defensive,[],202696,,,1610612741,57,56,2026-01-23T02:03:25Z,3350000,False,,,0,,N. Vučević REBOUND (Off:0 Def:4),[202696],1610612741.0,CHI,,,,Vučević,N. Vučević,,,,,In The Paint (Non-RA),8-16 Center,,,,,,,,,,,,,,,337.0,4.0,4.0,0.0,,
339,PT00M40.50S,2026-01-23T02:03:38.2Z,2,REGULAR,2pt,Jump Shot,['pointsinthepaint'],1630581,12.040078843626807,46.32352941176471,1610612741,57,58,2026-01-23T02:03:42Z,3360000,False,18.0,61.0,1,left,J. Giddey 6' driving floating Jump Shot (18 PTS),[1630581],1610612741.0,CHI,driving floating,,,Giddey,J. Giddey,,,,,In The Paint (Non-RA),0-8 Center,6.34,Made,18.0,,,,,,,,,,,,,,,,,
340,PT00M31.60S,2026-01-23T02:03:55.8Z,2,REGULAR,2pt,Jump Shot,['pointsinthepaint'],1629675,85.69727332457293,36.97533700980392,1610612750,59,58,2026-01-23T02:09:43Z,3370000,False,-65.0,82.0,1,right,N. Reid 10' driving floating Jump Shot (11 PTS) (J. McDaniels 4 AST),"[1629675, 1630183]",1610612750.0,MIN,driving floating,,,Reid,N. Reid,,,,,In The Paint (Non-RA),8-16 Left,10.46,Made,11.0,,,,J. McDaniels,1630183.0,4.0,,,,,,,,,,,
342,PT00M18.30S,2026-01-23T02:04:11.8Z,2,REGULAR,2pt,Layup,['pointsinthepaint'],1629632,8.278580814717477,45.27037377450981,1610612741,59,60,2026-01-23T02:04:19Z,3390000,False,24.0,25.0,1,left,C. White driving finger roll Layup (11 PTS),[1629632],1610612741.0,CHI,driving finger roll,,,White,C. White,,,,,Restricted Area,0-8 Center,3.46,Made,11.0,,,,,,,,,,,,,,,,,
343,PT00M07.70S,2026-01-23T02:04:28.3Z,2,REGULAR,foul,personal,[],1630200,,,1610612750,59,60,2026-01-23T02:04:39Z,3400000,False,,,0,,T. Jones personal FOUL (1 PF),"[1630200, 201144]",1610612741.0,CHI,,,,Jones,T. Jones,,,,,Above the Break 3,24+ Center,,,,,,,,,,203593.0,1.0,0.0,Conley,201144.0,,,,,,
345,PT00M00.60S,2026-01-23T02:04:54.0Z,2,REGULAR,foul,personal,"['inpenalty', '2freethrow']",202696,,,1610612750,59,60,2026-01-23T02:05:03Z,3420000,False,,,0,,N. Vučević shooting personal FOUL (2 PF) (McDaniels 2 FT),"[202696, 1630183]",1610612741.0,CHI,shooting,,,Vučević,N. Vučević,,,,,Restricted Area,0-8 Center,,,,,,,,,,204059.0,2.0,0.0,McDaniels,1630183.0,,,,,,
347,PT00M00.60S,2026-01-23T02:05:14.8Z,2,REGULAR,freethrow,1 of 2,[],1630183,,,1610612750,60,60,2026-01-23T02:05:14Z,3440000,False,,,0,,J. McDaniels Free Throw 1 of 2 (8 PTS),[1630183],1610612750.0,MIN,,,,McDaniels,J. McDaniels,,,,,,,,Made,8.0,,,,,,,,,,,,,,,,,
348,PT00M00.60S,2026-01-23T02:05:27.6Z,2,REGULAR,freethrow,2 of 2,[],1630183,,,1610612750,61,60,2026-01-23T02:05:27Z,3450000,False,,,0,,J. McDaniels Free Throw 2 of 2 (9 PTS),[1630183],1610612750.0,MIN,,,,McDaniels,J. McDaniels,,,,,,,,Made,9.0,,,,,,,,,,,,,,,,,
349,PT00M00.00S,2026-01-23T02:05:30.7Z,2,REGULAR,heave,,[],0,,,1610612741,61,60,2026-01-23T02:15:09Z,3460000,False,,,0,,CHI Heave,[],1610612741.0,CHI,,,,,,,,,,In The Paint (Non-RA),0-8 Center,78.08,,,,,,,,,,,,,,,,,,,
350,PT00M00.00S,2026-01-23T02:05:30.7Z,2,REGULAR,rebound,offensive,['team'],0,,,1610612741,61,60,2026-01-23T02:05:52Z,3470000,False,,,0,,TEAM offensive REBOUND,[],1610612741.0,CHI,,,,,,,,,,In The Paint (Non-RA),0-8 Center,,,,,,,,,,,,,,,349.0,,,,,
351,PT00M00.00S,2026-01-23T02:05:36.3Z,2,REGULAR,period,end,[],0,,,1610612741,61,60,2026-01-23T02:05:36Z,3480000,False,,,0,,Period End,[],,,,,,,,,,,,,,,,,,,,,,,,,,,,,,,,,
352,PT12M00.00S,2026-01-23T02:20:18.7Z,3,REGULAR,substitution,out,['startperiod'],1629675,,,1610612741,61,60,2026-01-23T02:21:05Z,3490000,False,,,0,,SUB out: N. Reid,[1629675],1610612750.0,MIN,,,,Reid,N. Reid,,,,,,,,,,,,,,,,,,,,,,,,,,
353,PT12M00.00S,2026-01-23T02:20:18.7Z,3,REGULAR,substitution,out,['startperiod'],201144,,,1610612741,61,60,2026-01-23T02:21:05Z,3500000,False,,,0,,SUB out: M. Conley,[201144],1610612750.0,MIN,,,,Conley,M. Conley,,,,,,,,,,,,,,,,,,,,,,,,,,
354,PT12M00.00S,2026-01-23T02:20:18.7Z,3,REGULAR,substitution,out,['startperiod'],1630581,,,1610612741,61,60,2026-01-23T02:21:05Z,3510000,False,,,0,,SUB out: J. Giddey,[1630581],1610612741.0,CHI,,,,Giddey,J. Giddey,,,,,,,,,,,,,,,,,,,,,,,,,,
355,PT12M00.00S,2026-01-23T02:20:18.7Z,3,REGULAR,substitution,out,['startperiod'],1630200,,,1610612741,61,60,2026-01-23T02:21:05Z,3520000,False,,,0,,SUB out: T. Jones,[1630200],1610612741.0,CHI,,,,Jones,T. Jones,,,,,,,,,,,,,,,,,,,,,,,,,,
356,PT12M00.00S,2026-01-23T02:20:18.7Z,3,REGULAR,substitution,in,['startperiod'],1630162,,,1610612741,61,60,2026-01-23T02:21:05Z,3530000,False,,,0,,SUB in: A. Edwards,[1630162],1610612750.0,MIN,,,,Edwards,A. Edwards,,,,,,,,,,,,,,,,,,,,,,,,,,
357,PT12M00.00S,2026-01-23T02:20:18.7Z,3,REGULAR,substitution,in,['startperiod'],203944,,,1610612741,61,60,2026-01-23T02:21:05Z,3540000,False,,,0,,SUB in: J. Randle,[203944],1610612750.0,MIN,,,,Randle,J. Randle,,,,,,,,,,,,,,,,,,,,,,,,,,
358,PT12M00.00S,2026-01-23T02:20:18.7Z,3,REGULAR,substitution,in,['startperiod'],1630188,,,1610612741,61,60,2026-01-23T02:21:05Z,3550000,False,,,0,,SUB in: J. Smith,[1630188],1610612741.0,CHI,,,,Smith,J. Smith,,,,,,,,,,,,,,,,,,,,,,,,,,
359,PT12M00.00S,2026-01-23T02:20:18.7Z,3,REGULAR,substitution,in,['startperiod'],1630171,,,1610612741,61,60,2026-01-23T02:21:05Z,3560000,False,,,0,,SUB in: I. Okoro,[1630171],1610612741.0,CHI,,,,Okoro,I. Okoro,,,,,,,,,,,,,,,,,,,,,,,,,,
360,PT12M00.00S,2026-01-23T02:21:04.2Z,3,REGULAR,period,start,[],0,,,1610612741,61,60,2026-01-23T02:21:05Z,3570000,False,,,0,,Period Start,[],,,,,,,,,,,,,,,,,,,,,,,,,,,,,,,,,
361,PT11M36.00S,2026-01-23T02:21:31.0Z,3,REGULAR,turnover,shot clock,['team'],0,,,1610612741,61,60,2026-01-23T02:21:44Z,3580000,False,,,0,,CHI shot clock Team TURNOVER,[],1610612741.0,CHI,,,,,,,,,,Mid-Range,8-16 Right,,,,,,,,,,,,,,,,,,,,
362,PT11M21.00S,2026-01-23T02:21:56.8Z,3,REGULAR,2pt,Jump Shot,"['pointsinthepaint', 'fromturnover']",203944,11.300919842312746,57.13082107843137,1610612750,63,60,2026-01-23T02:22:04Z,3590000,False,-36.0,54.0,1,left,J. Randle 6' turnaround fadeaway Jump Shot (17 PTS),[203944],1610612750.0,MIN,turnaround fadeaway,,,Randle,J. Randle,,,,,In The Paint (Non-RA),0-8 Center,6.45,Made,17.0,,,,,,,,,,,,,,,,,
364,PT11M11.00S,2026-01-23T02:22:07.5Z,3,REGULAR,foul,personal,['2freethrow'],203944,,,1610612741,63,60,2026-01-23T02:22:12Z,3610000,False,,,0,,J. Randle shooting personal FOUL (3 PF) (Buzelis 2 FT),"[203944, 1641824]",1610612750.0,MIN,shooting,,,Randle,J. Randle,,,,,In The Paint (Non-RA),0-8 Center,,,,,,,,,,1201.0,3.0,0.0,Buzelis,1641824.0,,,,,,
366,PT11M11.00S,2026-01-23T02:22:36.5Z,3,REGULAR,freethrow,1 of 2,[],1641824,,,1610612741,63,61,2026-01-23T02:22:36Z,3630000,False,,,0,,M. Buzelis Free Throw 1 of 2 (8 PTS),[1641824],1610612741.0,CHI,,,,Buzelis,M. Buzelis,,,,,,,,Made,8.0,,,,,,,,,,,,,,,,,
367,PT11M11.00S,2026-01-23T02:22:55.4Z,3,REGULAR,freethrow,2 of 2,[],1641824,,,1610612741,63,62,2026-01-23T02:22:55Z,3640000,False,,,0,,M. Buzelis Free Throw 2 of 2 (9 PTS),[1641824],1610612741.0,CHI,,,,Buzelis,M. Buzelis,,,,,,,,Made,9.0,,,,,,,,,,,,,,,,,
368,PT10M56.00S,2026-01-23T02:23:13.0Z,3,REGULAR,3pt,Jump Shot,[],1628978,30.699737187910642,37.254901960784316,1610612750,63,62,2026-01-23T02:23:19Z,3650000,False,64.0,236.0,1,left,MISS D. DiVincenzo 24' pullup 3PT,[1628978],1610612750.0,MIN,pullup,,,DiVincenzo,D. DiVincenzo,,,,,Above the Break 3,24+ Center,24.45,Missed,,,,,,,,,,,,,,,,,,
369,PT10M53.00S,2026-01-23T02:23:16.0Z,3,REGULAR,rebound,defensive,[],1630188,,,1610612741,63,62,2026-01-23T02:23:19Z,3660000,False,,,0,,J. Smith REBOUND (Off:0 Def:3),[1630188],1610612741.0,CHI,,,,Smith,J. Smith,,,,,Above the Break 3,24+ Center,,,,,,,,,,,,,,,368.0,3.0,3.0,0.0,,
370,PT10M46.00S,2026-01-23T02:23:22.9Z,3,REGULAR,3pt,Jump Shot,[],1629632,72.61826544021025,80.63725490196079,1610612741,63,62,2026-01-23T02:23:27Z,3670000,False,153.0,205.0,1,right,MISS C. White 25' pullup 3PT,[1629632],1610612741.0,CHI,pullup,,,White,C. White,,,,,Above the Break 3,24+ Right Center,25.58,Missed,,,,,,,,,,,,,,,,,,
371,PT10M44.00S,2026-01-23T02:23:24.9Z,3,REGULAR,rebound,defensive,[],1630162,,,1610612750,63,62,2026-01-23T02:23:27Z,3680000,False,,,0,,A. Edwards REBOUND (Off:1 Def:4),[1630162],1610612750.0,MIN,,,,Edwards,A. Edwards,,,,,Above the Break 3,24+ Right Center,,,,,,,,,,,,,,,370.0,5.0,4.0,1.0,,
372,PT10M32.00S,2026-01-23T02:23:36.7Z,3,REGULAR,2pt,Layup,['pointsinthepaint'],203944,6.521024967148489,50.0,1610612750,65,62,2026-01-23T02:23:41Z,3690000,False,0.0,9.0,1,left,J. Randle finger roll Layup (19 PTS),[203944],1610612750.0,MIN,finger roll,,,Randle,J. Randle,,,,,Restricted Area,0-8 Center,0.88,Made,19.0,,,,,,,,,,,,,,,,,
373,PT10M21.00S,2026-01-23T02:23:51.2Z,3,REGULAR,foul,personal,[],1628978,,,1610612741,65,62,2026-01-23T02:24:02Z,3700000,False,,,0,,D. DiVincenzo personal FOUL (2 PF),"[1628978, 1629632]",1610612750.0,MIN,,,,DiVincenzo,D. DiVincenzo,,,,,In The Paint (Non-RA),8-16 Right,,,,,,,,,,204059.0,2.0,0.0,White,1629632.0,,,,,,
375,PT10M21.00S,2026-01-23T02:24:03.6Z,3,REGULAR,substitution,out,[],1630188,,,1610612741,65,62,2026-01-23T02:24:08Z,3720000,False,,,0,,SUB out: J. Smith,[1630188],1610612741.0,CHI,,,,Smith,J. Smith,,,,,,,,,,,,,,,,,,,,,,,,,,
376,PT10M21.00S,2026-01-23T02:24:03.6Z,3,REGULAR,substitution,in,[],1630172,,,1610612741,65,62,2026-01-23T02:24:08Z,3730000,False,,,0,,SUB in: P. Williams,[1630172],1610612741.0,CHI,,,,Williams,P. Williams,,,,,,,,,,,,,,,,,,,,,,,,,,
378,PT10M12.00S,2026-01-23T02:24:54.8Z,3,REGULAR,turnover,bad pass,[],1630172,,,1610612741,65,62,2026-01-23T02:24:59Z,3750000,False,,,0,,P. Williams bad pass TURNOVER (1 TO),"[1630172, 1628978]",1610612741.0,CHI,,,,Williams,P. Williams,,,,,Mid-Range,16-24 Center,,,,1.0,DiVincenzo,1628978.0,,,,,,,,,,,,,,
379,PT10M12.00S,2026-01-23T02:24:54.8Z,3,REGULAR,steal,,[],1628978,,,1610612750,65,62,2026-01-23T02:25:52Z,3760000,False,,,0,,D. DiVincenzo STEAL (2 STL),[1628978],1610612750.0,MIN,,,,DiVincenzo,D. DiVincenzo,,,,,Mid-Range,16-24 Center,,,,,,,,,,,,,,,,,,,,
380,PT10M09.00S,2026-01-23T02:24:59.9Z,3,REGULAR,foul,personal,[],1629632,,,1610612750,65,62,2026-01-23T02:25:15Z,3770000,False,,,0,,C. White personal FOUL (1 PF),"[1629632, 1628978]",1610612741.0,CHI,,,,White,C. White,,,,,Restricted Area,0-8 Center,,,,,,,,,,204059.0,1.0,0.0,DiVincenzo,1628978.0,,,,,,
382,PT09M48.00S,2026-01-23T02:25:37.7Z,3,REGULAR,3pt,Jump Shot,['fromturnover'],1628978,32.51067674113009,61.05238970588235,1610612750,68,62,2026-01-23T02:25:43Z,3790000,False,-55.0,253.0,1,left,D. DiVincenzo 25' 3PT  (6 PTS) (J. Randle 3 AST),"[1628978, 203944]",1610612750.0,MIN,,,,DiVincenzo,D. DiVincenzo,,,,,Above the Break 3,24+ Center,25.91,Made,6.0,,,,J. Randle,203944.0,3.0,,,,,,,,,,,
384,PT09M27.00S,2026-01-23T02:25:59.4Z,3,REGULAR,2pt,Jump Shot,['pointsinthepaint'],1629632,90.14454664914587,63.748468137254896,1610612741,68,64,2026-01-23T02:26:06Z,3810000,False,69.0,40.0,1,right,C. White 7' driving floating bank Jump Shot (13 PTS),[1629632],1610612741.0,CHI,driving floating bank,,,White,C. White,,,,,In The Paint (Non-RA),0-8 Center,7.95,Made,13.0,,,,,,,,,,,,,,,,,
385,PT09M20.00S,2026-01-23T02:26:05.4Z,3,REGULAR,3pt,Jump Shot,[],1628978,24.26084099868594,9.313725490196079,1610612750,68,64,2026-01-23T02:27:29Z,3820000,False,203.0,176.0,1,left,MISS D. DiVincenzo 26' pullup 3PT,[1628978],1610612750.0,MIN,pullup,,,DiVincenzo,D. DiVincenzo,,,,,Above the Break 3,24+ Right Center,26.87,Missed,,,,,,,,,,,,,,,,,,
386,PT09M17.00S,2026-01-23T02:26:08.4Z,3,REGULAR,rebound,defensive,[],1630171,,,1610612741,68,64,2026-01-23T02:26:09Z,3830000,False,,,0,,I. Okoro REBOUND (Off:0 Def:4),[1630171],1610612741.0,CHI,,,,Okoro,I. Okoro,,,,,Above the Break 3,24+ Right Center,,,,,,,,,,,,,,,385.0,4.0,4.0,0.0,,
387,PT09M12.00S,2026-01-23T02:26:14.0Z,3,REGULAR,2pt,Layup,"['fastbreak', 'pointsinthepaint']",1629632,91.93495400788436,51.225490196078425,1610612741,68,64,2026-01-23T02:28:16Z,3840000,False,6.0,23.0,1,right,MISS C. White running reverse Layup - blocked,"[1629632, 203497]",1610612741.0,CHI,running reverse,,,White,C. White,,,,,Restricted Area,0-8 Center,2.41,Missed,,,,,,,,,,,,,,,,,Gobert,203497.0
388,PT09M12.00S,2026-01-23T02:26:14.0Z,3,REGULAR,block,,[],203497,,,1610612741,68,64,2026-01-23T02:26:16Z,3850000,False,,,0,,R. Gobert BLOCK (1 BLK),[203497],1610612750.0,MIN,,,,Gobert,R. Gobert,,,,,Restricted Area,0-8 Center,,,,,,,,,,,,,,,,,,,,
389,PT09M09.00S,2026-01-23T02:26:17.0Z,3,REGULAR,rebound,defensive,[],1630183,,,1610612750,68,64,2026-01-23T02:26:21Z,3860000,False,,,0,,J. McDaniels REBOUND (Off:1 Def:4),[1630183],1610612750.0,MIN,,,,McDaniels,J. McDaniels,,,,,Restricted Area,0-8 Center,,,,,,,,,,,,,,,387.0,5.0,4.0,1.0,,
390,PT08M57.00S,2026-01-23T02:26:30.5Z,3,REGULAR,foul,personal,['2freethrow'],1641824,,,1610612750,68,64,2026-01-23T02:26:40Z,3870000,False,,,0,,M. Buzelis shooting personal FOUL (1 PF) (Gobert 2 FT),"[1641824, 203497]",1610612741.0,CHI,shooting,,,Buzelis,M. Buzelis,,,,,Restricted Area,0-8 Center,,,,,,,,,,203593.0,1.0,0.0,Gobert,203497.0,,,,,,
392,PT08M57.00S,2026-01-23T02:26:57.5Z,3,REGULAR,freethrow,1 of 2,[],203497,,,1610612750,69,64,2026-01-23T02:26:57Z,3890000,False,,,0,,R. Gobert Free Throw 1 of 2 (4 PTS),[203497],1610612750.0,MIN,,,,Gobert,R. Gobert,,,,,,,,Made,4.0,,,,,,,,,,,,,,,,,
393,PT08M57.00S,2026-01-23T02:27:25.2Z,3,REGULAR,freethrow,2 of 2,[],203497,,,1610612750,70,64,2026-01-23T02:27:25Z,3900000,False,,,0,,R. Gobert Free Throw 2 of 2 (5 PTS),[203497],1610612750.0,MIN,,,,Gobert,R. Gobert,,,,,,,,Made,5.0,,,,,,,,,,,,,,,,,
394,PT08M45.00S,2026-01-23T02:27:38.6Z,3,REGULAR,2pt,Jump Shot,['pointsinthepaint'],202696,81.15965834428384,46.32352941176471,1610612741,70,66,2026-01-23T02:27:42Z,3910000,False,-18.0,125.0,1,right,N. Vučević 12' Jump Shot (7 PTS) (C. White 2 AST),"[202696, 1629632]",1610612741.0,CHI,,,,Vučević,N. Vučević,,,,,In The Paint (Non-RA),8-16 Center,12.6,Made,7.0,,,,C. White,1629632.0,2.0,,,,,,,,,,,
396,PT08M29.00S,2026-01-23T02:27:54.3Z,3,REGULAR,2pt,Jump Shot,['pointsinthepaint'],1630183,8.886333771353483,60.78431372549019,1610612750,72,66,2026-01-23T02:28:01Z,3930000,False,-54.0,31.0,1,left,J. McDaniels 6' turnaround fadeaway Jump Shot (11 PTS) (A. Edwards 2 AST),"[1630183, 1630162]",1610612750.0,MIN,turnaround fadeaway,,,McDaniels,J. McDaniels,,,,,In The Paint (Non-RA),0-8 Center,6.22,Made,11.0,,,,A. Edwards,1630162.0,2.0,,,,,,,,,,,
397,PT08M07.00S,2026-01-23T02:28:18.8Z,3,REGULAR,foul,personal,[],203497,,,1610612741,72,66,2026-01-23T02:28:28Z,3940000,False,,,0,,R. Gobert personal FOUL (2 PF),"[203497, 1641824]",1610612750.0,MIN,,,,Gobert,R. Gobert,,,,,Mid-Range,8-16 Center,,,,,,,,,,203593.0,2.0,0.0,Buzelis,1641824.0,,,,,,
399,PT08M00.00S,2026-01-23T02:28:48.6Z,3,REGULAR,foul,offensive,[],1629632,,,1610612741,72,66,2026-01-23T02:28:54Z,3960000,False,,,0,,C. White offensive FOUL (2 PF),"[1629632, 1628978]",1610612741.0,CHI,,,,White,C. White,,,,,Above the Break 3,24+ Left Center,,,,,,,,,,203593.0,2.0,0.0,DiVincenzo,1628978.0,,,,,,
401,PT08M00.00S,2026-01-23T02:28:48.6Z,3,REGULAR,turnover,offensive foul,[],1629632,,,1610612741,72,66,2026-01-23T02:28:48Z,3980000,False,,,0,,C. White offensive foul TURNOVER (2 TO),[1629632],1610612741.0,CHI,,,,White,C. White,,,,,Above the Break 3,24+ Left Center,,,,2.0,,,,,,203593.0,,,,,,,,,,
402,PT07M50.00S,2026-01-23T02:29:12.2Z,3,REGULAR,turnover,bad pass,[],1630183,,,1610612750,72,66,2026-01-23T02:29:17Z,3990000,False,,,0,,J. McDaniels bad pass TURNOVER (1 TO),"[1630183, 1630171]",1610612750.0,MIN,,,,McDaniels,J. McDaniels,,,,,Above the Break 3,24+ Right Center,,,,1.0,Okoro,1630171.0,,,,,,,,,,,,,,
403,PT07M50.00S,2026-01-23T02:29:12.2Z,3,REGULAR,steal,,[],1630171,,,1610612741,72,66,2026-01-23T02:29:13Z,4000000,False,,,0,,I. Okoro STEAL (1 STL),[1630171],1610612741.0,CHI,,,,Okoro,I. Okoro,,,,,Above the Break 3,24+ Right Center,,,,,,,,,,,,,,,,,,,,
404,PT07M47.00S,2026-01-23T02:29:15.6Z,3,REGULAR,2pt,Layup,"['pointsinthepaint', 'fromturnover', 'fastbreak']",1630171,93.38042049934296,50.73529411764706,1610612741,72,68,2026-01-23T02:29:20Z,4010000,False,4.0,10.0,1,right,I. Okoro running Layup (8 PTS),[1630171],1610612741.0,CHI,running,,,Okoro,I. Okoro,,,,,Restricted Area,0-8 Center,1.04,Made,8.0,,,,,,,,,,,,,,,,,
405,PT07M35.00S,2026-01-23T02:29:29.2Z,3,REGULAR,turnover,out-of-bounds,[],203944,,,1610612750,72,68,2026-01-23T02:29:35Z,4020000,False,,,0,,J. Randle lost ball out-of-bounds TURNOVER (2 TO),[203944],1610612750.0,MIN,lost ball,,,Randle,J. Randle,,,,,In The Paint (Non-RA),0-8 Center,,,,2.0,,,,,,203593.0,,,,,,,,,,
406,PT07M23.00S,2026-01-23T02:29:46.7Z,3,REGULAR,3pt,Jump Shot,['fromturnover'],202696,69.11547306176085,35.59283088235294,1610612741,72,71,2026-01-23T02:29:53Z,4030000,False,-72.0,238.0,1,right,N. Vučević 24' 3PT  (10 PTS) (C. White 3 AST),"[202696, 1629632]",1610612741.0,CHI,,,,Vučević,N. Vučević,,,,,Above the Break 3,24+ Center,24.85,Made,10.0,,,,C. White,1629632.0,3.0,,,,,,,,,,,
409,PT07M10.00S,2026-01-23T02:30:00.9Z,3,REGULAR,3pt,Jump Shot,[],1630162,18.347568988173457,92.40196078431373,1610612750,72,71,2026-01-23T02:31:25Z,4050000,False,-212.0,120.0,1,left,MISS A. Edwards 24' step back 3PT,[1630162],1610612750.0,MIN,step back,,,Edwards,A. Edwards,,,,,Above the Break 3,24+ Left Center,24.36,Missed,,,,,,,,,,,,,,,,,,
410,PT07M06.00S,2026-01-23T02:30:04.9Z,3,REGULAR,rebound,defensive,['team'],0,,,1610612741,72,71,2026-01-23T02:30:13Z,4060000,False,,,0,,TEAM defensive REBOUND,[],1610612741.0,CHI,,,,,,,,,,Above the Break 3,24+ Left Center,,,,,,,,,,,,,,,409.0,,,,,
412,PT06M56.00S,2026-01-23T02:30:33.6Z,3,REGULAR,foul,personal,['2freethrow'],203497,,,1610612741,72,71,2026-01-23T02:30:39Z,4080000,False,,,0,,R. Gobert shooting personal FOUL (3 PF) (White 2 FT),"[203497, 1629632]",1610612750.0,MIN,shooting,,,Gobert,R. Gobert,,,,,In The Paint (Non-RA),0-8 Center,,,,,,,,,,1201.0,3.0,0.0,White,1629632.0,,,,,,
414,PT06M56.00S,2026-01-23T02:30:41.9Z,3,REGULAR,timeout,full,"['team', 'mandatory']",0,,,1610612741,72,71,2026-01-23T02:30:41Z,4100000,False,,,0,,MIN Timeout,[],1610612750.0,MIN,,,,,,,,,,,,,,,,,,,,,,,,,,,,,,,
415,PT06M56.00S,2026-01-23T02:33:40.8Z,3,REGULAR,freethrow,1 of 2,[],1629632,,,1610612741,72,72,2026-01-23T02:33:40Z,4110000,False,,,0,,C. White Free Throw 1 of 2 (14 PTS),[1629632],1610612741.0,CHI,,,,White,C. White,,,,,,,,Made,14.0,,,,,,,,,,,,,,,,,
416,PT06M56.00S,2026-01-23T02:33:56.5Z,3,REGULAR,freethrow,2 of 2,[],1629632,,,1610612741,72,73,2026-01-23T02:33:56Z,4120000,False,,,0,,C. White Free Throw 2 of 2 (15 PTS),[1629632],1610612741.0,CHI,,,,White,C. White,,,,,,,,Made,15.0,,,,,,,,,,,,,,,,,
417,PT06M40.00S,2026-01-23T02:34:14.4Z,3,REGULAR,3pt,Jump Shot,[],203944,26.49474375821288,18.872549019607842,1610612750,72,73,2026-01-23T02:34:19Z,4130000,False,156.0,197.0,1,left,MISS J. Randle 25' 3PT,[203944],1610612750.0,MIN,,,,Randle,J. Randle,,,,,Above the Break 3,24+ Right Center,25.07,Missed,,,,,,,,,,,,,,,,,,
418,PT06M36.00S,2026-01-23T02:34:18.4Z,3,REGULAR,rebound,defensive,[],1641824,,,1610612741,72,73,2026-01-23T02:34:19Z,4140000,False,,,0,,M. Buzelis REBOUND (Off:0 Def:6),[1641824],1610612741.0,CHI,,,,Buzelis,M. Buzelis,,,,,Above the Break 3,24+ Right Center,,,,,,,,,,,,,,,417.0,6.0,6.0,0.0,,
419,PT06M30.00S,2026-01-23T02:34:23.4Z,3,REGULAR,2pt,Layup,"['pointsinthepaint', 'fastbreak']",1630172,93.38042049934296,50.98039215686274,1610612741,72,75,2026-01-23T02:34:27Z,4150000,False,5.0,10.0,1,right,P. Williams running Layup (5 PTS),[1630172],1610612741.0,CHI,running,,,Williams,P. Williams,,,,,Restricted Area,0-8 Center,1.09,Made,5.0,,,,,,,,,,,,,,,,,
420,PT06M19.00S,2026-01-23T02:34:33.7Z,3,REGULAR,3pt,Jump Shot,[],1630162,26.363337713534822,80.88235294117648,1610612750,72,75,2026-01-23T02:34:40Z,4160000,False,-154.0,195.0,1,left,MISS A. Edwards 24' step back 3PT,[1630162],1610612750.0,MIN,step back,,,Edwards,A. Edwards,,,,,Above the Break 3,24+ Left Center,24.9,Missed,,,,,,,,,,,,,,,,,,
421,PT06M15.00S,2026-01-23T02:34:37.7Z,3,REGULAR,rebound,offensive,[],203944,,,1610612750,72,75,2026-01-23T02:36:38Z,4170000,False,,,0,,J. Randle REBOUND (Off:1 Def:4),[203944],1610612750.0,MIN,,,,Randle,J. Randle,,,,,Above the Break 3,24+ Left Center,,,,,,,,,,,,,,,420.0,5.0,4.0,1.0,,
422,PT06M14.00S,2026-01-23T02:34:42.6Z,3,REGULAR,foul,personal,['2freethrow'],1641824,,,1610612750,72,75,2026-01-23T02:34:50Z,4180000,False,,,0,,M. Buzelis shooting personal FOUL (2 PF) (Randle 2 FT),"[1641824, 203944]",1610612741.0,CHI,shooting,,,Buzelis,M. Buzelis,,,,,In The Paint (Non-RA),8-16 Right,,,,,,,,,,204059.0,2.0,0.0,Randle,203944.0,,,,,,
424,PT06M14.00S,2026-01-23T02:35:11.9Z,3,REGULAR,freethrow,1 of 2,['2ndchance'],203944,,,1610612750,73,75,2026-01-23T02:35:11Z,4200000,False,,,0,,J. Randle Free Throw 1 of 2 (20 PTS),[203944],1610612750.0,MIN,,,,Randle,J. Randle,,,,,,,,Made,20.0,,,,,,,,,,,,,,,,,
425,PT06M14.00S,2026-01-23T02:35:12.4Z,3,REGULAR,substitution,out,[],203497,,,1610612750,73,75,2026-01-23T02:35:18Z,4210000,False,,,0,,SUB out: R. Gobert,[203497],1610612750.0,MIN,,,,Gobert,R. Gobert,,,,,,,,,,,,,,,,,,,,,,,,,,
426,PT06M14.00S,2026-01-23T02:35:12.4Z,3,REGULAR,substitution,in,[],1629675,,,1610612750,73,75,2026-01-23T02:35:18Z,4220000,False,,,0,,SUB in: N. Reid,[1629675],1610612750.0,MIN,,,,Reid,N. Reid,,,,,,,,,,,,,,,,,,,,,,,,,,
427,PT06M14.00S,2026-01-23T02:35:38.0Z,3,REGULAR,freethrow,2 of 2,['2ndchance'],203944,,,1610612750,74,75,2026-01-23T02:35:38Z,4230000,False,,,0,,J. Randle Free Throw 2 of 2 (21 PTS),[203944],1610612750.0,MIN,,,,Randle,J. Randle,,,,,,,,Made,21.0,,,,,,,,,,,,,,,,,
429,PT05M53.00S,2026-01-23T02:36:13.1Z,3,REGULAR,timeout,full,"['team', 'mandatory']",0,,,1610612741,74,75,2026-01-23T02:36:13Z,4250000,False,,,0,,CHI Timeout,[],1610612741.0,CHI,,,,,,,,,,,,,,,,,,,,,,,,,,,,,,,
430,PT05M50.00S,2026-01-23T02:39:11.3Z,3,REGULAR,foul,personal,"['inpenalty', '2freethrow']",1630162,,,1610612741,74,75,2026-01-23T02:39:21Z,4260000,False,,,0,,A. Edwards shooting personal FOUL (4 PF) (Okoro 2 FT),"[1630162, 1630171]",1610612750.0,MIN,shooting,,,Edwards,A. Edwards,,,,,Mid-Range,8-16 Left,,,,,,,,,,203593.0,4.0,0.0,Okoro,1630171.0,,,,,,
432,PT05M50.00S,2026-01-23T02:39:36.4Z,3,REGULAR,freethrow,1 of 2,[],1630171,,,1610612741,74,76,2026-01-23T02:39:36Z,4280000,False,,,0,,I. Okoro Free Throw 1 of 2 (9 PTS),[1630171],1610612741.0,CHI,,,,Okoro,I. Okoro,,,,,,,,Made,9.0,,,,,,,,,,,,,,,,,
433,PT05M50.00S,2026-01-23T02:39:50.6Z,3,REGULAR,freethrow,2 of 2,[],1630171,,,1610612741,74,77,2026-01-23T02:39:50Z,4290000,False,,,0,,I. Okoro Free Throw 2 of 2 (10 PTS),[1630171],1610612741.0,CHI,,,,Okoro,I. Okoro,,,,,,,,Made,10.0,,,,,,,,,,,,,,,,,
434,PT05M40.00S,2026-01-23T02:40:03.8Z,3,REGULAR,2pt,Layup,['pointsinthepaint'],1630162,6.521024967148489,54.166666666666664,1610612750,76,77,2026-01-23T02:40:09Z,4300000,False,-21.0,9.0,1,left,A. Edwards driving Layup (14 PTS) (J. Randle 4 AST),"[1630162, 203944]",1610612750.0,MIN,driving,,,Edwards,A. Edwards,,,,,Restricted Area,0-8 Center,2.26,Made,14.0,,,,J. Randle,203944.0,4.0,,,,,,,,,,,
436,PT05M29.00S,2026-01-23T02:40:16.5Z,3,REGULAR,turnover,out-of-bounds,[],1629632,,,1610612741,76,77,2026-01-23T02:40:23Z,4320000,False,,,0,,C. White lost ball out-of-bounds TURNOVER (3 TO),[1629632],1610612741.0,CHI,lost ball,,,White,C. White,,,,,Mid-Range,8-16 Right,,,,3.0,,,,,,203593.0,,,,,,,,,,
437,PT05M29.00S,2026-01-23T02:40:18.6Z,3,REGULAR,substitution,out,[],1629632,,,1610612750,76,77,2026-01-23T02:40:28Z,4330000,False,,,0,,SUB out: C. White,[1629632],1610612741.0,CHI,,,,White,C. White,,,,,,,,,,,,,,,,,,,,,,,,,,
438,PT05M29.00S,2026-01-23T02:40:18.6Z,3,REGULAR,substitution,out,[],1641824,,,1610612750,76,77,2026-01-23T02:40:28Z,4340000,False,,,0,,SUB out: M. Buzelis,[1641824],1610612741.0,CHI,,,,Buzelis,M. Buzelis,,,,,,,,,,,,,,,,,,,,,,,,,,
439,PT05M29.00S,2026-01-23T02:40:18.6Z,3,REGULAR,substitution,in,[],1630581,,,1610612750,76,77,2026-01-23T02:40:28Z,4350000,False,,,0,,SUB in: J. Giddey,[1630581],1610612741.0,CHI,,,,Giddey,J. Giddey,,,,,,,,,,,,,,,,,,,,,,,,,,
440,PT05M29.00S,2026-01-23T02:40:18.6Z,3,REGULAR,substitution,in,[],1630200,,,1610612750,76,77,2026-01-23T02:40:28Z,4360000,False,,,0,,SUB in: T. Jones,[1630200],1610612741.0,CHI,,,,Jones,T. Jones,,,,,,,,,,,,,,,,,,,,,,,,,,
441,PT05M19.00S,2026-01-23T02:40:41.9Z,3,REGULAR,3pt,Jump Shot,['fromturnover'],1629675,21.369908015768726,88.72549019607843,1610612750,76,77,2026-01-23T02:40:46Z,4370000,False,-194.0,148.0,1,left,MISS N. Reid 24' 3PT,[1629675],1610612750.0,MIN,,,,Reid,N. Reid,,,,,Above the Break 3,24+ Left Center,24.39,Missed,,,,,,,,,,,,,,,,,,
442,PT05M16.00S,2026-01-23T02:40:44.9Z,3,REGULAR,rebound,defensive,[],202696,,,1610612741,76,77,2026-01-23T02:40:46Z,4380000,False,,,0,,N. Vučević REBOUND (Off:0 Def:5),[202696],1610612741.0,CHI,,,,Vučević,N. Vučević,,,,,Above the Break 3,24+ Left Center,,,,,,,,,,,,,,,441.0,5.0,5.0,0.0,,
443,PT05M04.00S,2026-01-23T02:40:57.3Z,3,REGULAR,2pt,Hook,['pointsinthepaint'],1630200,92.32917214191852,51.225490196078425,1610612741,76,79,2026-01-23T02:42:06Z,4390000,False,6.0,20.0,1,right,T. Jones driving bank Hook (2 PTS) (N. Vučević 3 AST),"[1630200, 202696]",1610612741.0,CHI,driving bank,,,Jones,T. Jones,,,,,Restricted Area,0-8 Center,2.05,Made,2.0,,,,N. Vučević,202696.0,3.0,,,,,,,,,,,
444,PT04M45.00S,2026-01-23T02:41:15.8Z,3,REGULAR,3pt,Jump Shot,[],1628978,3.630091984231275,4.901960784313726,1610612750,79,79,2026-01-23T02:41:20Z,4400000,False,225.0,-18.0,1,left,D. DiVincenzo 3PT  (9 PTS) (N. Reid 4 AST),"[1628978, 1629675]",1610612750.0,MIN,,,,DiVincenzo,D. DiVincenzo,,,,,Right Corner 3,24+ Right,22.62,Made,9.0,,,,N. Reid,1629675.0,4.0,,,,,,,,,,,
446,PT04M35.00S,2026-01-23T02:41:29.6Z,3,REGULAR,foul,personal,"['inpenalty', '2freethrow']",1628978,,,1610612741,79,79,2026-01-23T02:41:38Z,4420000,False,,,0,,D. DiVincenzo personal FOUL (3 PF) (Jones 2 FT),"[1628978, 1630200]",1610612750.0,MIN,,,,DiVincenzo,D. DiVincenzo,,,,,Mid-Range,8-16 Left,,,,,,,,,,204059.0,3.0,0.0,Jones,1630200.0,,,,,,
449,PT04M35.00S,2026-01-23T02:41:54.9Z,3,REGULAR,freethrow,1 of 2,[],1630200,,,1610612741,79,79,2026-01-23T02:41:54Z,4440000,False,,,0,,MISS T. Jones Free Throw 1 of 2,[1630200],1610612741.0,CHI,,,,Jones,T. Jones,,,,,,,,Missed,,,,,,,,,,,,,,,,,,
450,PT04M35.00S,2026-01-23T02:41:54.9Z,3,REGULAR,rebound,offensive,"['deadball', 'team']",0,,,1610612741,79,79,2026-01-23T02:41:54Z,4450000,False,,,0,,TEAM offensive REBOUND,[],1610612741.0,CHI,,,,,,,,,,,,,,,,,,,,,,,,,,449.0,,,,,
451,PT04M35.00S,2026-01-23T02:41:55.4Z,3,REGULAR,substitution,out,[],1628978,,,1610612741,79,79,2026-01-23T02:42:13Z,4460000,False,,,0,,SUB out: D. DiVincenzo,[1628978],1610612750.0,MIN,,,,DiVincenzo,D. DiVincenzo,,,,,,,,,,,,,,,,,,,,,,,,,,
452,PT04M35.00S,2026-01-23T02:41:55.4Z,3,REGULAR,substitution,out,[],202696,,,1610612741,79,79,2026-01-23T02:42:13Z,4470000,False,,,0,,SUB out: N. Vučević,[202696],1610612741.0,CHI,,,,Vučević,N. Vučević,,,,,,,,,,,,,,,,,,,,,,,,,,
453,PT04M35.00S,2026-01-23T02:41:55.4Z,3,REGULAR,substitution,out,[],1630171,,,1610612741,79,79,2026-01-23T02:42:13Z,4480000,False,,,0,,SUB out: I. Okoro,[1630171],1610612741.0,CHI,,,,Okoro,I. Okoro,,,,,,,,,,,,,,,,,,,,,,,,,,
454,PT04M35.00S,2026-01-23T02:41:55.4Z,3,REGULAR,substitution,in,[],201144,,,1610612741,79,79,2026-01-23T02:42:13Z,4490000,False,,,0,,SUB in: M. Conley,[201144],1610612750.0,MIN,,,,Conley,M. Conley,,,,,,,,,,,,,,,,,,,,,,,,,,
455,PT04M35.00S,2026-01-23T02:41:55.4Z,3,REGULAR,substitution,in,[],1630245,,,1610612741,79,79,2026-01-23T02:42:13Z,4500000,False,,,0,,SUB in: A. Dosunmu,[1630245],1610612741.0,CHI,,,,Dosunmu,A. Dosunmu,,,,,,,,,,,,,,,,,,,,,,,,,,
456,PT04M35.00S,2026-01-23T02:41:55.4Z,3,REGULAR,substitution,in,[],1630188,,,1610612741,79,79,2026-01-23T02:42:13Z,4510000,False,,,0,,SUB in: J. Smith,[1630188],1610612741.0,CHI,,,,Smith,J. Smith,,,,,,,,,,,,,,,,,,,,,,,,,,
457,PT04M35.00S,2026-01-23T02:42:15.6Z,3,REGULAR,freethrow,2 of 2,[],1630200,,,1610612741,79,80,2026-01-23T02:42:15Z,4520000,False,,,0,,T. Jones Free Throw 2 of 2 (3 PTS),[1630200],1610612741.0,CHI,,,,Jones,T. Jones,,,,,,,,Made,3.0,,,,,,,,,,,,,,,,,
458,PT04M18.00S,2026-01-23T02:42:33.2Z,3,REGULAR,2pt,Jump Shot,['pointsinthepaint'],203944,9.149145860709593,64.2156862745098,1610612750,79,80,2026-01-23T02:42:38Z,4530000,False,-71.0,34.0,1,left,MISS J. Randle 7' driving floating bank Shot,[203944],1610612750.0,MIN,driving floating bank,,,Randle,J. Randle,,,,,In The Paint (Non-RA),0-8 Center,7.86,Missed,,,,,,,,,,,,,,,,,,
459,PT04M14.00S,2026-01-23T02:42:37.2Z,3,REGULAR,rebound,defensive,[],1630581,,,1610612741,79,80,2026-01-23T02:42:38Z,4540000,False,,,0,,J. Giddey REBOUND (Off:0 Def:4),[1630581],1610612741.0,CHI,,,,Giddey,J. Giddey,,,,,In The Paint (Non-RA),0-8 Center,,,,,,,,,,,,,,,458.0,4.0,4.0,0.0,,
460,PT04M09.00S,2026-01-23T02:42:41.2Z,3,REGULAR,2pt,Layup,"['pointsinthepaint', 'fastbreak']",1630200,92.19776609724047,48.03921568627451,1610612741,79,82,2026-01-23T02:42:49Z,4550000,False,-10.0,21.0,1,right,T. Jones running Layup (5 PTS),[1630200],1610612741.0,CHI,running,,,Jones,T. Jones,,,,,Restricted Area,0-8 Center,2.3,Made,5.0,,,,,,,,,,,,,,,,,
461,PT03M59.00S,2026-01-23T02:42:53.5Z,3,REGULAR,foul,personal,[],1630245,,,1610612750,79,82,2026-01-23T02:43:03Z,4560000,False,,,0,,A. Dosunmu personal FOUL (1 PF),"[1630245, 1630162]",1610612741.0,CHI,,,,Dosunmu,A. Dosunmu,,,,,Above the Break 3,24+ Right Center,,,,,,,,,,1201.0,1.0,0.0,Edwards,1630162.0,,,,,,
463,PT03M53.00S,2026-01-23T02:43:19.6Z,3,REGULAR,foul,personal,"['inpenalty', '2freethrow']",1630188,,,1610612750,79,82,2026-01-23T02:43:28Z,4580000,False,,,0,,J. Smith shooting personal FOUL (4 PF) (Randle 2 FT),"[1630188, 203944]",1610612741.0,CHI,shooting,,,Smith,J. Smith,,,,,In The Paint (Non-RA),8-16 Center,,,,,,,,,,203593.0,4.0,0.0,Randle,203944.0,,,,,,
465,PT03M53.00S,2026-01-23T02:43:46.3Z,3,REGULAR,freethrow,1 of 2,[],203944,,,1610612750,80,82,2026-01-23T02:43:46Z,4600000,False,,,0,,J. Randle Free Throw 1 of 2 (22 PTS),[203944],1610612750.0,MIN,,,,Randle,J. Randle,,,,,,,,Made,22.0,,,,,,,,,,,,,,,,,
466,PT03M53.00S,2026-01-23T02:44:10.2Z,3,REGULAR,freethrow,2 of 2,[],203944,,,1610612750,81,82,2026-01-23T02:44:10Z,4610000,False,,,0,,J. Randle Free Throw 2 of 2 (23 PTS),[203944],1610612750.0,MIN,,,,Randle,J. Randle,,,,,,,,Made,23.0,,,,,,,,,,,,,,,,,
467,PT03M38.00S,2026-01-23T02:44:30.3Z,3,REGULAR,turnover,out-of-bounds,[],1630200,,,1610612741,81,82,2026-01-23T02:44:35Z,4620000,False,,,0,,T. Jones lost ball out-of-bounds TURNOVER (2 TO),[1630200],1610612741.0,CHI,lost ball,,,Jones,T. Jones,,,,,In The Paint (Non-RA),0-8 Center,,,,2.0,,,,,,203593.0,,,,,,,,,,
468,PT03M38.00S,2026-01-23T02:44:33.1Z,3,REGULAR,substitution,out,[],203944,,,1610612750,81,82,2026-01-23T02:44:41Z,4630000,False,,,0,,SUB out: J. Randle,[203944],1610612750.0,MIN,,,,Randle,J. Randle,,,,,,,,,,,,,,,,,,,,,,,,,,
469,PT03M38.00S,2026-01-23T02:44:33.1Z,3,REGULAR,substitution,in,[],203497,,,1610612750,81,82,2026-01-23T02:44:41Z,4640000,False,,,0,,SUB in: R. Gobert,[203497],1610612750.0,MIN,,,,Gobert,R. Gobert,,,,,,,,,,,,,,,,,,,,,,,,,,
470,PT03M17.00S,2026-01-23T02:45:05.4Z,3,REGULAR,3pt,Jump Shot,['fromturnover'],1629675,30.962549277266753,69.6078431372549,1610612750,84,82,2026-01-23T02:45:11Z,4650000,False,-98.0,239.0,1,left,N. Reid 25' 3PT step back (14 PTS) (J. McDaniels 5 AST),"[1629675, 1630183]",1610612750.0,MIN,step back,,,Reid,N. Reid,,,,,Above the Break 3,24+ Left Center,25.78,Made,14.0,,,,J. McDaniels,1630183.0,5.0,,,,,,,,,,,
472,PT03M03.00S,2026-01-23T02:45:18.9Z,3,REGULAR,3pt,Jump Shot,[],1630188,70.51576872536137,73.0392156862745,1610612741,84,85,2026-01-23T02:45:23Z,4670000,False,115.0,225.0,1,right,J. Smith 25' 3PT  (8 PTS) (J. Giddey 1 AST),"[1630188, 1630581]",1610612741.0,CHI,,,,Smith,J. Smith,,,,,Above the Break 3,24+ Right Center,25.25,Made,8.0,,,,J. Giddey,1630581.0,1.0,,,,,,,,,,,
474,PT02M53.00S,2026-01-23T02:45:28.6Z,3,REGULAR,2pt,Jump Shot,[],1630183,21.50131406044678,58.333333333333336,1610612750,86,85,2026-01-23T02:45:36Z,4690000,False,-42.0,150.0,1,left,J. McDaniels 15' pullup Jump Shot (13 PTS),[1630183],1610612750.0,MIN,pullup,,,McDaniels,J. McDaniels,,,,,Mid-Range,8-16 Center,15.53,Made,13.0,,,,,,,,,,,,,,,,,
476,PT02M35.00S,2026-01-23T02:45:47.4Z,3,REGULAR,2pt,Jump Shot,['pointsinthepaint'],1630581,79.71419185282524,46.32352941176471,1610612741,86,85,2026-01-23T02:48:37Z,4710000,False,-18.0,138.0,1,right,MISS J. Giddey 13' driving floating Shot,[1630581],1610612741.0,CHI,driving floating,,,Giddey,J. Giddey,,,,,In The Paint (Non-RA),8-16 Center,13.94,Missed,,,,,,,,,,,,,,,,,,
477,PT02M33.00S,2026-01-23T02:45:49.4Z,3,REGULAR,rebound,defensive,[],201144,,,1610612750,86,85,2026-01-23T02:45:51Z,4720000,False,,,0,,M. Conley REBOUND (Off:0 Def:2),[201144],1610612750.0,MIN,,,,Conley,M. Conley,,,,,In The Paint (Non-RA),8-16 Center,,,,,,,,,,,,,,,476.0,2.0,2.0,0.0,,
478,PT02M26.00S,2026-01-23T02:45:55.8Z,3,REGULAR,3pt,Jump Shot,['fastbreak'],1629675,20.318659658344284,89.70588235294117,1610612750,86,85,2026-01-23T02:49:25Z,4730000,False,-199.0,138.0,1,left,MISS N. Reid 24' running pullup 3PT,[1629675],1610612750.0,MIN,running pullup,,,Reid,N. Reid,,,,,Above the Break 3,24+ Left Center,24.2,Missed,,,,,,,,,,,,,,,,,,
479,PT02M24.00S,2026-01-23T02:45:57.8Z,3,REGULAR,rebound,defensive,[],1630188,,,1610612741,86,85,2026-01-23T02:46:13Z,4740000,False,,,0,,J. Smith REBOUND (Off:0 Def:4),[1630188],1610612741.0,CHI,,,,Smith,J. Smith,,,,,Above the Break 3,24+ Left Center,,,,,,,,,,,,,,,478.0,4.0,4.0,0.0,,
480,PT02M18.00S,2026-01-23T02:46:04.1Z,3,REGULAR,3pt,Jump Shot,['fastbreak'],1630200,72.88107752956637,19.607843137254903,1610612741,86,88,2026-01-23T02:46:09Z,4750000,False,-152.0,202.0,1,right,T. Jones 25' 3PT running (8 PTS) (J. Giddey 2 AST),"[1630200, 1630581]",1610612741.0,CHI,running,,,Jones,T. Jones,,,,,Above the Break 3,24+ Left Center,25.31,Made,8.0,,,,J. Giddey,1630581.0,2.0,,,,,,,,,,,
482,PT02M03.00S,2026-01-23T02:46:20.1Z,3,REGULAR,3pt,Jump Shot,[],201144,6.389618922470433,3.9215686274509802,1610612750,86,88,2026-01-23T02:46:24Z,4770000,False,230.0,8.0,1,left,MISS M. Conley 3PT,[201144],1610612750.0,MIN,,,,Conley,M. Conley,,,,,Right Corner 3,24+ Right,23.05,Missed,,,,,,,,,,,,,,,,,,
483,PT01M59.00S,2026-01-23T02:46:24.1Z,3,REGULAR,rebound,defensive,[],1630172,,,1610612741,86,88,2026-01-23T02:46:24Z,4780000,False,,,0,,P. Williams REBOUND (Off:0 Def:3),[1630172],1610612741.0,CHI,,,,Williams,P. Williams,,,,,Right Corner 3,24+ Right,,,,,,,,,,,,,,,482.0,3.0,3.0,0.0,,
485,PT01M56.00S,2026-01-23T02:46:32.7Z,3,REGULAR,substitution,out,[],1630183,,,1610612741,86,88,2026-01-23T02:46:37Z,4800000,False,,,0,,SUB out: J. McDaniels,[1630183],1610612750.0,MIN,,,,McDaniels,J. McDaniels,,,,,,,,,,,,,,,,,,,,,,,,,,
486,PT01M56.00S,2026-01-23T02:46:32.7Z,3,REGULAR,substitution,in,[],1641740,,,1610612741,86,88,2026-01-23T02:46:37Z,4810000,False,,,0,,SUB in: J. Clark,[1641740],1610612750.0,MIN,,,,Clark,J. Clark,,,,,,,,,,,,,,,,,,,,,,,,,,
487,PT01M49.00S,2026-01-23T02:46:57.2Z,3,REGULAR,2pt,Hook,['pointsinthepaint'],1630172,90.48948751642575,54.90196078431373,1610612741,86,88,2026-01-23T02:52:00Z,4820000,False,25.0,37.0,1,right,MISS P. Williams turnaround bank Hook,[1630172],1610612741.0,CHI,turnaround bank,,,Williams,P. Williams,,,,,In The Paint (Non-RA),0-8 Center,4.43,Missed,,,,,,,,,,,,,,,,,,
488,PT01M47.00S,2026-01-23T02:46:59.2Z,3,REGULAR,rebound,defensive,[],201144,,,1610612750,86,88,2026-01-23T02:47:01Z,4830000,False,,,0,,M. Conley REBOUND (Off:0 Def:3),[201144],1610612750.0,MIN,,,,Conley,M. Conley,,,,,In The Paint (Non-RA),0-8 Center,,,,,,,,,,,,,,,487.0,3.0,3.0,0.0,,
489,PT01M34.00S,2026-01-23T02:47:12.4Z,3,REGULAR,2pt,Hook,['pointsinthepaint'],1629675,12.302890932982917,50.73529411764706,1610612750,88,88,2026-01-23T02:52:35Z,4840000,False,-4.0,63.0,1,left,N. Reid 6' driving Hook (16 PTS),[1629675],1610612750.0,MIN,driving,,,Reid,N. Reid,,,,,In The Paint (Non-RA),0-8 Center,6.32,Made,16.0,,,,,,,,,,,,,,,,,
490,PT01M21.00S,2026-01-23T02:47:25.2Z,3,REGULAR,3pt,Jump Shot,[],1630245,75.64060446780552,84.80392156862744,1610612741,88,91,2026-01-23T02:47:29Z,4850000,False,174.0,176.0,1,right,A. Dosunmu 24' 3PT  (8 PTS) (J. Giddey 3 AST),"[1630245, 1630581]",1610612741.0,CHI,,,,Dosunmu,A. Dosunmu,,,,,Above the Break 3,24+ Right Center,24.78,Made,8.0,,,,J. Giddey,1630581.0,3.0,,,,,,,,,,,
492,PT01M05.00S,2026-01-23T02:47:42.5Z,3,REGULAR,2pt,Layup,['pointsinthepaint'],1630162,6.783837056504599,51.71568627450981,1610612750,90,91,2026-01-23T02:53:17Z,4870000,False,-9.0,11.0,1,left,A. Edwards driving Layup (16 PTS),[1630162],1610612750.0,MIN,driving,,,Edwards,A. Edwards,,,,,Restricted Area,0-8 Center,1.42,Made,16.0,,,,,,,,,,,,,,,,,
494,PT00M59.30S,2026-01-23T02:47:50.9Z,3,REGULAR,substitution,out,[],1630172,,,1610612741,90,91,2026-01-23T02:48:03Z,4890000,False,,,0,,SUB out: P. Williams,[1630172],1610612741.0,CHI,,,,Williams,P. Williams,,,,,,,,,,,,,,,,,,,,,,,,,,
495,PT00M59.30S,2026-01-23T02:47:50.9Z,3,REGULAR,substitution,in,[],1630171,,,1610612741,90,91,2026-01-23T02:48:03Z,4900000,False,,,0,,SUB in: I. Okoro,[1630171],1610612741.0,CHI,,,,Okoro,I. Okoro,,,,,,,,,,,,,,,,,,,,,,,,,,
496,PT00M41.80S,2026-01-23T02:48:28.0Z,3,REGULAR,turnover,out-of-bounds,[],1630581,,,1610612741,90,91,2026-01-23T02:48:35Z,4910000,False,,,0,,J. Giddey step out-of-bounds TURNOVER (1 TO),[1630581],1610612741.0,CHI,step,,,Giddey,J. Giddey,,,,,Mid-Range,8-16 Left,,,,1.0,,,,,,204059.0,,,,,,,,,,
497,PT00M31.10S,2026-01-23T02:48:46.5Z,3,REGULAR,2pt,DUNK,"['pointsinthepaint', 'fromturnover']",1630162,5.863994743758213,51.470588235294116,1610612750,90,91,2026-01-23T02:48:50Z,4920000,False,-7.0,3.0,1,left,MISS A. Edwards driving DUNK,[1630162],1610612750.0,MIN,driving,,,Edwards,A. Edwards,,,,,Restricted Area,0-8 Center,0.78,Missed,,,,,,,,,,,,,,,,,,
498,PT00M28.90S,2026-01-23T02:48:48.7Z,3,REGULAR,rebound,defensive,[],1630200,,,1610612741,90,91,2026-01-23T02:48:50Z,4930000,False,,,0,,T. Jones REBOUND (Off:0 Def:2),[1630200],1610612741.0,CHI,,,,Jones,T. Jones,,,,,Restricted Area,0-8 Center,,,,,,,,,,,,,,,497.0,2.0,2.0,0.0,,
499,PT00M26.80S,2026-01-23T02:48:51.4Z,3,REGULAR,2pt,Layup,"['pointsinthepaint', 'fastbreak']",1630581,92.9862023653088,49.754901960784316,1610612741,90,93,2026-01-23T02:48:57Z,4940000,False,-1.0,13.0,1,right,J. Giddey running finger roll Layup (20 PTS) (T. Jones 5 AST),"[1630581, 1630200]",1610612741.0,CHI,running finger roll,,,Giddey,J. Giddey,,,,,Restricted Area,0-8 Center,1.35,Made,20.0,,,,T. Jones,1630200.0,5.0,,,,,,,,,,,
500,PT00M12.50S,2026-01-23T02:49:09.3Z,3,REGULAR,3pt,Jump Shot,[],1641740,6.783837056504599,95.34313725490196,1610612750,90,93,2026-01-23T02:49:14Z,4950000,False,-227.0,11.0,1,left,MISS J. Clark 3PT,[1641740],1610612750.0,MIN,,,,Clark,J. Clark,,,,,Left Corner 3,24+ Left,22.7,Missed,,,,,,,,,,,,,,,,,,
501,PT00M11.20S,2026-01-23T02:49:13.5Z,3,REGULAR,rebound,defensive,['team'],0,,,1610612741,90,93,2026-01-23T02:49:13Z,4960000,False,,,0,,TEAM defensive REBOUND,[],1610612741.0,CHI,,,,,,,,,,Left Corner 3,24+ Left,,,,,,,,,,,,,,,500.0,,,,,
504,PT00M00.40S,2026-01-23T02:49:30.1Z,3,REGULAR,2pt,Jump Shot,[],1630245,86.35430354796321,26.98376225490196,1610612741,90,93,2026-01-23T02:55:44Z,4980000,False,-115.0,76.0,1,right,MISS A. Dosunmu 13' driving floating Shot,[1630245],1610612741.0,CHI,driving floating,,,Dosunmu,A. Dosunmu,,,,,Mid-Range,8-16 Left,13.78,Missed,,,,,,,,,,,,,,,,,,
505,PT00M00.10S,2026-01-23T02:49:30.4Z,3,REGULAR,rebound,offensive,['team'],0,,,1610612741,90,93,2026-01-23T02:49:41Z,4990000,False,,,0,,TEAM offensive REBOUND,[],1610612741.0,CHI,,,,,,,,,,Mid-Range,8-16 Left,,,,,,,,,,,,,,,504.0,,,,,
506,PT00M00.00S,2026-01-23T02:49:33.6Z,3,REGULAR,period,end,[],0,,,1610612741,90,93,2026-01-23T02:49:33Z,5000000,False,,,0,,Period End,[],,,,,,,,,,,,,,,,,,,,,,,,,,,,,,,,,
507,PT12M00.00S,2026-01-23T02:51:44.2Z,4,REGULAR,substitution,out,['startperiod'],1630162,,,1610612741,90,93,2026-01-23T02:52:07Z,5010000,False,,,0,,SUB out: A. Edwards,[1630162],1610612750.0,MIN,,,,Edwards,A. Edwards,,,,,,,,,,,,,,,,,,,,,,,,,,
508,PT12M00.00S,2026-01-23T02:51:44.2Z,4,REGULAR,substitution,out,['startperiod'],201144,,,1610612741,90,93,2026-01-23T02:52:07Z,5020000,False,,,0,,SUB out: M. Conley,[201144],1610612750.0,MIN,,,,Conley,M. Conley,,,,,,,,,,,,,,,,,,,,,,,,,,
509,PT12M00.00S,2026-01-23T02:51:44.2Z,4,REGULAR,substitution,out,['startperiod'],203497,,,1610612741,90,93,2026-01-23T02:52:07Z,5030000,False,,,0,,SUB out: R. Gobert,[203497],1610612750.0,MIN,,,,Gobert,R. Gobert,,,,,,,,,,,,,,,,,,,,,,,,,,
510,PT12M00.00S,2026-01-23T02:51:44.2Z,4,REGULAR,substitution,out,['startperiod'],1630200,,,1610612741,90,93,2026-01-23T02:52:07Z,5040000,False,,,0,,SUB out: T. Jones,[1630200],1610612741.0,CHI,,,,Jones,T. Jones,,,,,,,,,,,,,,,,,,,,,,,,,,
511,PT12M00.00S,2026-01-23T02:51:44.2Z,4,REGULAR,substitution,in,['startperiod'],1628978,,,1610612741,90,93,2026-01-23T02:52:07Z,5050000,False,,,0,,SUB in: D. DiVincenzo,[1628978],1610612750.0,MIN,,,,DiVincenzo,D. DiVincenzo,,,,,,,,,,,,,,,,,,,,,,,,,,
512,PT12M00.00S,2026-01-23T02:51:44.2Z,4,REGULAR,substitution,in,['startperiod'],1630538,,,1610612741,90,93,2026-01-23T02:52:07Z,5060000,False,,,0,,SUB in: B. Hyland,[1630538],1610612750.0,MIN,,,,Hyland,B. Hyland,,,,,,,,,,,,,,,,,,,,,,,,,,
513,PT12M00.00S,2026-01-23T02:51:44.2Z,4,REGULAR,substitution,in,['startperiod'],203944,,,1610612741,90,93,2026-01-23T02:52:07Z,5070000,False,,,0,,SUB in: J. Randle,[203944],1610612750.0,MIN,,,,Randle,J. Randle,,,,,,,,,,,,,,,,,,,,,,,,,,
514,PT12M00.00S,2026-01-23T02:51:44.2Z,4,REGULAR,substitution,in,['startperiod'],1628989,,,1610612741,90,93,2026-01-23T02:52:07Z,5080000,False,,,0,,SUB in: K. Huerter,[1628989],1610612741.0,CHI,,,,Huerter,K. Huerter,,,,,,,,,,,,,,,,,,,,,,,,,,
515,PT12M00.00S,2026-01-23T02:52:09.1Z,4,REGULAR,period,start,[],0,,,1610612750,90,93,2026-01-23T02:52:09Z,5090000,False,,,0,,Period Start,[],,,,,,,,,,,,,,,,,,,,,,,,,,,,,,,,,
516,PT11M45.00S,2026-01-23T02:52:24.9Z,4,REGULAR,turnover,out-of-bounds,[],1629675,,,1610612750,90,93,2026-01-23T02:52:30Z,5100000,False,,,0,,N. Reid bad pass out-of-bounds TURNOVER (1 TO),[1629675],1610612750.0,MIN,bad pass,,,Reid,N. Reid,,,,,Mid-Range,8-16 Left,,,,1.0,,,,,,203593.0,,,,,,,,,,
517,PT11M30.00S,2026-01-23T02:52:46.6Z,4,REGULAR,2pt,Layup,"['pointsinthepaint', 'fromturnover']",1630581,87.72996057818659,50.49019607843137,1610612741,90,93,2026-01-23T02:52:51Z,5110000,False,2.0,63.0,1,right,MISS J. Giddey 6' driving finger roll Layup - blocked,"[1630581, 1630538]",1610612741.0,CHI,driving finger roll,,,Giddey,J. Giddey,,,,,In The Paint (Non-RA),0-8 Center,6.28,Missed,,,,,,,,,,,,,,,,,Hyland,1630538.0
518,PT11M30.00S,2026-01-23T02:52:46.6Z,4,REGULAR,block,,[],1630538,,,1610612741,90,93,2026-01-23T02:52:48Z,5120000,False,,,0,,B. Hyland BLOCK (1 BLK),[1630538],1610612750.0,MIN,,,,Hyland,B. Hyland,,,,,In The Paint (Non-RA),0-8 Center,,,,,,,,,,,,,,,,,,,,
519,PT11M27.00S,2026-01-23T02:52:49.6Z,4,REGULAR,rebound,defensive,[],1641740,,,1610612750,90,93,2026-01-23T02:52:51Z,5130000,False,,,0,,J. Clark REBOUND (Off:0 Def:1),[1641740],1610612750.0,MIN,,,,Clark,J. Clark,,,,,In The Paint (Non-RA),0-8 Center,,,,,,,,,,,,,,,517.0,1.0,1.0,0.0,,
521,PT11M22.00S,2026-01-23T02:53:16.4Z,4,REGULAR,foul,personal,[],1630245,,,1610612750,90,93,2026-01-23T02:53:25Z,5150000,False,,,0,,A. Dosunmu personal FOUL (2 PF),"[1630245, 1630538]",1610612741.0,CHI,,,,Dosunmu,A. Dosunmu,,,,,Mid-Range,16-24 Left,,,,,,,,,,203593.0,2.0,0.0,Hyland,1630538.0,,,,,,
523,PT11M17.00S,2026-01-23T02:53:34.6Z,4,REGULAR,3pt,Jump Shot,[],203944,18.74178712220762,90.68627450980392,1610612750,93,93,2026-01-23T02:53:39Z,5170000,False,-203.0,124.0,1,left,J. Randle 3PT  (26 PTS) (B. Hyland 1 AST),"[203944, 1630538]",1610612750.0,MIN,,,,Randle,J. Randle,,,,,Above the Break 3,24+ Left Center,23.81,Made,26.0,,,,B. Hyland,1630538.0,1.0,,,,,,,,,,,
525,PT11M04.00S,2026-01-23T02:53:48.2Z,4,REGULAR,2pt,Layup,['pointsinthepaint'],1630188,92.32917214191852,52.20588235294118,1610612741,93,95,2026-01-23T02:53:52Z,5190000,False,11.0,20.0,1,right,J. Smith Layup (10 PTS) (I. Okoro 1 AST),"[1630188, 1630171]",1610612741.0,CHI,,,,Smith,J. Smith,,,,,Restricted Area,0-8 Center,2.25,Made,10.0,,,,I. Okoro,1630171.0,1.0,,,,,,,,,,,
528,PT10M44.00S,2026-01-23T02:54:25.2Z,4,REGULAR,turnover,bad pass,[],203944,,,1610612750,93,95,2026-01-23T02:54:50Z,5220000,False,,,0,,J. Randle bad pass TURNOVER (3 TO),"[203944, 1628989]",1610612750.0,MIN,,,,Randle,J. Randle,,,,,Mid-Range,16-24 Center,,,,3.0,Huerter,1628989.0,,,,,,,,,,,,,,
529,PT10M44.00S,2026-01-23T02:54:25.2Z,4,REGULAR,steal,,[],1628989,,,1610612741,93,95,2026-01-23T02:54:27Z,5230000,False,,,0,,K. Huerter STEAL (1 STL),[1628989],1610612741.0,CHI,,,,Huerter,K. Huerter,,,,,Mid-Range,16-24 Center,,,,,,,,,,,,,,,,,,,,
530,PT10M41.00S,2026-01-23T02:54:29.2Z,4,REGULAR,2pt,Layup,"['fastbreak', 'pointsinthepaint', 'fromturnover']",1628989,92.46057818659659,47.794117647058826,1610612741,93,95,2026-01-23T02:54:41Z,5240000,False,-11.0,18.0,1,right,MISS K. Huerter running Layup - blocked,"[1628989, 1628978]",1610612741.0,CHI,running,,,Huerter,K. Huerter,,,,,Restricted Area,0-8 Center,2.14,Missed,,,,,,,,,,,,,,,,,DiVincenzo,1628978.0
531,PT10M41.00S,2026-01-23T02:54:29.2Z,4,REGULAR,block,,[],1628978,,,1610612741,93,95,2026-01-23T02:54:31Z,5250000,False,,,0,,D. DiVincenzo BLOCK (1 BLK),[1628978],1610612750.0,MIN,,,,DiVincenzo,D. DiVincenzo,,,,,Restricted Area,0-8 Center,,,,,,,,,,,,,,,,,,,,
532,PT10M40.00S,2026-01-23T02:54:30.2Z,4,REGULAR,rebound,offensive,['team'],0,,,1610612741,93,95,2026-01-23T02:54:41Z,5260000,False,,,0,,TEAM offensive REBOUND,[],1610612741.0,CHI,,,,,,,,,,Restricted Area,0-8 Center,,,,,,,,,,,,,,,530.0,,,,,
534,PT10M29.00S,2026-01-23T02:54:55.6Z,4,REGULAR,3pt,Jump Shot,"['fromturnover', '2ndchance']",1628989,81.2910643889619,91.91176470588235,1610612741,93,95,2026-01-23T02:54:59Z,5280000,False,210.0,123.0,1,right,MISS K. Huerter 24' step back 3PT,[1628989],1610612741.0,CHI,step back,,,Huerter,K. Huerter,,,,,Above the Break 3,24+ Right Center,24.32,Missed,,,,,,,,,,,,,,,,,,
535,PT10M25.00S,2026-01-23T02:54:59.6Z,4,REGULAR,rebound,defensive,[],1629675,,,1610612750,93,95,2026-01-23T02:54:59Z,5290000,False,,,0,,N. Reid REBOUND (Off:0 Def:4),[1629675],1610612750.0,MIN,,,,Reid,N. Reid,,,,,Above the Break 3,24+ Right Center,,,,,,,,,,,,,,,534.0,4.0,4.0,0.0,,
536,PT10M17.00S,2026-01-23T02:55:11.6Z,4,REGULAR,foul,offensive,[],1629675,,,1610612750,93,95,2026-01-23T02:55:17Z,5300000,False,,,0,,N. Reid offensive FOUL (2 PF),"[1629675, 1630171]",1610612750.0,MIN,,,,Reid,N. Reid,,,,,Above the Break 3,24+ Right Center,,,,,,,,,,1201.0,2.0,0.0,Okoro,1630171.0,,,,,,
538,PT10M17.00S,2026-01-23T02:55:11.6Z,4,REGULAR,turnover,offensive foul,[],1629675,,,1610612750,93,95,2026-01-23T02:55:11Z,5320000,False,,,0,,N. Reid offensive foul TURNOVER (2 TO),[1629675],1610612750.0,MIN,,,,Reid,N. Reid,,,,,Above the Break 3,24+ Right Center,,,,2.0,,,,,,1201.0,,,,,,,,,,
539,PT10M17.00S,2026-01-23T02:55:19.2Z,4,REGULAR,substitution,out,[],1630581,,,1610612741,93,95,2026-01-23T02:55:24Z,5330000,False,,,0,,SUB out: J. Giddey,[1630581],1610612741.0,CHI,,,,Giddey,J. Giddey,,,,,,,,,,,,,,,,,,,,,,,,,,
540,PT10M17.00S,2026-01-23T02:55:19.2Z,4,REGULAR,substitution,in,[],1630200,,,1610612741,93,95,2026-01-23T02:55:24Z,5340000,False,,,0,,SUB in: T. Jones,[1630200],1610612741.0,CHI,,,,Jones,T. Jones,,,,,,,,,,,,,,,,,,,,,,,,,,
541,PT10M05.00S,2026-01-23T02:55:42.0Z,4,REGULAR,3pt,Jump Shot,['fromturnover'],1630245,92.46057818659659,4.166666666666666,1610612741,93,95,2026-01-23T02:55:46Z,5350000,False,-229.0,18.0,1,right,MISS A. Dosunmu 3PT,[1630245],1610612741.0,CHI,,,,Dosunmu,A. Dosunmu,,,,,Left Corner 3,24+ Left,22.99,Missed,,,,,,,,,,,,,,,,,,
542,PT10M01.00S,2026-01-23T02:55:46.0Z,4,REGULAR,rebound,defensive,[],1628978,,,1610612750,93,95,2026-01-23T02:55:46Z,5360000,False,,,0,,D. DiVincenzo REBOUND (Off:0 Def:2),[1628978],1610612750.0,MIN,,,,DiVincenzo,D. DiVincenzo,,,,,Left Corner 3,24+ Left,,,,,,,,,,,,,,,541.0,2.0,2.0,0.0,,
544,PT09M56.00S,2026-01-23T02:55:49.9Z,4,REGULAR,3pt,Jump Shot,['fastbreak'],1630538,21.632720105124836,88.72549019607843,1610612750,93,95,2026-01-23T02:55:56Z,5380000,False,-194.0,151.0,1,left,MISS B. Hyland 24' running 3PT,[1630538],1610612750.0,MIN,running,,,Hyland,B. Hyland,,,,,Above the Break 3,24+ Left Center,24.54,Missed,,,,,,,,,,,,,,,,,,
545,PT09M54.00S,2026-01-23T02:55:51.9Z,4,REGULAR,rebound,defensive,[],1630171,,,1610612741,93,95,2026-01-23T02:55:56Z,5390000,False,,,0,,I. Okoro REBOUND (Off:0 Def:5),[1630171],1610612741.0,CHI,,,,Okoro,I. Okoro,,,,,Above the Break 3,24+ Left Center,,,,,,,,,,,,,,,544.0,5.0,5.0,0.0,,
546,PT09M43.00S,2026-01-23T02:56:04.3Z,4,REGULAR,2pt,Layup,['pointsinthepaint'],1630171,89.43823915900131,48.529411764705884,1610612741,93,95,2026-01-23T02:56:07Z,5400000,False,-7.0,47.0,1,right,MISS I. Okoro driving Layup - blocked,"[1630171, 1629675]",1610612741.0,CHI,driving,,,Okoro,I. Okoro,,,,,In The Paint (Non-RA),0-8 Center,4.74,Missed,,,,,,,,,,,,,,,,,Reid,1629675.0
547,PT09M43.00S,2026-01-23T02:56:04.3Z,4,REGULAR,block,,[],1629675,,,1610612741,93,95,2026-01-23T02:56:06Z,5410000,False,,,0,,N. Reid BLOCK (1 BLK),[1629675],1610612750.0,MIN,,,,Reid,N. Reid,,,,,In The Paint (Non-RA),0-8 Center,,,,,,,,,,,,,,,,,,,,
548,PT09M40.00S,2026-01-23T02:56:07.3Z,4,REGULAR,rebound,offensive,[],1630245,,,1610612741,93,95,2026-01-23T02:56:07Z,5420000,False,,,0,,A. Dosunmu REBOUND (Off:1 Def:2),[1630245],1610612741.0,CHI,,,,Dosunmu,A. Dosunmu,,,,,In The Paint (Non-RA),0-8 Center,,,,,,,,,,,,,,,546.0,3.0,2.0,1.0,,
549,PT09M39.00S,2026-01-23T02:56:08.4Z,4,REGULAR,3pt,Jump Shot,['2ndchance'],1628989,80.3712220762155,92.8921568627451,1610612741,93,98,2026-01-23T02:56:18Z,5430000,False,214.0,132.0,1,right,K. Huerter 25' 3PT  (3 PTS) (A. Dosunmu 3 AST),"[1628989, 1630245]",1610612741.0,CHI,,,,Huerter,K. Huerter,,,,,Above the Break 3,24+ Right Center,25.19,Made,3.0,,,,A. Dosunmu,1630245.0,3.0,,,,,,,,,,,
551,PT09M30.00S,2026-01-23T02:56:19.0Z,4,REGULAR,2pt,Layup,['pointsinthepaint'],203944,6.389618922470433,53.18627450980392,1610612750,93,98,2026-01-23T02:56:37Z,5450000,False,-16.0,8.0,1,left,MISS J. Randle driving Layup,[203944],1610612750.0,MIN,driving,,,Randle,J. Randle,,,,,Restricted Area,0-8 Center,1.76,Missed,,,,,,,,,,,,,,,,,,
552,PT09M29.00S,2026-01-23T02:56:20.0Z,4,REGULAR,rebound,offensive,[],203944,,,1610612750,93,98,2026-01-23T02:56:37Z,5460000,False,,,0,,J. Randle REBOUND (Off:2 Def:4),[203944],1610612750.0,MIN,,,,Randle,J. Randle,,,,,Restricted Area,0-8 Center,,,,,,,,,,,,,,,551.0,6.0,4.0,2.0,,
553,PT09M28.00S,2026-01-23T02:56:22.0Z,4,REGULAR,foul,personal,['2freethrow'],1630188,,,1610612750,93,98,2026-01-23T02:56:31Z,5470000,False,,,0,,J. Smith shooting personal FOUL (5 PF) (Randle 2 FT),"[1630188, 203944]",1610612741.0,CHI,shooting,,,Smith,J. Smith,,,,,Restricted Area,0-8 Center,,,,,,,,,,204059.0,5.0,0.0,Randle,203944.0,,,,,,
555,PT09M28.00S,2026-01-23T02:56:47.8Z,4,REGULAR,freethrow,1 of 2,['2ndchance'],203944,,,1610612750,94,98,2026-01-23T02:56:47Z,5490000,False,,,0,,J. Randle Free Throw 1 of 2 (27 PTS),[203944],1610612750.0,MIN,,,,Randle,J. Randle,,,,,,,,Made,27.0,,,,,,,,,,,,,,,,,
556,PT09M28.00S,2026-01-23T02:56:48.3Z,4,REGULAR,substitution,out,[],1630171,,,1610612750,94,98,2026-01-23T02:56:55Z,5500000,False,,,0,,SUB out: I. Okoro,[1630171],1610612741.0,CHI,,,,Okoro,I. Okoro,,,,,,,,,,,,,,,,,,,,,,,,,,
557,PT09M28.00S,2026-01-23T02:56:48.3Z,4,REGULAR,substitution,in,[],1641824,,,1610612750,94,98,2026-01-23T02:56:55Z,5510000,False,,,0,,SUB in: M. Buzelis,[1641824],1610612741.0,CHI,,,,Buzelis,M. Buzelis,,,,,,,,,,,,,,,,,,,,,,,,,,
558,PT09M28.00S,2026-01-23T02:57:16.4Z,4,REGULAR,freethrow,2 of 2,['2ndchance'],203944,,,1610612750,95,98,2026-01-23T02:57:16Z,5520000,False,,,0,,J. Randle Free Throw 2 of 2 (28 PTS),[203944],1610612750.0,MIN,,,,Randle,J. Randle,,,,,,,,Made,28.0,,,,,,,,,,,,,,,,,
559,PT09M16.00S,2026-01-23T02:57:29.7Z,4,REGULAR,3pt,Jump Shot,[],1628989,73.9323258869908,82.84313725490196,1610612741,95,98,2026-01-23T02:57:36Z,5530000,False,164.0,193.0,1,right,MISS K. Huerter 25' pullup 3PT,[1628989],1610612741.0,CHI,pullup,,,Huerter,K. Huerter,,,,,Above the Break 3,24+ Right Center,25.3,Missed,,,,,,,,,,,,,,,,,,
560,PT09M11.00S,2026-01-23T02:57:33.9Z,4,REGULAR,rebound,offensive,[],1630245,,,1610612741,95,98,2026-01-23T02:57:33Z,5540000,False,,,0,,A. Dosunmu REBOUND (Off:2 Def:2),[1630245],1610612741.0,CHI,,,,Dosunmu,A. Dosunmu,,,,,Above the Break 3,24+ Right Center,,,,,,,,,,,,,,,559.0,4.0,2.0,2.0,,
561,PT09M09.00S,2026-01-23T02:57:36.4Z,4,REGULAR,3pt,Jump Shot,['2ndchance'],1641824,93.51182654402102,95.58823529411765,1610612741,95,101,2026-01-23T02:57:40Z,5550000,False,228.0,8.0,1,right,M. Buzelis 3PT  (12 PTS) (K. Huerter 2 AST),"[1641824, 1628989]",1610612741.0,CHI,,,,Buzelis,M. Buzelis,,,,,Right Corner 3,24+ Right,22.81,Made,12.0,,,,K. Huerter,1628989.0,2.0,,,,,,,,,,,
563,PT08M59.00S,2026-01-23T02:57:46.9Z,4,REGULAR,2pt,Layup,['pointsinthepaint'],203944,5.732588699080158,52.20588235294118,1610612750,97,101,2026-01-23T02:57:52Z,5570000,False,-11.0,1.0,1,left,J. Randle driving Layup (30 PTS) (N. Reid 5 AST),"[203944, 1629675]",1610612750.0,MIN,driving,,,Randle,J. Randle,,,,,Restricted Area,0-8 Center,1.11,Made,30.0,,,,N. Reid,1629675.0,5.0,,,,,,,,,,,
565,PT08M52.00S,2026-01-23T02:57:54.9Z,4,REGULAR,2pt,Layup,['pointsinthepaint'],1641824,92.85479632063075,54.166666666666664,1610612741,97,101,2026-01-23T02:58:07Z,5590000,False,21.0,15.0,1,right,MISS M. Buzelis driving Layup - blocked,"[1641824, 1629675]",1610612741.0,CHI,driving,,,Buzelis,M. Buzelis,,,,,Restricted Area,0-8 Center,2.55,Missed,,,,,,,,,,,,,,,,,Reid,1629675.0
566,PT08M52.00S,2026-01-23T02:57:54.9Z,4,REGULAR,block,,[],1629675,,,1610612741,97,101,2026-01-23T02:57:56Z,5600000,False,,,0,,N. Reid BLOCK (2 BLK),[1629675],1610612750.0,MIN,,,,Reid,N. Reid,,,,,Restricted Area,0-8 Center,,,,,,,,,,,,,,,,,,,,
567,PT08M51.00S,2026-01-23T02:57:55.9Z,4,REGULAR,rebound,offensive,['team'],0,,,1610612741,97,101,2026-01-23T02:58:07Z,5610000,False,,,0,,TEAM offensive REBOUND,[],1610612741.0,CHI,,,,,,,,,,Restricted Area,0-8 Center,,,,,,,,,,,,,,,565.0,,,,,
569,PT08M51.00S,2026-01-23T02:58:06.1Z,4,REGULAR,foul,technical,['1freethrow'],1629675,,,1610612741,97,101,2026-01-23T02:58:13Z,5630000,False,,,0,,N. Reid technical FOUL (1 Tech),[1629675],1610612750.0,MIN,,,,Reid,N. Reid,,,,,,,,,,,,,,,,204059.0,2.0,1.0,,,,,,,,
570,PT08M51.00S,2026-01-23T02:58:19.7Z,4,REGULAR,freethrow,1 of 1,[],1630245,,,1610612741,97,101,2026-01-23T02:58:19Z,5640000,False,,,0,,MISS A. Dosunmu technical Free Throw 1 of 1,[1630245],1610612741.0,CHI,technical,,,Dosunmu,A. Dosunmu,,,,,,,,Missed,,,,,,,,,,,,,,,,,,
571,PT08M51.00S,2026-01-23T02:58:19.7Z,4,REGULAR,rebound,offensive,"['deadball', 'team']",0,,,1610612741,97,101,2026-01-23T02:58:19Z,5650000,False,,,0,,TEAM offensive REBOUND,[],1610612741.0,CHI,,,,,,,,,,,,,,,,,,,,,,,,,,570.0,,,,,
572,PT08M48.00S,2026-01-23T02:58:36.2Z,4,REGULAR,3pt,Jump Shot,['2ndchance'],1630188,70.25295663600527,73.77450980392157,1610612741,97,104,2026-01-23T02:58:40Z,5660000,False,119.0,227.0,1,right,J. Smith 25' 3PT  (13 PTS) (T. Jones 6 AST),"[1630188, 1630200]",1610612741.0,CHI,,,,Smith,J. Smith,,,,,Above the Break 3,24+ Right Center,25.63,Made,13.0,,,,T. Jones,1630200.0,6.0,,,,,,,,,,,
574,PT08M38.00S,2026-01-23T02:58:47.5Z,4,REGULAR,2pt,Jump Shot,['pointsinthepaint'],1628978,6.521024967148489,44.6078431372549,1610612750,99,104,2026-01-23T03:03:23Z,5680000,False,27.0,9.0,1,left,D. DiVincenzo pullup bank Jump Shot (11 PTS),[1628978],1610612750.0,MIN,pullup bank,,,DiVincenzo,D. DiVincenzo,,,,,Restricted Area,0-8 Center,2.84,Made,11.0,,,,,,,,,,,,,,,,,
575,PT08M31.00S,2026-01-23T02:58:55.5Z,4,REGULAR,2pt,Layup,['pointsinthepaint'],1630245,92.46057818659659,50.98039215686274,1610612741,99,104,2026-01-23T02:59:05Z,5690000,False,5.0,18.0,1,right,MISS A. Dosunmu driving Layup - blocked,"[1630245, 1629675]",1610612741.0,CHI,driving,,,Dosunmu,A. Dosunmu,,,,,Restricted Area,0-8 Center,1.9,Missed,,,,,,,,,,,,,,,,,Reid,1629675.0
576,PT08M31.00S,2026-01-23T02:58:55.5Z,4,REGULAR,block,,[],1629675,,,1610612741,99,104,2026-01-23T02:58:57Z,5700000,False,,,0,,N. Reid BLOCK (3 BLK),[1629675],1610612750.0,MIN,,,,Reid,N. Reid,,,,,Restricted Area,0-8 Center,,,,,,,,,,,,,,,,,,,,
577,PT08M30.00S,2026-01-23T02:58:56.5Z,4,REGULAR,rebound,offensive,['team'],0,,,1610612741,99,104,2026-01-23T02:59:05Z,5710000,False,,,0,,TEAM offensive REBOUND,[],1610612741.0,CHI,,,,,,,,,,Restricted Area,0-8 Center,,,,,,,,,,,,,,,575.0,,,,,
579,PT08M30.00S,2026-01-23T02:59:04.8Z,4,REGULAR,substitution,out,[],1630538,,,1610612741,99,104,2026-01-23T02:59:11Z,5730000,False,,,0,,SUB out: B. Hyland,[1630538],1610612750.0,MIN,,,,Hyland,B. Hyland,,,,,,,,,,,,,,,,,,,,,,,,,,
580,PT08M30.00S,2026-01-23T02:59:04.8Z,4,REGULAR,substitution,out,[],1641740,,,1610612741,99,104,2026-01-23T02:59:11Z,5740000,False,,,0,,SUB out: J. Clark,[1641740],1610612750.0,MIN,,,,Clark,J. Clark,,,,,,,,,,,,,,,,,,,,,,,,,,
581,PT08M30.00S,2026-01-23T02:59:04.8Z,4,REGULAR,substitution,in,[],1630183,,,1610612741,99,104,2026-01-23T02:59:11Z,5750000,False,,,0,,SUB in: J. McDaniels,[1630183],1610612750.0,MIN,,,,McDaniels,J. McDaniels,,,,,,,,,,,,,,,,,,,,,,,,,,
582,PT08M30.00S,2026-01-23T02:59:04.8Z,4,REGULAR,substitution,in,[],1630162,,,1610612741,99,104,2026-01-23T02:59:11Z,5760000,False,,,0,,SUB in: A. Edwards,[1630162],1610612750.0,MIN,,,,Edwards,A. Edwards,,,,,,,,,,,,,,,,,,,,,,,,,,
583,PT08M24.00S,2026-01-23T02:59:26.3Z,4,REGULAR,3pt,Jump Shot,['2ndchance'],1641824,70.77858081471747,25.98039215686275,1610612741,99,104,2026-01-23T02:59:31Z,5770000,False,-120.0,222.0,1,right,MISS M. Buzelis 25' 3PT,[1641824],1610612741.0,CHI,,,,Buzelis,M. Buzelis,,,,,Above the Break 3,24+ Left Center,25.26,Missed,,,,,,,,,,,,,,,,,,
584,PT08M21.00S,2026-01-23T02:59:29.3Z,4,REGULAR,rebound,defensive,[],1628978,,,1610612750,99,104,2026-01-23T02:59:31Z,5780000,False,,,0,,D. DiVincenzo REBOUND (Off:0 Def:3),[1628978],1610612750.0,MIN,,,,DiVincenzo,D. DiVincenzo,,,,,Above the Break 3,24+ Left Center,,,,,,,,,,,,,,,583.0,3.0,3.0,0.0,,
585,PT08M13.00S,2026-01-23T02:59:38.0Z,4,REGULAR,2pt,Jump Shot,['pointsinthepaint'],1630162,15.900131406044679,35.880055147058826,1610612750,101,104,2026-01-23T02:59:58Z,5790000,False,71.0,97.0,1,left,A. Edwards 12' turnaround fadeaway Jump Shot (18 PTS),[1630162],1610612750.0,MIN,turnaround fadeaway,,,Edwards,A. Edwards,,,,,In The Paint (Non-RA),8-16 Right,12.0,Made,18.0,,,,,,,,,,,,,,,,,
586,PT08M12.00S,2026-01-23T02:59:42.6Z,4,REGULAR,timeout,full,"['team', 'mandatory']",0,,,1610612741,101,104,2026-01-23T02:59:42Z,5800000,False,,,0,,CHI Timeout,[],1610612741.0,CHI,,,,,,,,,,,,,,,,,,,,,,,,,,,,,,,
587,PT08M12.00S,2026-01-23T03:01:42.4Z,4,REGULAR,substitution,out,[],203944,,,1610612741,101,104,2026-01-23T03:02:16Z,5810000,False,,,0,,SUB out: J. Randle,[203944],1610612750.0,MIN,,,,Randle,J. Randle,,,,,,,,,,,,,,,,,,,,,,,,,,
588,PT08M12.00S,2026-01-23T03:01:42.4Z,4,REGULAR,substitution,out,[],1630245,,,1610612741,101,104,2026-01-23T03:02:16Z,5820000,False,,,0,,SUB out: A. Dosunmu,[1630245],1610612741.0,CHI,,,,Dosunmu,A. Dosunmu,,,,,,,,,,,,,,,,,,,,,,,,,,
589,PT08M12.00S,2026-01-23T03:01:42.4Z,4,REGULAR,substitution,out,[],1628989,,,1610612741,101,104,2026-01-23T03:02:16Z,5830000,False,,,0,,SUB out: K. Huerter,[1628989],1610612741.0,CHI,,,,Huerter,K. Huerter,,,,,,,,,,,,,,,,,,,,,,,,,,
590,PT08M12.00S,2026-01-23T03:01:42.4Z,4,REGULAR,substitution,out,[],1630188,,,1610612741,101,104,2026-01-23T03:02:16Z,5840000,False,,,0,,SUB out: J. Smith,[1630188],1610612741.0,CHI,,,,Smith,J. Smith,,,,,,,,,,,,,,,,,,,,,,,,,,
591,PT08M12.00S,2026-01-23T03:01:42.4Z,4,REGULAR,substitution,in,[],203497,,,1610612741,101,104,2026-01-23T03:02:16Z,5850000,False,,,0,,SUB in: R. Gobert,[203497],1610612750.0,MIN,,,,Gobert,R. Gobert,,,,,,,,,,,,,,,,,,,,,,,,,,
592,PT08M12.00S,2026-01-23T03:01:42.4Z,4,REGULAR,substitution,in,[],1629632,,,1610612741,101,104,2026-01-23T03:02:16Z,5860000,False,,,0,,SUB in: C. White,[1629632],1610612741.0,CHI,,,,White,C. White,,,,,,,,,,,,,,,,,,,,,,,,,,
593,PT08M12.00S,2026-01-23T03:01:42.4Z,4,REGULAR,substitution,in,[],202696,,,1610612741,101,104,2026-01-23T03:02:16Z,5870000,False,,,0,,SUB in: N. Vučević,[202696],1610612741.0,CHI,,,,Vučević,N. Vučević,,,,,,,,,,,,,,,,,,,,,,,,,,
594,PT08M12.00S,2026-01-23T03:01:42.4Z,4,REGULAR,substitution,in,[],1630171,,,1610612741,101,104,2026-01-23T03:02:16Z,5880000,False,,,0,,SUB in: I. Okoro,[1630171],1610612741.0,CHI,,,,Okoro,I. Okoro,,,,,,,,,,,,,,,,,,,,,,,,,,
595,PT07M59.00S,2026-01-23T03:02:47.4Z,4,REGULAR,2pt,Jump Shot,['pointsinthepaint'],1641824,90.48948751642575,60.049019607843135,1610612741,101,104,2026-01-23T03:07:24Z,5890000,False,50.0,37.0,1,right,MISS M. Buzelis 6' driving floating bank Shot,[1641824],1610612741.0,CHI,driving floating bank,,,Buzelis,M. Buzelis,,,,,In The Paint (Non-RA),0-8 Center,6.23,Missed,,,,,,,,,,,,,,,,,,
596,PT07M57.00S,2026-01-23T03:02:49.4Z,4,REGULAR,rebound,offensive,[],202696,,,1610612741,101,104,2026-01-23T03:10:25Z,5900000,False,,,0,,N. Vučević REBOUND (Off:1 Def:5),[202696],1610612741.0,CHI,,,,Vučević,N. Vučević,,,,,In The Paint (Non-RA),0-8 Center,,,,,,,,,,,,,,,595.0,6.0,5.0,1.0,,
634,PT07M55.00S,2026-01-23T03:02:53.4Z,4,REGULAR,turnover,bad pass,[],202696,,,1610612741,101,104,2026-01-23T03:10:54Z,5905000,False,,,0,,N. Vučević bad pass TURNOVER (1 TO),"[202696, 1629675]",1610612741.0,CHI,,,,Vučević,N. Vučević,,,,,Restricted Area,0-8 Center,,,,1.0,Reid,1629675.0,,,,,,,,,,,,,,
635,PT07M55.00S,2026-01-23T03:02:53.4Z,4,REGULAR,steal,,[],1629675,,,1610612750,101,104,2026-01-23T03:10:37Z,5907500,False,,,0,,N. Reid STEAL (1 STL),[1629675],1610612750.0,MIN,,,,Reid,N. Reid,,,,,Restricted Area,0-8 Center,,,,,,,,,,,,,,,,,,,,
597,PT07M49.00S,2026-01-23T03:02:59.4Z,4,REGULAR,2pt,DUNK,"['fastbreak', 'pointsinthepaint', 'fromturnover']",203497,5.995400788436268,49.26470588235294,1610612750,103,104,2026-01-23T03:11:04Z,5910000,False,4.0,4.0,1,left,R. Gobert running alley-oop DUNK (7 PTS) (D. DiVincenzo 4 AST),"[203497, 1628978]",1610612750.0,MIN,running alley-oop,,,Gobert,R. Gobert,,,,,Restricted Area,0-8 Center,0.54,Made,7.0,,,,D. DiVincenzo,1628978.0,4.0,,,,,,,,,,,
599,PT07M28.00S,2026-01-23T03:03:18.0Z,4,REGULAR,3pt,Jump Shot,[],1629632,65.78515111695138,54.166666666666664,1610612741,103,104,2026-01-23T03:09:29Z,5930000,False,21.0,269.0,1,right,MISS C. White 26' pullup 3PT,[1629632],1610612741.0,CHI,pullup,,,White,C. White,,,,,Above the Break 3,24+ Center,26.99,Missed,,,,,,,,,,,,,,,,,,
600,PT07M25.00S,2026-01-23T03:03:21.0Z,4,REGULAR,rebound,offensive,[],202696,,,1610612741,103,104,2026-01-23T03:03:25Z,5940000,False,,,0,,N. Vučević REBOUND (Off:2 Def:5),[202696],1610612741.0,CHI,,,,Vučević,N. Vučević,,,,,Above the Break 3,24+ Center,,,,,,,,,,,,,,,599.0,7.0,5.0,2.0,,
601,PT07M24.00S,2026-01-23T03:03:22.1Z,4,REGULAR,3pt,Jump Shot,['2ndchance'],1629632,69.46452036793693,32.59803921568628,1610612741,103,104,2026-01-23T03:03:27Z,5950000,False,-87.0,235.0,1,right,MISS C. White 25' 3PT,[1629632],1610612741.0,CHI,,,,White,C. White,,,,,Above the Break 3,24+ Left Center,25.01,Missed,,,,,,,,,,,,,,,,,,
602,PT07M21.00S,2026-01-23T03:03:25.1Z,4,REGULAR,rebound,defensive,[],1630162,,,1610612750,103,104,2026-01-23T03:03:27Z,5960000,False,,,0,,A. Edwards REBOUND (Off:1 Def:5),[1630162],1610612750.0,MIN,,,,Edwards,A. Edwards,,,,,Above the Break 3,24+ Left Center,,,,,,,,,,,,,,,601.0,6.0,5.0,1.0,,
603,PT07M08.00S,2026-01-23T03:03:38.0Z,4,REGULAR,2pt,Hook,['pointsinthepaint'],1629675,6.964520367936925,58.111213235294116,1610612750,105,104,2026-01-23T03:10:52Z,5970000,False,-41.0,13.0,1,left,N. Reid turnaround bank Hook (18 PTS),[1629675],1610612750.0,MIN,turnaround bank,,,Reid,N. Reid,,,,,Restricted Area,0-8 Center,4.26,Made,18.0,,,,,,,,,,,,,,,,,
604,PT06M46.00S,2026-01-23T03:04:00.5Z,4,REGULAR,2pt,Hook,['pointsinthepaint'],202696,85.41392904073587,49.67447916666667,1610612741,105,104,2026-01-23T03:04:05Z,5980000,False,-2.0,85.0,1,right,MISS N. Vučević 8' turnaround Hook,[202696],1610612741.0,CHI,turnaround,,,Vučević,N. Vučević,,,,,In The Paint (Non-RA),8-16 Center,8.46,Missed,,,,,,,,,,,,,,,,,,
605,PT06M44.00S,2026-01-23T03:04:02.5Z,4,REGULAR,rebound,defensive,[],203497,,,1610612750,105,104,2026-01-23T03:04:05Z,5990000,False,,,0,,R. Gobert REBOUND (Off:2 Def:6),[203497],1610612750.0,MIN,,,,Gobert,R. Gobert,,,,,In The Paint (Non-RA),8-16 Center,,,,,,,,,,,,,,,604.0,8.0,6.0,2.0,,
606,PT06M32.00S,2026-01-23T03:04:15.1Z,4,REGULAR,3pt,Jump Shot,[],1630162,30.699737187910642,66.66666666666666,1610612750,105,104,2026-01-23T03:04:24Z,6000000,False,-83.0,236.0,1,left,MISS A. Edwards 25' 3PT,[1630162],1610612750.0,MIN,,,,Edwards,A. Edwards,,,,,Above the Break 3,24+ Left Center,25.04,Missed,,,,,,,,,,,,,,,,,,
607,PT06M29.00S,2026-01-23T03:04:18.1Z,4,REGULAR,rebound,defensive,['team'],0,,,1610612741,105,104,2026-01-23T03:04:24Z,6010000,False,,,0,,TEAM defensive REBOUND,[],1610612741.0,CHI,,,,,,,,,,Above the Break 3,24+ Left Center,,,,,,,,,,,,,,,606.0,,,,,
609,PT06M29.00S,2026-01-23T03:04:27.0Z,4,REGULAR,timeout,full,"['team', 'mandatory']",0,,,1610612741,105,104,2026-01-23T03:04:27Z,6030000,False,,,0,,CHI Timeout,[],1610612741.0,CHI,,,,,,,,,,,,,,,,,,,,,,,,,,,,,,,
610,PT06M29.00S,2026-01-23T03:06:25.7Z,4,REGULAR,substitution,out,[],1630200,,,1610612741,105,104,2026-01-23T03:06:58Z,6040000,False,,,0,,SUB out: T. Jones,[1630200],1610612741.0,CHI,,,,Jones,T. Jones,,,,,,,,,,,,,,,,,,,,,,,,,,
611,PT06M29.00S,2026-01-23T03:06:25.7Z,4,REGULAR,substitution,in,[],1630581,,,1610612741,105,104,2026-01-23T03:06:58Z,6050000,False,,,0,,SUB in: J. Giddey,[1630581],1610612741.0,CHI,,,,Giddey,J. Giddey,,,,,,,,,,,,,,,,,,,,,,,,,,
612,PT06M06.00S,2026-01-23T03:07:41.4Z,4,REGULAR,3pt,Jump Shot,[],202696,68.01905387647832,60.78431372549019,1610612741,105,104,2026-01-23T03:12:39Z,6060000,False,54.0,248.0,1,right,MISS N. Vučević 25' turnaround fadeaway 3PT,[202696],1610612741.0,CHI,turnaround fadeaway,,,Vučević,N. Vučević,,,,,Above the Break 3,24+ Center,25.39,Missed,,,,,,,,,,,,,,,,,,
613,PT06M04.00S,2026-01-23T03:07:43.4Z,4,REGULAR,rebound,defensive,[],1629675,,,1610612750,105,104,2026-01-23T03:07:54Z,6070000,False,,,0,,N. Reid REBOUND (Off:0 Def:5),[1629675],1610612750.0,MIN,,,,Reid,N. Reid,,,,,Above the Break 3,24+ Center,,,,,,,,,,,,,,,612.0,5.0,5.0,0.0,,
614,PT05M46.00S,2026-01-23T03:07:58.1Z,4,REGULAR,3pt,Jump Shot,[],1628978,6.915243101182654,94.11764705882352,1610612750,105,104,2026-01-23T03:09:02Z,6080000,False,-221.0,13.0,1,left,MISS D. DiVincenzo 3PT,[1628978],1610612750.0,MIN,,,,DiVincenzo,D. DiVincenzo,,,,,Left Corner 3,24+ Left,22.1,Missed,,,,,,,,,,,,,,,,,,
615,PT05M44.00S,2026-01-23T03:08:00.1Z,4,REGULAR,rebound,offensive,[],203497,,,1610612750,105,104,2026-01-23T03:09:02Z,6090000,False,,,0,,R. Gobert REBOUND (Off:3 Def:6),[203497],1610612750.0,MIN,,,,Gobert,R. Gobert,,,,,Left Corner 3,24+ Left,,,,,,,,,,,,,,,614.0,9.0,6.0,3.0,,
616,PT05M43.00S,2026-01-23T03:08:01.6Z,4,REGULAR,2pt,Layup,"['pointsinthepaint', '2ndchance']",203497,6.176084099868594,45.24356617647059,1610612750,107,104,2026-01-23T03:08:58Z,6100000,False,24.0,6.0,1,left,R. Gobert putback Layup (9 PTS),[203497],1610612750.0,MIN,putback,,,Gobert,R. Gobert,,,,,Restricted Area,0-8 Center,2.44,Made,9.0,,,,,,,,,,,,,,,,,
617,PT05M43.00S,2026-01-23T03:08:05.9Z,4,REGULAR,foul,personal,['1freethrow'],202696,,,1610612750,107,104,2026-01-23T03:08:13Z,6110000,False,,,0,,N. Vučević shooting personal FOUL (3 PF) (Gobert 1 FT),"[202696, 203497]",1610612741.0,CHI,shooting,,,Vučević,N. Vučević,,,,,Restricted Area,0-8 Center,,,,,,,,,,203593.0,3.0,0.0,Gobert,203497.0,,,,,,
619,PT05M43.00S,2026-01-23T03:08:16.9Z,4,REGULAR,substitution,out,[],1630171,,,1610612750,107,104,2026-01-23T03:08:24Z,6130000,False,,,0,,SUB out: I. Okoro,[1630171],1610612741.0,CHI,,,,Okoro,I. Okoro,,,,,,,,,,,,,,,,,,,,,,,,,,
620,PT05M43.00S,2026-01-23T03:08:16.9Z,4,REGULAR,substitution,in,[],1630200,,,1610612750,107,104,2026-01-23T03:08:24Z,6140000,False,,,0,,SUB in: T. Jones,[1630200],1610612741.0,CHI,,,,Jones,T. Jones,,,,,,,,,,,,,,,,,,,,,,,,,,
621,PT05M43.00S,2026-01-23T03:08:42.9Z,4,REGULAR,freethrow,1 of 1,['2ndchance'],203497,,,1610612750,108,104,2026-01-23T03:08:42Z,6150000,False,,,0,,R. Gobert Free Throw 1 of 1 (10 PTS),[203497],1610612750.0,MIN,,,,Gobert,R. Gobert,,,,,,,,Made,10.0,,,,,,,,,,,,,,,,,
622,PT05M26.00S,2026-01-23T03:09:02.5Z,4,REGULAR,2pt,Jump Shot,['pointsinthepaint'],202696,80.1084099868594,51.9607843137255,1610612741,108,104,2026-01-23T03:13:44Z,6160000,False,10.0,134.0,1,right,MISS N. Vučević 13' bank Shot,[202696],1610612741.0,CHI,bank,,,Vučević,N. Vučević,,,,,In The Paint (Non-RA),8-16 Center,13.49,Missed,,,,,,,,,,,,,,,,,,
623,PT05M24.00S,2026-01-23T03:09:04.5Z,4,REGULAR,rebound,defensive,[],1629675,,,1610612750,108,104,2026-01-23T03:09:07Z,6170000,False,,,0,,N. Reid REBOUND (Off:0 Def:6),[1629675],1610612750.0,MIN,,,,Reid,N. Reid,,,,,In The Paint (Non-RA),8-16 Center,,,,,,,,,,,,,,,622.0,6.0,6.0,0.0,,
624,PT05M08.00S,2026-01-23T03:09:20.5Z,4,REGULAR,2pt,DUNK,['pointsinthepaint'],1629675,6.1268068331143235,51.225490196078425,1610612750,110,104,2026-01-23T03:14:36Z,6180000,False,-6.0,5.0,1,left,N. Reid driving DUNK (20 PTS) (A. Edwards 3 AST),"[1629675, 1630162]",1610612750.0,MIN,driving,,,Reid,N. Reid,,,,,Restricted Area,0-8 Center,0.8,Made,20.0,,,,A. Edwards,1630162.0,3.0,,,,,,,,,,,
626,PT04M47.00S,2026-01-23T03:09:41.2Z,4,REGULAR,2pt,Layup,['pointsinthepaint'],1629632,90.93298291721419,60.026041666666664,1610612741,110,104,2026-01-23T03:15:23Z,6200000,False,50.0,33.0,1,right,MISS C. White driving finger roll Layup,[1629632],1610612741.0,CHI,driving finger roll,,,White,C. White,,,,,In The Paint (Non-RA),0-8 Center,5.98,Missed,,,,,,,,,,,,,,,,,,
627,PT04M46.00S,2026-01-23T03:09:42.2Z,4,REGULAR,rebound,defensive,[],203497,,,1610612750,110,104,2026-01-23T03:09:46Z,6210000,False,,,0,,R. Gobert REBOUND (Off:3 Def:7),[203497],1610612750.0,MIN,,,,Gobert,R. Gobert,,,,,In The Paint (Non-RA),0-8 Center,,,,,,,,,,,,,,,626.0,10.0,7.0,3.0,,
628,PT04M36.00S,2026-01-23T03:09:52.4Z,4,REGULAR,3pt,Jump Shot,[],1628978,9.674770039421814,4.411764705882353,1610612750,110,104,2026-01-23T03:09:57Z,6220000,False,228.0,38.0,1,left,MISS D. DiVincenzo 3PT,[1628978],1610612750.0,MIN,,,,DiVincenzo,D. DiVincenzo,,,,,Right Corner 3,24+ Right,23.11,Missed,,,,,,,,,,,,,,,,,,
629,PT04M33.00S,2026-01-23T03:09:55.4Z,4,REGULAR,rebound,defensive,[],1629632,,,1610612741,110,104,2026-01-23T03:09:57Z,6230000,False,,,0,,C. White REBOUND (Off:0 Def:2),[1629632],1610612741.0,CHI,,,,White,C. White,,,,,Right Corner 3,24+ Right,,,,,,,,,,,,,,,628.0,2.0,2.0,0.0,,
630,PT04M27.00S,2026-01-23T03:10:03.8Z,4,REGULAR,foul,personal,[],1629675,,,1610612741,110,104,2026-01-23T03:10:17Z,6240000,False,,,0,,N. Reid personal FOUL (3 PF),"[1629675, 1641824]",1610612750.0,MIN,,,,Reid,N. Reid,,,,,Restricted Area,0-8 Center,,,,,,,,,,204059.0,3.0,1.0,Buzelis,1641824.0,,,,,,
632,PT04M18.00S,2026-01-23T03:10:34.0Z,4,REGULAR,turnover,bad pass,[],1630581,,,1610612741,110,104,2026-01-23T03:10:41Z,6260000,False,,,0,,J. Giddey bad pass TURNOVER (2 TO),"[1630581, 1629675]",1610612741.0,CHI,,,,Giddey,J. Giddey,,,,,Mid-Range,16-24 Left Center,,,,2.0,Reid,1629675.0,,,,,,,,,,,,,,
633,PT04M18.00S,2026-01-23T03:10:34.0Z,4,REGULAR,steal,,[],1629675,,,1610612750,110,104,2026-01-23T03:10:35Z,6270000,False,,,0,,N. Reid STEAL (2 STL),[1629675],1610612750.0,MIN,,,,Reid,N. Reid,,,,,Mid-Range,16-24 Left Center,,,,,,,,,,,,,,,,,,,,
636,PT04M13.00S,2026-01-23T03:10:39.9Z,4,REGULAR,turnover,bad pass,[],1629675,,,1610612750,110,104,2026-01-23T03:10:44Z,6280000,False,,,0,,N. Reid bad pass TURNOVER (3 TO),"[1629675, 1630581]",1610612750.0,MIN,,,,Reid,N. Reid,,,,,In The Paint (Non-RA),0-8 Center,,,,3.0,Giddey,1630581.0,,,,,,,,,,,,,,
637,PT04M13.00S,2026-01-23T03:10:39.9Z,4,REGULAR,steal,,[],1630581,,,1610612741,110,104,2026-01-23T03:10:41Z,6290000,False,,,0,,J. Giddey STEAL (2 STL),[1630581],1610612741.0,CHI,,,,Giddey,J. Giddey,,,,,In The Paint (Non-RA),0-8 Center,,,,,,,,,,,,,,,,,,,,
638,PT04M10.00S,2026-01-23T03:10:45.2Z,4,REGULAR,foul,personal,['2freethrow'],1629675,,,1610612741,110,104,2026-01-23T03:10:50Z,6300000,False,,,0,,N. Reid shooting personal FOUL (4 PF) (Giddey 2 FT),"[1629675, 1630581]",1610612750.0,MIN,shooting,,,Reid,N. Reid,,,,,In The Paint (Non-RA),8-16 Center,,,,,,,,,,204059.0,4.0,1.0,Giddey,1630581.0,,,,,,
640,PT04M10.00S,2026-01-23T03:11:20.2Z,4,REGULAR,freethrow,1 of 2,"['fromturnover', 'fastbreak']",1630581,,,1610612741,110,104,2026-01-23T03:17:27Z,6320000,False,,,0,,MISS J. Giddey Free Throw 1 of 2,[1630581],1610612741.0,CHI,,,,Giddey,J. Giddey,,,,,,,,Missed,,,,,,,,,,,,,,,,,,
641,PT04M10.00S,2026-01-23T03:11:20.2Z,4,REGULAR,rebound,offensive,"['team', 'deadball']",0,,,1610612741,110,104,2026-01-23T03:17:27Z,6330000,False,,,0,,TEAM offensive REBOUND,[],1610612741.0,CHI,,,,,,,,,,,,,,,,,,,,,,,,,,640.0,,,,,
642,PT04M10.00S,2026-01-23T03:11:30.4Z,4,REGULAR,substitution,out,[],202696,,,1610612741,110,104,2026-01-23T03:11:42Z,6340000,False,,,0,,SUB out: N. Vučević,[202696],1610612741.0,CHI,,,,Vučević,N. Vučević,,,,,,,,,,,,,,,,,,,,,,,,,,
643,PT04M10.00S,2026-01-23T03:11:30.4Z,4,REGULAR,substitution,in,[],1630188,,,1610612741,110,104,2026-01-23T03:11:42Z,6350000,False,,,0,,SUB in: J. Smith,[1630188],1610612741.0,CHI,,,,Smith,J. Smith,,,,,,,,,,,,,,,,,,,,,,,,,,
644,PT04M10.00S,2026-01-23T03:11:20.2Z,4,REGULAR,freethrow,2 of 2,"['fromturnover', 'fastbreak']",1630581,,,1610612741,110,105,2026-01-23T03:17:27Z,6360000,False,,,0,,J. Giddey Free Throw 2 of 2 (21 PTS),[1630581],1610612741.0,CHI,,,,Giddey,J. Giddey,,,,,,,,Made,21.0,,,,,,,,,,,,,,,,,
645,PT04M10.00S,2026-01-23T03:11:58.7Z,4,REGULAR,timeout,full,['team'],0,,,1610612750,110,105,2026-01-23T03:11:58Z,6370000,False,,,0,,MIN Timeout,[],1610612750.0,MIN,,,,,,,,,,,,,,,,,,,,,,,,,,,,,,,
646,PT04M10.00S,2026-01-23T03:12:54.1Z,4,REGULAR,substitution,out,[],1629675,,,1610612750,110,105,2026-01-23T03:13:33Z,6380000,False,,,0,,SUB out: N. Reid,[1629675],1610612750.0,MIN,,,,Reid,N. Reid,,,,,,,,,,,,,,,,,,,,,,,,,,
647,PT04M10.00S,2026-01-23T03:12:54.1Z,4,REGULAR,substitution,in,[],203944,,,1610612750,110,105,2026-01-23T03:13:33Z,6390000,False,,,0,,SUB in: J. Randle,[203944],1610612750.0,MIN,,,,Randle,J. Randle,,,,,,,,,,,,,,,,,,,,,,,,,,
648,PT03M56.00S,2026-01-23T03:13:48.4Z,4,REGULAR,2pt,Jump Shot,['pointsinthepaint'],1630162,14.536793692509855,50.73529411764706,1610612750,110,105,2026-01-23T03:18:25Z,6400000,False,-4.0,84.0,1,left,MISS A. Edwards 8' driving floating Shot,[1630162],1610612750.0,MIN,driving floating,,,Edwards,A. Edwards,,,,,In The Paint (Non-RA),8-16 Center,8.42,Missed,,,,,,,,,,,,,,,,,,
649,PT03M53.00S,2026-01-23T03:13:51.4Z,4,REGULAR,rebound,defensive,[],1630200,,,1610612741,110,105,2026-01-23T03:13:52Z,6410000,False,,,0,,T. Jones REBOUND (Off:0 Def:3),[1630200],1610612741.0,CHI,,,,Jones,T. Jones,,,,,In The Paint (Non-RA),8-16 Center,,,,,,,,,,,,,,,648.0,3.0,3.0,0.0,,
650,PT03M39.00S,2026-01-23T03:14:05.5Z,4,REGULAR,2pt,Layup,['pointsinthepaint'],1629632,91.80354796320631,52.20588235294118,1610612741,110,107,2026-01-23T03:14:23Z,6420000,False,11.0,25.0,1,right,C. White driving Layup (17 PTS) (T. Jones 7 AST),"[1629632, 1630200]",1610612741.0,CHI,driving,,,White,C. White,,,,,Restricted Area,0-8 Center,2.69,Made,17.0,,,,T. Jones,1630200.0,7.0,,,,,,,,,,,
652,PT03M38.00S,2026-01-23T03:14:10.6Z,4,REGULAR,timeout,full,['team'],0,,,1610612750,110,107,2026-01-23T03:14:10Z,6440000,False,,,0,,MIN Timeout,[],1610612750.0,MIN,,,,,,,,,,,,,,,,,,,,,,,,,,,,,,,
653,PT03M38.00S,2026-01-23T03:15:21.4Z,4,REGULAR,substitution,out,[],1641824,,,1610612750,110,107,2026-01-23T03:15:32Z,6450000,False,,,0,,SUB out: M. Buzelis,[1641824],1610612741.0,CHI,,,,Buzelis,M. Buzelis,,,,,,,,,,,,,,,,,,,,,,,,,,
654,PT03M38.00S,2026-01-23T03:15:21.4Z,4,REGULAR,substitution,in,[],202696,,,1610612750,110,107,2026-01-23T03:15:32Z,6460000,False,,,0,,SUB in: N. Vučević,[202696],1610612741.0,CHI,,,,Vučević,N. Vučević,,,,,,,,,,,,,,,,,,,,,,,,,,
655,PT03M21.00S,2026-01-23T03:15:49.7Z,4,REGULAR,2pt,Jump Shot,['pointsinthepaint'],203944,8.754927726675426,60.049019607843135,1610612750,110,107,2026-01-23T03:15:55Z,6470000,False,-50.0,30.0,1,left,MISS J. Randle driving floating Shot,[203944],1610612750.0,MIN,driving floating,,,Randle,J. Randle,,,,,In The Paint (Non-RA),0-8 Center,5.84,Missed,,,,,,,,,,,,,,,,,,
656,PT03M18.00S,2026-01-23T03:15:52.7Z,4,REGULAR,rebound,defensive,[],202696,,,1610612741,110,107,2026-01-23T03:15:55Z,6480000,False,,,0,,N. Vučević REBOUND (Off:2 Def:6),[202696],1610612741.0,CHI,,,,Vučević,N. Vučević,,,,,In The Paint (Non-RA),0-8 Center,,,,,,,,,,,,,,,655.0,8.0,6.0,2.0,,
657,PT03M00.00S,2026-01-23T03:16:09.8Z,4,REGULAR,2pt,Hook,['pointsinthepaint'],202696,90.48948751642575,58.82352941176471,1610612741,110,107,2026-01-23T03:16:13Z,6490000,False,44.0,37.0,1,right,MISS N. Vučević turnaround Hook,[202696],1610612741.0,CHI,turnaround,,,Vučević,N. Vučević,,,,,In The Paint (Non-RA),0-8 Center,5.75,Missed,,,,,,,,,,,,,,,,,,
658,PT02M58.00S,2026-01-23T03:16:11.8Z,4,REGULAR,rebound,defensive,[],203497,,,1610612750,110,107,2026-01-23T03:16:13Z,6500000,False,,,0,,R. Gobert REBOUND (Off:3 Def:8),[203497],1610612750.0,MIN,,,,Gobert,R. Gobert,,,,,In The Paint (Non-RA),0-8 Center,,,,,,,,,,,,,,,657.0,11.0,8.0,3.0,,
659,PT02M48.00S,2026-01-23T03:16:22.5Z,4,REGULAR,3pt,Jump Shot,[],1630162,31.09395532194481,26.96078431372549,1610612750,110,107,2026-01-23T03:16:27Z,6510000,False,115.0,240.0,1,left,MISS A. Edwards 26' pullup 3PT,[1630162],1610612750.0,MIN,pullup,,,Edwards,A. Edwards,,,,,Above the Break 3,24+ Right Center,26.6,Missed,,,,,,,,,,,,,,,,,,
660,PT02M46.00S,2026-01-23T03:16:24.5Z,4,REGULAR,rebound,defensive,[],1630581,,,1610612741,110,107,2026-01-23T03:16:27Z,6520000,False,,,0,,J. Giddey REBOUND (Off:0 Def:5),[1630581],1610612741.0,CHI,,,,Giddey,J. Giddey,,,,,Above the Break 3,24+ Right Center,,,,,,,,,,,,,,,659.0,5.0,5.0,0.0,,
661,PT02M31.00S,2026-01-23T03:16:39.2Z,4,REGULAR,2pt,Layup,['pointsinthepaint'],1630200,92.59198423127464,53.67647058823529,1610612741,110,109,2026-01-23T03:16:43Z,6530000,False,18.0,17.0,1,right,T. Jones driving Layup (10 PTS),[1630200],1610612741.0,CHI,driving,,,Jones,T. Jones,,,,,Restricted Area,0-8 Center,2.51,Made,10.0,,,,,,,,,,,,,,,,,
662,PT02M17.00S,2026-01-23T03:16:58.4Z,4,REGULAR,foul,offensive,[],203944,,,1610612750,110,109,2026-01-23T03:17:44Z,6540000,False,,,0,,J. Randle charge offensive FOUL (4 PF),"[203944, 1629632]",1610612750.0,MIN,charge,,,Randle,J. Randle,,,,,In The Paint (Non-RA),0-8 Center,,,,,,,,,,204059.0,4.0,0.0,White,1629632.0,,,,,,
664,PT02M17.00S,2026-01-23T03:16:58.4Z,4,REGULAR,turnover,offensive foul,[],203944,,,1610612750,110,109,2026-01-23T03:16:58Z,6560000,False,,,0,,J. Randle offensive foul TURNOVER (4 TO),[203944],1610612750.0,MIN,,,,Randle,J. Randle,,,,,In The Paint (Non-RA),0-8 Center,,,,4.0,,,,,,204059.0,,,,,,,,,,
665,PT02M17.00S,2026-01-23T03:17:11.8Z,4,REGULAR,timeout,full,['team'],0,,,1610612741,110,109,2026-01-23T03:17:11Z,6570000,False,,,0,,MIN Timeout,[],1610612750.0,MIN,,,,,,,,,,,,,,,,,,,,,,,,,,,,,,,
667,PT02M08.00S,2026-01-23T03:19:01.9Z,4,REGULAR,turnover,traveling,[],1629632,,,1610612741,110,109,2026-01-23T03:19:08Z,6590000,False,,,0,,C. White traveling TURNOVER (4 TO),[1629632],1610612741.0,CHI,,,,White,C. White,,,,,In The Paint (Non-RA),8-16 Left,,,,4.0,,,,,,203593.0,,,,,,,,,,
668,PT01M49.00S,2026-01-23T03:19:28.7Z,4,REGULAR,2pt,Jump Shot,"['pointsinthepaint', 'fromturnover']",1630162,12.302890932982917,51.9607843137255,1610612750,112,109,2026-01-23T03:21:42Z,6600000,False,-10.0,63.0,1,left,A. Edwards 6' driving floating Jump Shot (20 PTS) (J. Randle 5 AST),"[1630162, 203944]",1610612750.0,MIN,driving floating,,,Edwards,A. Edwards,,,,,In The Paint (Non-RA),0-8 Center,6.39,Made,20.0,,,,J. Randle,203944.0,5.0,,,,,,,,,,,
670,PT01M37.00S,2026-01-23T03:19:43.9Z,4,REGULAR,2pt,DUNK,['pointsinthepaint'],1630188,92.77266754270697,50.899969362745104,1610612741,112,111,2026-01-23T03:19:49Z,6620000,False,4.0,15.0,1,right,J. Smith cutting DUNK (15 PTS) (J. Giddey 4 AST),"[1630188, 1630581]",1610612741.0,CHI,cutting,,,Smith,J. Smith,,,,,Restricted Area,0-8 Center,1.6,Made,15.0,,,,J. Giddey,1630581.0,4.0,,,,,,,,,,,
672,PT01M17.00S,2026-01-23T03:20:10.3Z,4,REGULAR,3pt,Jump Shot,[],1630183,12.302890932982917,3.9215686274509802,1610612750,115,111,2026-01-23T03:20:14Z,6640000,False,230.0,63.0,1,left,J. McDaniels 3PT step back (16 PTS) (J. Randle 6 AST),"[1630183, 203944]",1610612750.0,MIN,step back,,,McDaniels,J. McDaniels,,,,,Right Corner 3,24+ Right,23.89,Made,16.0,,,,J. Randle,203944.0,6.0,,,,,,,,,,,
674,PT01M06.00S,2026-01-23T03:20:24.2Z,4,REGULAR,3pt,Jump Shot,[],1629632,90.67017082785807,96.1014093137255,1610612741,115,114,2026-01-23T03:20:29Z,6660000,False,231.0,35.0,1,right,C. White 3PT  (20 PTS) (J. Giddey 5 AST),"[1629632, 1630581]",1610612741.0,CHI,,,,White,C. White,,,,,Right Corner 3,24+ Right,23.32,Made,20.0,,,,J. Giddey,1630581.0,5.0,,,,,,,,,,,
676,PT00M50.10S,2026-01-23T03:20:45.5Z,4,REGULAR,turnover,bad pass,[],203944,,,1610612750,115,114,2026-01-23T03:20:50Z,6680000,False,,,0,,J. Randle bad pass TURNOVER (5 TO),"[203944, 1630200]",1610612750.0,MIN,,,,Randle,J. Randle,,,,,Above the Break 3,24+ Left Center,,,,5.0,Jones,1630200.0,,,,,,,,,,,,,,
677,PT00M50.10S,2026-01-23T03:20:45.5Z,4,REGULAR,steal,,[],1630200,,,1610612741,115,114,2026-01-23T03:20:48Z,6690000,False,,,0,,T. Jones STEAL (1 STL),[1630200],1610612741.0,CHI,,,,Jones,T. Jones,,,,,Above the Break 3,24+ Left Center,,,,,,,,,,,,,,,,,,,,
678,PT00M45.30S,2026-01-23T03:20:50.3Z,4,REGULAR,3pt,Jump Shot,"['fromturnover', 'fastbreak']",1630188,82.86793692509855,5.392156862745098,1610612741,115,114,2026-01-23T03:20:55Z,6700000,False,-223.0,109.0,1,right,MISS J. Smith 24' running 3PT,[1630188],1610612741.0,CHI,running,,,Smith,J. Smith,,,,,Above the Break 3,24+ Left Center,24.8,Missed,,,,,,,,,,,,,,,,,,
679,PT00M41.70S,2026-01-23T03:20:53.9Z,4,REGULAR,rebound,offensive,[],1629632,,,1610612741,115,114,2026-01-23T03:24:34Z,6710000,False,,,0,,C. White REBOUND (Off:1 Def:2),[1629632],1610612741.0,CHI,,,,White,C. White,,,,,Above the Break 3,24+ Left Center,,,,,,,,,,,,,,,678.0,3.0,2.0,1.0,,
680,PT00M40.80S,2026-01-23T03:20:54.8Z,4,REGULAR,2pt,Layup,"['pointsinthepaint', 'fromturnover', '2ndchance']",1630581,91.93495400788436,46.81372549019608,1610612741,115,114,2026-01-23T03:24:40Z,6720000,False,-16.0,23.0,1,right,MISS J. Giddey Layup - blocked,"[1630581, 203497]",1610612741.0,CHI,,,,Giddey,J. Giddey,,,,,Restricted Area,0-8 Center,2.82,Missed,,,,,,,,,,,,,,,,,Gobert,203497.0
681,PT00M40.80S,2026-01-23T03:20:54.8Z,4,REGULAR,block,,[],203497,,,1610612741,115,114,2026-01-23T03:20:56Z,6730000,False,,,0,,R. Gobert BLOCK (2 BLK),[203497],1610612750.0,MIN,,,,Gobert,R. Gobert,,,,,Restricted Area,0-8 Center,,,,,,,,,,,,,,,,,,,,
682,PT00M38.60S,2026-01-23T03:20:57.0Z,4,REGULAR,rebound,defensive,[],203944,,,1610612750,115,114,2026-01-23T03:20:58Z,6740000,False,,,0,,J. Randle REBOUND (Off:2 Def:5),[203944],1610612750.0,MIN,,,,Randle,J. Randle,,,,,Restricted Area,0-8 Center,,,,,,,,,,,,,,,680.0,7.0,5.0,2.0,,
683,PT00M34.70S,2026-01-23T03:21:04.0Z,4,REGULAR,turnover,out-of-bounds,[],1630183,,,1610612750,115,114,2026-01-23T03:21:10Z,6750000,False,,,0,,J. McDaniels lost ball out-of-bounds TURNOVER (2 TO),[1630183],1610612750.0,MIN,lost ball,,,McDaniels,J. McDaniels,,,,,Above the Break 3,24+ Right Center,,,,2.0,,,,,,203593.0,,,,,,,,,,
684,PT00M34.70S,2026-01-23T03:21:08.9Z,4,REGULAR,timeout,full,['team'],0,,,1610612741,115,114,2026-01-23T03:21:08Z,6760000,False,,,0,,CHI Timeout,[],1610612741.0,CHI,,,,,,,,,,,,,,,,,,,,,,,,,,,,,,,
685,PT00M31.10S,2026-01-23T03:22:43.5Z,4,REGULAR,2pt,Layup,"['pointsinthepaint', 'fromturnover']",1630200,92.72339027595268,50.49019607843137,1610612741,115,116,2026-01-23T03:22:49Z,6770000,False,2.0,16.0,1,right,T. Jones driving Layup (12 PTS) (C. White 4 AST),"[1630200, 1629632]",1610612741.0,CHI,driving,,,Jones,T. Jones,,,,,Restricted Area,0-8 Center,1.61,Made,12.0,,,,C. White,1629632.0,4.0,,,,,,,,,,,
687,PT00M19.20S,2026-01-23T03:23:02.5Z,4,REGULAR,3pt,Jump Shot,[],1630162,31.750985545335087,54.65686274509803,1610612750,115,116,2026-01-23T03:23:07Z,6790000,False,-23.0,246.0,1,left,MISS A. Edwards 24' pullup 3PT,[1630162],1610612750.0,MIN,pullup,,,Edwards,A. Edwards,,,,,Above the Break 3,24+ Center,24.71,Missed,,,,,,,,,,,,,,,,,,
688,PT00M15.60S,2026-01-23T03:23:06.0Z,4,REGULAR,rebound,defensive,[],1630581,,,1610612741,115,116,2026-01-23T03:23:06Z,6800000,False,,,0,,J. Giddey REBOUND (Off:0 Def:6),[1630581],1610612741.0,CHI,,,,Giddey,J. Giddey,,,,,Above the Break 3,24+ Center,,,,,,,,,,,,,,,687.0,6.0,6.0,0.0,,
689,PT00M12.90S,2026-01-23T03:23:10.7Z,4,REGULAR,foul,personal,[],1630162,,,1610612741,115,116,2026-01-23T03:24:01Z,6810000,False,,,0,,A. Edwards take personal FOUL (5 PF),"[1630162, 1629632]",1610612750.0,MIN,take,,,Edwards,A. Edwards,,,,,Above the Break 3,24+ Center,,,,,,,,,,203593.0,5.0,0.0,White,1629632.0,,,,,,
691,PT00M11.00S,2026-01-23T03:23:36.1Z,4,REGULAR,foul,personal,"['inpenalty', '2freethrow']",203944,,,1610612741,115,116,2026-01-23T03:23:47Z,6830000,False,,,0,,J. Randle take personal FOUL (5 PF) (Smith 2 FT),"[203944, 1630188]",1610612750.0,MIN,take,,,Randle,J. Randle,,,,,Above the Break 3,24+ Left Center,,,,,,,,,,204059.0,5.0,0.0,Smith,1630188.0,,,,,,
693,PT00M11.00S,2026-01-23T03:24:14.9Z,4,REGULAR,freethrow,1 of 2,[],1630188,,,1610612741,115,117,2026-01-23T03:24:14Z,6850000,False,,,0,,J. Smith Free Throw 1 of 2 (16 PTS),[1630188],1610612741.0,CHI,,,,Smith,J. Smith,,,,,,,,Made,16.0,,,,,,,,,,,,,,,,,
694,PT00M11.00S,2026-01-23T03:24:15.6Z,4,REGULAR,substitution,out,[],1630581,,,1610612741,115,117,2026-01-23T03:24:20Z,6860000,False,,,0,,SUB out: J. Giddey,[1630581],1610612741.0,CHI,,,,Giddey,J. Giddey,,,,,,,,,,,,,,,,,,,,,,,,,,
695,PT00M11.00S,2026-01-23T03:24:15.6Z,4,REGULAR,substitution,in,[],1630171,,,1610612741,115,117,2026-01-23T03:24:20Z,6870000,False,,,0,,SUB in: I. Okoro,[1630171],1610612741.0,CHI,,,,Okoro,I. Okoro,,,,,,,,,,,,,,,,,,,,,,,,,,
696,PT00M11.00S,2026-01-23T03:24:40.7Z,4,REGULAR,freethrow,2 of 2,[],1630188,,,1610612741,115,118,2026-01-23T03:24:40Z,6880000,False,,,0,,J. Smith Free Throw 2 of 2 (17 PTS),[1630188],1610612741.0,CHI,,,,Smith,J. Smith,,,,,,,,Made,17.0,,,,,,,,,,,,,,,,,
697,PT00M11.00S,2026-01-23T03:24:43.2Z,4,REGULAR,timeout,full,['team'],0,,,1610612750,115,118,2026-01-23T03:24:43Z,6890000,False,,,0,,MIN Timeout,[],1610612750.0,MIN,,,,,,,,,,,,,,,,,,,,,,,,,,,,,,,
698,PT00M11.00S,2026-01-23T03:25:54.7Z,4,REGULAR,substitution,out,[],203497,,,1610612750,115,118,2026-01-23T03:26:19Z,6900000,False,,,0,,SUB out: R. Gobert,[203497],1610612750.0,MIN,,,,Gobert,R. Gobert,,,,,,,,,,,,,,,,,,,,,,,,,,
699,PT00M11.00S,2026-01-23T03:25:54.7Z,4,REGULAR,substitution,out,[],202696,,,1610612750,115,118,2026-01-23T03:26:19Z,6910000,False,,,0,,SUB out: N. Vučević,[202696],1610612741.0,CHI,,,,Vučević,N. Vučević,,,,,,,,,,,,,,,,,,,,,,,,,,
700,PT00M11.00S,2026-01-23T03:25:54.7Z,4,REGULAR,substitution,in,[],1629675,,,1610612750,115,118,2026-01-23T03:26:19Z,6920000,False,,,0,,SUB in: N. Reid,[1629675],1610612750.0,MIN,,,,Reid,N. Reid,,,,,,,,,,,,,,,,,,,,,,,,,,
701,PT00M11.00S,2026-01-23T03:25:54.7Z,4,REGULAR,substitution,in,[],1630172,,,1610612750,115,118,2026-01-23T03:26:19Z,6930000,False,,,0,,SUB in: P. Williams,[1630172],1610612741.0,CHI,,,,Williams,P. Williams,,,,,,,,,,,,,,,,,,,,,,,,,,
702,PT00M09.20S,2026-01-23T03:26:24.8Z,4,REGULAR,3pt,Jump Shot,[],1630162,7.046649145860711,95.83333333333334,1610612750,115,118,2026-01-23T03:26:32Z,6940000,False,-229.0,14.0,1,left,MISS A. Edwards turnaround 3PT,[1630162],1610612750.0,MIN,turnaround,,,Edwards,A. Edwards,,,,,Left Corner 3,24+ Left,22.96,Missed,,,,,,,,,,,,,,,,,,
703,PT00M04.90S,2026-01-23T03:26:29.1Z,4,REGULAR,rebound,defensive,[],1629632,,,1610612741,115,118,2026-01-23T03:26:29Z,6950000,False,,,0,,C. White REBOUND (Off:1 Def:3),[1629632],1610612741.0,CHI,,,,White,C. White,,,,,Left Corner 3,24+ Left,,,,,,,,,,,,,,,702.0,4.0,3.0,1.0,,
704,PT00M03.50S,2026-01-23T03:26:33.0Z,4,REGULAR,foul,personal,"['inpenalty', '2freethrow']",203944,,,1610612741,115,118,2026-01-23T03:26:41Z,6960000,False,,,0,,J. Randle take personal FOUL (6 PF) (White 2 FT),"[203944, 1629632]",1610612750.0,MIN,take,,,Randle,J. Randle,,,,,Above the Break 3,24+ Left Center,,,,,,,,,,204059.0,6.0,0.0,White,1629632.0,,,,,,
706,PT00M03.50S,2026-01-23T03:26:46.4Z,4,REGULAR,substitution,out,[],203944,,,1610612741,115,118,2026-01-23T03:27:03Z,6980000,False,,,0,,SUB out: J. Randle,[203944],1610612750.0,MIN,,,,Randle,J. Randle,,,,,,,,,,,,,,,,,,,,,,,,,,
707,PT00M03.50S,2026-01-23T03:26:46.4Z,4,REGULAR,substitution,in,[],1630538,,,1610612741,115,118,2026-01-23T03:27:03Z,6990000,False,,,0,,SUB in: B. Hyland,[1630538],1610612750.0,MIN,,,,Hyland,B. Hyland,,,,,,,,,,,,,,,,,,,,,,,,,,
708,PT00M03.50S,2026-01-23T03:27:12.7Z,4,REGULAR,freethrow,1 of 2,[],1629632,,,1610612741,115,119,2026-01-23T03:27:12Z,7000000,False,,,0,,C. White Free Throw 1 of 2 (21 PTS),[1629632],1610612741.0,CHI,,,,White,C. White,,,,,,,,Made,21.0,,,,,,,,,,,,,,,,,
709,PT00M03.50S,2026-01-23T03:27:26.3Z,4,REGULAR,freethrow,2 of 2,[],1629632,,,1610612741,115,120,2026-01-23T03:27:26Z,7010000,False,,,0,,C. White Free Throw 2 of 2 (22 PTS),[1629632],1610612741.0,CHI,,,,White,C. White,,,,,,,,Made,22.0,,,,,,,,,,,,,,,,,
710,PT00M00.80S,2026-01-23T03:27:37.0Z,4,REGULAR,3pt,Jump Shot,[],1630162,31.882391590013142,65.93137254901961,1610612750,115,120,2026-01-23T03:27:44Z,7020000,False,-80.0,247.0,1,left,MISS A. Edwards 25' pullup 3PT,[1630162],1610612750.0,MIN,pullup,,,Edwards,A. Edwards,,,,,Above the Break 3,24+ Center,25.97,Missed,,,,,,,,,,,,,,,,,,
711,PT00M00.80S,2026-01-23T03:27:37.0Z,4,REGULAR,rebound,offensive,['team'],0,,,1610612750,115,120,2026-01-23T03:27:44Z,7030000,False,,,0,,TEAM offensive REBOUND,[],1610612750.0,MIN,,,,,,,,,,Above the Break 3,24+ Center,,,,,,,,,,,,,,,710.0,,,,,
712,PT00M00.00S,2026-01-23T03:27:42.2Z,4,REGULAR,period,end,[],0,,,1610612750,115,120,2026-01-23T03:27:42Z,7040000,False,,,0,,Period End,[],,,,,,,,,,,,,,,,,,,,,,,,,,,,,,,,,
713,PT00M00.00S,2026-01-23T03:27:43.6Z,4,REGULAR,game,end,[],0,,,0,115,120,2026-01-23T03:27:43Z,7050000,False,,,0,,Game End,[],,,,,,,,,,,,,,,,,,,,,,,,,,,,,,,,,
