actionNumber,clock,timeActual,period,periodType,actionType,subType,qualifiers,personId,x,y,possession,scoreHome,scoreAway,edited,orderNumber,isTargetScoreLastPeriod,xLegacy,yLegacy,isFieldGoal,side,description,personIdsFilter,teamId,teamTricode,descriptor,jumpBallRecoveredName,jumpBallRecoverdPersonId,playerName,playerNameI,jumpBallWonPlayerName,jumpBallWonPersonId,jumpBallLostPlayerName,jumpBallLostPersonId,area,areaDetail,shotDistance,shotResult,pointsTotal,assistPlayerNameInitial,assistPersonId,assistTotal,shotActionNumber,reboundTotal,reboundDefensiveTotal,reboundOffensiveTotal,turnoverTotal,stealPlayerName,stealPersonId,blockPlayerName,blockPersonId,officialId,foulPersonalTotal,foulTechnicalTotal,foulDrawnPlayerName,foulDrawnPersonId
2,PT12M00.00S,2026-01-22T00:41:01.1Z,1,REGULAR,period,start,[],0,,,0,0,0,2026-01-22T00:41:01Z,20000,False,,,0,,Period Start,[],,,,,,,,,,,,,,,,,,,,,,,,,,,,,,,,,
4,PT11M57.00S,2026-01-22T00:41:02.8Z,1,REGULAR,jumpball,recovered,[],1630573,,,1610612738,0,0,2026-01-22T00:41:02Z,40000,False,,,0,,Jump Ball N. Queta vs. J. Huff: Tip to S. Hauser,"[1630573, 1629674, 1630643]",1610612738.0,BOS,startperiod,S. Hauser,1630573.0,Hauser,S. Hauser,Queta,1629674.0,Huff,1630643.0,,,,,,,,,,,,,,,,,,,,,,
7,PT11M44.00S,2026-01-22T00:41:15.8Z,1,REGULAR,3pt,Jump Shot,[],1630573,24.129434954007884,84.55882352941177,1610612738,3,0,2026-01-22T00:41:21Z,70000,False,-173.0,174.0,1,left,S. Hauser 24' 3PT  (3 PTS) (D. White 1 AST),"[1630573, 1628401]",1610612738.0,BOS,,,,Hauser,S. Hauser,,,,,Above the Break 3,24+ Left Center,24.54,Made,3.0,D. White,1628401.0,1.0,,,,,,,,,,,,,,
9,PT11M21.00S,2026-01-22T00:41:38.7Z,1,REGULAR,3pt,Jump Shot,[],1629614,72.35545335085413,78.67647058823529,1610612754,3,0,2026-01-22T00:41:43Z,90000,False,143.0,207.0,1,right,MISS A. Nembhard 25' step back 3PT,[1629614],1610612754.0,IND,step back,,,Nembhard,A. Nembhard,,,,,Above the Break 3,24+ Right Center,25.21,Missed,,,,,,,,,,,,,,,,,,
10,PT11M19.00S,2026-01-22T00:41:40.7Z,1,REGULAR,rebound,defensive,[],1628401,,,1610612738,3,0,2026-01-22T00:41:43Z,100000,False,,,0,,D. White REBOUND (Off:0 Def:1),[1628401],1610612738.0,BOS,,,,White,D. White,,,,,Above the Break 3,24+ Right Center,,,,,,,9.0,1.0,1.0,0.0,,,,,,,,,,
11,PT11M11.00S,2026-01-22T00:41:49.3Z,1,REGULAR,turnover,bad pass,[],1627759,,,1610612738,3,0,2026-01-22T00:41:53Z,110000,False,,,0,,J. Brown bad pass TURNOVER (1 TO),"[1627759, 1630643]",1610612738.0,BOS,,,,Brown,J. Brown,,,,,In The Paint (Non-RA),0-8 Center,,,,,,,,,,,1.0,Huff,1630643.0,,,,,,,
12,PT11M11.00S,2026-01-22T00:41:49.3Z,1,REGULAR,steal,,[],1630643,,,1610612754,3,0,2026-01-22T00:41:51Z,120000,False,,,0,,J. Huff STEAL (1 STL),[1630643],1610612754.0,IND,,,,Huff,J. Huff,,,,,In The Paint (Non-RA),0-8 Center,,,,,,,,,,,,,,,,,,,,
13,PT11M05.00S,2026-01-22T00:41:54.9Z,1,REGULAR,3pt,Jump Shot,"['fromturnover', 'fastbreak']",1630643,68.67608409986859,69.11764705882352,1610612754,3,0,2026-01-22T00:42:06Z,130000,False,96.0,242.0,1,right,MISS J. Huff 26' running 3PT,[1630643],1610612754.0,IND,running,,,Huff,J. Huff,,,,,Above the Break 3,24+ Right Center,26.01,Missed,,,,,,,,,,,,,,,,,,
14,PT11M02.00S,2026-01-22T00:41:57.9Z,1,REGULAR,rebound,defensive,[],1630573,,,1610612738,3,0,2026-01-22T00:42:06Z,140000,False,,,0,,S. Hauser REBOUND (Off:0 Def:1),[1630573],1610612738.0,BOS,,,,Hauser,S. Hauser,,,,,Above the Break 3,24+ Right Center,,,,,,,13.0,1.0,1.0,0.0,,,,,,,,,,
15,PT10M52.00S,2026-01-22T00:42:07.3Z,1,REGULAR,3pt,Jump Shot,[],1630573,28.203022339027594,21.813725490196077,1610612738,6,0,2026-01-22T00:42:11Z,150000,False,141.0,213.0,1,left,S. Hauser 25' 3PT  (6 PTS) (P. Pritchard 1 AST),"[1630573, 1630202]",1610612738.0,BOS,,,,Hauser,S. Hauser,,,,,Above the Break 3,24+ Right Center,25.51,Made,6.0,P. Pritchard,1630202.0,1.0,,,,,,,,,,,,,,
17,PT10M31.00S,2026-01-22T00:42:28.3Z,1,REGULAR,3pt,Jump Shot,[],1642277,76.69185282522996,13.480392156862745,1610612754,6,3,2026-01-22T00:42:32Z,170000,False,-183.0,167.0,1,right,J. Furphy 24' 3PT  (3 PTS) (P. Siakam 1 AST),"[1642277, 1627783]",1610612754.0,IND,,,,Furphy,J. Furphy,,,,,Above the Break 3,24+ Left Center,24.72,Made,3.0,P. Siakam,1627783.0,1.0,,,,,,,,,,,,,,
19,PT10M21.00S,2026-01-22T00:42:39.5Z,1,REGULAR,2pt,Jump Shot,['pointsinthepaint'],1629674,15.588042049934298,47.05882352941176,1610612738,6,3,2026-01-22T00:43:11Z,190000,False,15.0,94.0,1,left,MISS N. Queta 9' floating Shot,[1629674],1610612738.0,BOS,floating,,,Queta,N. Queta,,,,,In The Paint (Non-RA),8-16 Center,9.51,Missed,,,,,,,,,,,,,,,,,,
20,PT10M18.00S,2026-01-22T00:42:42.5Z,1,REGULAR,rebound,defensive,[],1642277,,,1610612754,6,3,2026-01-22T00:42:47Z,200000,False,,,0,,J. Furphy REBOUND (Off:0 Def:1),[1642277],1610612754.0,IND,,,,Furphy,J. Furphy,,,,,In The Paint (Non-RA),8-16 Center,,,,,,,19.0,1.0,1.0,0.0,,,,,,,,,,
21,PT10M08.00S,2026-01-22T00:42:51.8Z,1,REGULAR,2pt,Jump Shot,['pointsinthepaint'],1630174,88.64980289093299,44.6078431372549,1610612754,6,5,2026-01-22T00:43:41Z,210000,False,-27.0,54.0,1,right,A. Nesmith 6' driving floating Jump Shot (2 PTS) (J. Furphy 1 AST),"[1630174, 1642277]",1610612754.0,IND,driving floating,,,Nesmith,A. Nesmith,,,,,In The Paint (Non-RA),0-8 Center,6.06,Made,2.0,J. Furphy,1642277.0,1.0,,,,,,,,,,,,,,
23,PT09M52.00S,2026-01-22T00:43:07.8Z,1,REGULAR,2pt,Jump Shot,[],1628401,20.581471747700395,32.59803921568628,1610612738,6,5,2026-01-22T00:43:13Z,230000,False,87.0,141.0,1,left,MISS D. White 16' pullup Shot,[1628401],1610612738.0,BOS,pullup,,,White,D. White,,,,,Mid-Range,16-24 Right Center,16.57,Missed,,,,,,,,,,,,,,,,,,
24,PT09M49.00S,2026-01-22T00:43:10.8Z,1,REGULAR,rebound,defensive,[],1627783,,,1610612754,6,5,2026-01-22T00:43:13Z,240000,False,,,0,,P. Siakam REBOUND (Off:0 Def:1),[1627783],1610612754.0,IND,,,,Siakam,P. Siakam,,,,,Mid-Range,16-24 Right Center,,,,,,,23.0,1.0,1.0,0.0,,,,,,,,,,
25,PT09M31.00S,2026-01-22T00:43:28.9Z,1,REGULAR,2pt,Jump Shot,[],1627783,82.60512483574244,20.833333333333336,1610612754,6,5,2026-01-22T00:44:13Z,250000,False,-146.0,111.0,1,right,MISS P. Siakam 18' turnaround fadeaway Shot,[1627783],1610612754.0,IND,turnaround fadeaway,,,Siakam,P. Siakam,,,,,Mid-Range,16-24 Left Center,18.32,Missed,,,,,,,,,,,,,,,,,,
26,PT09M28.00S,2026-01-22T00:43:31.9Z,1,REGULAR,rebound,defensive,[],1627759,,,1610612738,6,5,2026-01-22T00:43:34Z,260000,False,,,0,,J. Brown REBOUND (Off:0 Def:1),[1627759],1610612738.0,BOS,,,,Brown,J. Brown,,,,,Mid-Range,16-24 Left Center,,,,,,,25.0,1.0,1.0,0.0,,,,,,,,,,
27,PT09M18.00S,2026-01-22T00:43:41.6Z,1,REGULAR,2pt,Layup,['pointsinthepaint'],1627759,8.09789750328515,44.6078431372549,1610612738,8,5,2026-01-22T00:43:46Z,270000,False,27.0,24.0,1,left,J. Brown driving finger roll Layup (2 PTS),[1627759],1610612738.0,BOS,driving finger roll,,,Brown,J. Brown,,,,,Restricted Area,0-8 Center,3.59,Made,2.0,,,,,,,,,,,,,,,,,
28,PT09M09.00S,2026-01-22T00:43:50.7Z,1,REGULAR,2pt,Layup,['pointsinthepaint'],1629614,93.64323258869908,60.29411764705882,1610612754,8,5,2026-01-22T00:43:55Z,280000,False,51.0,7.0,1,right,MISS A. Nembhard driving reverse Layup - blocked,"[1629614, 1629674]",1610612754.0,IND,driving reverse,,,Nembhard,A. Nembhard,,,,,In The Paint (Non-RA),0-8 Center,5.2,Missed,,,,,,,,,,,,Queta,1629674.0,,,,,
29,PT09M09.00S,2026-01-22T00:43:50.7Z,1,REGULAR,block,,[],1629674,,,1610612754,8,5,2026-01-22T00:43:52Z,290000,False,,,0,,N. Queta BLOCK (1 BLK),[1629674],1610612738.0,BOS,,,,Queta,N. Queta,,,,,In The Paint (Non-RA),0-8 Center,,,,,,,,,,,,,,,,,,,,
30,PT09M07.00S,2026-01-22T00:43:52.7Z,1,REGULAR,rebound,defensive,[],1628401,,,1610612738,8,5,2026-01-22T00:43:55Z,300000,False,,,0,,D. White REBOUND (Off:0 Def:2),[1628401],1610612738.0,BOS,,,,White,D. White,,,,,In The Paint (Non-RA),0-8 Center,,,,,,,28.0,2.0,2.0,0.0,,,,,,,,,,
31,PT09M02.00S,2026-01-22T00:44:01.6Z,1,REGULAR,foul,personal,[],1642277,,,1610612738,8,5,2026-01-22T00:44:10Z,310000,False,,,0,,J. Furphy personal FOUL (1 PF),"[1642277, 1627759]",1610612754.0,IND,,,,Furphy,J. Furphy,,,,,Mid-Range,8-16 Right,,,,,,,,,,,,,,,,11629177.0,1.0,0.0,Brown,1627759.0
33,PT08M52.00S,2026-01-22T00:44:34.3Z,1,REGULAR,2pt,Jump Shot,['pointsinthepaint'],1630202,14.799605781865965,37.00980392156863,1610612738,8,5,2026-01-22T00:44:43Z,330000,False,65.0,87.0,1,left,MISS P. Pritchard 10' driving floating Shot,[1630202],1610612738.0,BOS,driving floating,,,Pritchard,P. Pritchard,,,,,In The Paint (Non-RA),8-16 Right,10.83,Missed,,,,,,,,,,,,,,,,,,
34,PT08M48.00S,2026-01-22T00:44:38.3Z,1,REGULAR,rebound,defensive,[],1642277,,,1610612754,8,5,2026-01-22T00:44:43Z,340000,False,,,0,,J. Furphy REBOUND (Off:0 Def:2),[1642277],1610612754.0,IND,,,,Furphy,J. Furphy,,,,,In The Paint (Non-RA),8-16 Right,,,,,,,33.0,2.0,2.0,0.0,,,,,,,,,,
35,PT08M43.00S,2026-01-22T00:44:43.4Z,1,REGULAR,3pt,Jump Shot,[],1642277,67.62483574244416,64.95098039215686,1610612754,8,5,2026-01-22T00:44:49Z,350000,False,75.0,252.0,1,right,MISS J. Furphy 26' 3PT,[1642277],1610612754.0,IND,,,,Furphy,J. Furphy,,,,,Above the Break 3,24+ Center,26.27,Missed,,,,,,,,,,,,,,,,,,
36,PT08M38.00S,2026-01-22T00:44:48.4Z,1,REGULAR,rebound,defensive,[],1630573,,,1610612738,8,5,2026-01-22T00:44:49Z,360000,False,,,0,,S. Hauser REBOUND (Off:0 Def:2),[1630573],1610612738.0,BOS,,,,Hauser,S. Hauser,,,,,Above the Break 3,24+ Center,,,,,,,35.0,2.0,2.0,0.0,,,,,,,,,,
37,PT08M28.00S,2026-01-22T00:44:57.5Z,1,REGULAR,2pt,Jump Shot,[],1627759,15.325229960578188,76.9607843137255,1610612738,8,5,2026-01-22T00:45:05Z,370000,False,-135.0,92.0,1,left,MISS J. Brown 16' turnaround fadeaway Shot,[1627759],1610612738.0,BOS,turnaround fadeaway,,,Brown,J. Brown,,,,,Mid-Range,16-24 Left,16.3,Missed,,,,,,,,,,,,,,,,,,
38,PT08M26.00S,2026-01-22T00:44:59.5Z,1,REGULAR,rebound,defensive,[],1630643,,,1610612754,8,5,2026-01-22T00:45:05Z,380000,False,,,0,,J. Huff REBOUND (Off:0 Def:1),[1630643],1610612754.0,IND,,,,Huff,J. Huff,,,,,Mid-Range,16-24 Left,,,,,,,37.0,1.0,1.0,0.0,,,,,,,,,,
39,PT08M07.00S,2026-01-22T00:45:23.9Z,1,REGULAR,foul,offensive,[],1627783,,,1610612754,8,5,2026-01-22T00:45:31Z,390000,False,,,0,,P. Siakam charge offensive FOUL (1 PF),"[1627783, 1628401]",1610612754.0,IND,charge,,,Siakam,P. Siakam,,,,,Mid-Range,8-16 Right,,,,,,,,,,,,,,,,1627541.0,1.0,0.0,White,1628401.0
41,PT08M07.00S,2026-01-22T00:45:23.9Z,1,REGULAR,turnover,offensive foul,[],1627783,,,1610612754,8,5,2026-01-22T00:45:23Z,410000,False,,,0,,P. Siakam offensive foul TURNOVER (1 TO),[1627783],1610612754.0,IND,,,,Siakam,P. Siakam,,,,,Mid-Range,8-16 Right,,,,,,,,,,,1.0,,,,,1627541.0,,,,
42,PT07M50.00S,2026-01-22T00:45:56.3Z,1,REGULAR,2pt,Layup,"['pointsinthepaint', 'fromturnover']",1627759,8.623521681997373,56.372549019607845,1610612738,8,5,2026-01-22T00:46:00Z,420000,False,-32.0,29.0,1,left,MISS J. Brown driving Layup,[1627759],1610612738.0,BOS,driving,,,Brown,J. Brown,,,,,Restricted Area,0-8 Center,4.28,Missed,,,,,,,,,,,,,,,,,,
43,PT07M47.00S,2026-01-22T00:45:59.3Z,1,REGULAR,rebound,defensive,[],1627783,,,1610612754,8,5,2026-01-22T00:46:00Z,430000,False,,,0,,P. Siakam REBOUND (Off:0 Def:2),[1627783],1610612754.0,IND,,,,Siakam,P. Siakam,,,,,Restricted Area,0-8 Center,,,,,,,42.0,2.0,2.0,0.0,,,,,,,,,,
44,PT07M44.00S,2026-01-22T00:46:02.4Z,1,REGULAR,2pt,Layup,"['pointsinthepaint', 'fastbreak']",1627783,83.919185282523,36.76470588235294,1610612754,8,5,2026-01-22T00:47:38Z,440000,False,-66.0,99.0,1,right,MISS P. Siakam 11' running Layup,[1627783],1610612754.0,IND,running,,,Siakam,P. Siakam,,,,,In The Paint (Non-RA),8-16 Left,11.88,Missed,,,,,,,,,,,,,,,,,,
45,PT07M39.00S,2026-01-22T00:46:07.4Z,1,REGULAR,rebound,offensive,[],1627783,,,1610612754,8,5,2026-01-22T00:47:54Z,450000,False,,,0,,P. Siakam REBOUND (Off:1 Def:2),[1627783],1610612754.0,IND,,,,Siakam,P. Siakam,,,,,In The Paint (Non-RA),8-16 Left,,,,,,,44.0,3.0,2.0,1.0,,,,,,,,,,
46,PT07M39.00S,2026-01-22T00:46:07.2Z,1,REGULAR,2pt,Layup,"['2ndchance', 'fastbreak', 'pointsinthepaint']",1627783,94.40999984741211,50.0,1610612754,8,7,2026-01-22T00:47:48Z,460000,False,0.0,0.0,1,right,P. Siakam tip Layup (2 PTS),[1627783],1610612754.0,IND,tip,,,Siakam,P. Siakam,,,,,Restricted Area,0-8 Center,0.0,Made,2.0,,,,,,,,,,,,,,,,,
57,PT07M22.00S,2026-01-22T00:46:39.3Z,1,REGULAR,substitution,out,[],1630174,,,1610612738,8,7,2026-01-22T00:48:06Z,465000,False,,,0,,SUB out: A. Nesmith,[1630174],1610612754.0,IND,,,,Nesmith,A. Nesmith,,,,,,,,,,,,,,,,,,,,,,,,,,
58,PT07M22.00S,2026-01-22T00:46:39.3Z,1,REGULAR,substitution,in,[],1641767,,,1610612738,8,7,2026-01-22T00:48:06Z,467500,False,,,0,,SUB in: B. Sheppard,[1641767],1610612754.0,IND,,,,Sheppard,B. Sheppard,,,,,,,,,,,,,,,,,,,,,,,,,,
47,PT07M22.00S,2026-01-22T00:47:11.5Z,1,REGULAR,jumpball,recovered,[],1627783,,,1610612738,8,7,2026-01-22T00:50:23Z,470000,False,,,0,,Jump Ball J. Huff vs. J. Brown: Tip to P. Siakam,"[1627783, 1630643, 1627759]",1610612754.0,IND,heldball,P. Siakam,1627783.0,Siakam,P. Siakam,Huff,1630643.0,Brown,1627759.0,,,,,,,,,,,,,,,,,,,,,,
50,PT07M22.00S,2026-01-22T00:47:11.5Z,1,REGULAR,turnover,bad pass,[],1627759,,,1610612738,8,7,2026-01-22T00:49:43Z,500000,False,,,0,,J. Brown bad pass TURNOVER (2 TO),"[1627759, 1630643]",1610612738.0,BOS,,,,Brown,J. Brown,,,,,Above the Break 3,24+ Center,,,,,,,,,,,2.0,Huff,1630643.0,,,,,,,
51,PT07M22.00S,2026-01-22T00:47:11.5Z,1,REGULAR,steal,,[],1630643,,,1610612754,8,7,2026-01-22T00:47:11Z,510000,False,,,0,,J. Huff STEAL (2 STL),[1630643],1610612754.0,IND,,,,Huff,J. Huff,,,,,Above the Break 3,24+ Center,,,,,,,,,,,,,,,,,,,,
52,PT07M13.00S,2026-01-22T00:47:17.5Z,1,REGULAR,3pt,Jump Shot,['fromturnover'],1629614,69.85873850197109,74.75490196078431,1610612754,8,7,2026-01-22T00:47:33Z,520000,False,124.0,231.0,1,right,MISS A. Nembhard 26' 3PT,[1629614],1610612754.0,IND,,,,Nembhard,A. Nembhard,,,,,Above the Break 3,24+ Right Center,26.19,Missed,,,,,,,,,,,,,,,,,,
53,PT07M09.00S,2026-01-22T00:47:21.0Z,1,REGULAR,rebound,defensive,[],1630573,,,1610612738,8,7,2026-01-22T00:47:21Z,530000,False,,,0,,S. Hauser REBOUND (Off:0 Def:3),[1630573],1610612738.0,BOS,,,,Hauser,S. Hauser,,,,,Above the Break 3,24+ Right Center,,,,,,,52.0,3.0,3.0,0.0,,,,,,,,,,
54,PT07M00.00S,2026-01-22T00:47:30.7Z,1,REGULAR,foul,personal,['2freethrow'],1642277,,,1610612738,8,7,2026-01-22T00:47:38Z,540000,False,,,0,,J. Furphy shooting personal FOUL (2 PF) (Brown 2 FT),"[1642277, 1627759]",1610612754.0,IND,shooting,,,Furphy,J. Furphy,,,,,In The Paint (Non-RA),0-8 Center,,,,,,,,,,,,,,,,2534.0,2.0,0.0,Brown,1627759.0
56,PT07M00.00S,2026-01-22T00:48:05.6Z,1,REGULAR,freethrow,1 of 2,[],1627759,,,1610612738,9,7,2026-01-22T00:48:05Z,560000,False,,,0,,J. Brown Free Throw 1 of 2 (3 PTS),[1627759],1610612738.0,BOS,,,,Brown,J. Brown,,,,,,,,Made,3.0,,,,,,,,,,,,,,,,,
59,PT07M00.00S,2026-01-22T00:48:07.3Z,1,REGULAR,substitution,out,[],1642277,,,1610612738,9,7,2026-01-22T00:48:10Z,570000,False,,,0,,SUB out: J. Furphy,[1642277],1610612754.0,IND,,,,Furphy,J. Furphy,,,,,,,,,,,,,,,,,,,,,,,,,,
60,PT07M00.00S,2026-01-22T00:48:07.3Z,1,REGULAR,substitution,in,[],1641716,,,1610612738,9,7,2026-01-22T00:48:10Z,580000,False,,,0,,SUB in: J. Walker,[1641716],1610612754.0,IND,,,,Walker,J. Walker,,,,,,,,,,,,,,,,,,,,,,,,,,
61,PT07M00.00S,2026-01-22T00:48:27.0Z,1,REGULAR,freethrow,2 of 2,[],1627759,,,1610612738,10,7,2026-01-22T00:48:27Z,590000,False,,,0,,J. Brown Free Throw 2 of 2 (4 PTS),[1627759],1610612738.0,BOS,,,,Brown,J. Brown,,,,,,,,Made,4.0,,,,,,,,,,,,,,,,,
62,PT06M50.00S,2026-01-22T00:48:36.8Z,1,REGULAR,3pt,Jump Shot,[],1641767,66.96780551905388,54.166666666666664,1610612754,10,7,2026-01-22T00:48:43Z,600000,False,21.0,258.0,1,right,MISS B. Sheppard 25' 3PT,[1641767],1610612754.0,IND,,,,Sheppard,B. Sheppard,,,,,Above the Break 3,24+ Center,25.88,Missed,,,,,,,,,,,,,,,,,,
63,PT06M48.00S,2026-01-22T00:48:38.8Z,1,REGULAR,rebound,defensive,['team'],0,,,1610612738,10,7,2026-01-22T00:48:43Z,610000,False,,,0,,TEAM defensive REBOUND,[],1610612738.0,BOS,,,,,,,,,,Above the Break 3,24+ Center,,,,,,,62.0,,,,,,,,,,,,,
65,PT06M48.00S,2026-01-22T00:48:47.2Z,1,REGULAR,timeout,full,"['team', 'mandatory']",0,,,1610612738,10,7,2026-01-22T00:48:47Z,630000,False,,,0,,BOS Timeout,[],1610612738.0,BOS,,,,,,,,,,,,,,,,,,,,,,,,,,,,,,,
66,PT06M29.00S,2026-01-22T00:52:03.4Z,1,REGULAR,2pt,Layup,['pointsinthepaint'],1629674,7.835085413929041,41.911764705882355,1610612738,10,7,2026-01-22T00:52:09Z,640000,False,40.0,21.0,1,left,MISS N. Queta driving Layup - blocked,"[1629674, 1630643]",1610612738.0,BOS,driving,,,Queta,N. Queta,,,,,In The Paint (Non-RA),0-8 Center,4.56,Missed,,,,,,,,,,,,Huff,1630643.0,,,,,
67,PT06M29.00S,2026-01-22T00:52:03.4Z,1,REGULAR,block,,[],1630643,,,1610612738,10,7,2026-01-22T00:52:05Z,650000,False,,,0,,J. Huff BLOCK (1 BLK),[1630643],1610612754.0,IND,,,,Huff,J. Huff,,,,,In The Paint (Non-RA),0-8 Center,,,,,,,,,,,,,,,,,,,,
68,PT06M27.00S,2026-01-22T00:52:05.4Z,1,REGULAR,rebound,defensive,[],1629614,,,1610612754,10,7,2026-01-22T01:06:26Z,660000,False,,,0,,A. Nembhard REBOUND (Off:0 Def:1),[1629614],1610612754.0,IND,,,,Nembhard,A. Nembhard,,,,,In The Paint (Non-RA),0-8 Center,,,,,,,66.0,1.0,1.0,0.0,,,,,,,,,,
69,PT06M21.00S,2026-01-22T00:52:12.3Z,1,REGULAR,3pt,Jump Shot,[],1627783,68.67608409986859,72.79411764705883,1610612754,10,10,2026-01-22T00:53:56Z,670000,False,114.0,242.0,1,right,P. Siakam 26' 3PT  (5 PTS) (B. Sheppard 1 AST),"[1627783, 1641767]",1610612754.0,IND,,,,Siakam,P. Siakam,,,,,Above the Break 3,24+ Right Center,26.74,Made,5.0,B. Sheppard,1641767.0,1.0,,,,,,,,,,,,,,
71,PT06M02.00S,2026-01-22T00:52:33.2Z,1,REGULAR,2pt,Layup,['pointsinthepaint'],1627759,6.783837056504599,39.46078431372549,1610612738,12,10,2026-01-22T00:52:38Z,690000,False,53.0,11.0,1,left,J. Brown driving Layup (6 PTS),[1627759],1610612738.0,BOS,driving,,,Brown,J. Brown,,,,,In The Paint (Non-RA),0-8 Center,5.39,Made,6.0,,,,,,,,,,,,,,,,,
72,PT06M02.00S,2026-01-22T00:52:34.8Z,1,REGULAR,foul,personal,['1freethrow'],1630643,,,1610612738,12,10,2026-01-22T00:53:12Z,700000,False,,,0,,J. Huff shooting personal FOUL (1 PF) (Brown 1 FT),"[1630643, 1627759]",1610612754.0,IND,shooting,,,Huff,J. Huff,,,,,In The Paint (Non-RA),0-8 Center,,,,,,,,,,,,,,,,1627541.0,1.0,0.0,Brown,1627759.0
74,PT06M02.00S,2026-01-22T00:52:46.5Z,1,REGULAR,substitution,out,[],1628401,,,1610612738,12,10,2026-01-22T00:53:10Z,720000,False,,,0,,SUB out: D. White,[1628401],1610612738.0,BOS,,,,White,D. White,,,,,,,,,,,,,,,,,,,,,,,,,,
75,PT06M02.00S,2026-01-22T00:52:46.5Z,1,REGULAR,substitution,out,[],1630573,,,1610612738,12,10,2026-01-22T00:53:10Z,730000,False,,,0,,SUB out: S. Hauser,[1630573],1610612738.0,BOS,,,,Hauser,S. Hauser,,,,,,,,,,,,,,,,,,,,,,,,,,
76,PT06M02.00S,2026-01-22T00:52:46.5Z,1,REGULAR,substitution,out,[],1629674,,,1610612738,12,10,2026-01-22T00:53:10Z,740000,False,,,0,,SUB out: N. Queta,[1629674],1610612738.0,BOS,,,,Queta,N. Queta,,,,,,,,,,,,,,,,,,,,,,,,,,
77,PT06M02.00S,2026-01-22T00:52:46.5Z,1,REGULAR,substitution,out,[],1630643,,,1610612738,12,10,2026-01-22T00:53:10Z,750000,False,,,0,,SUB out: J. Huff,[1630643],1610612754.0,IND,,,,Huff,J. Huff,,,,,,,,,,,,,,,,,,,,,,,,,,
78,PT06M02.00S,2026-01-22T00:52:46.5Z,1,REGULAR,substitution,in,[],1631248,,,1610612738,12,10,2026-01-22T00:53:10Z,760000,False,,,0,,SUB in: B. Scheierman,[1631248],1610612738.0,BOS,,,,Scheierman,B. Scheierman,,,,,,,,,,,,,,,,,,,,,,,,,,
79,PT06M02.00S,2026-01-22T00:52:46.5Z,1,REGULAR,substitution,in,[],1630568,,,1610612738,12,10,2026-01-22T00:53:10Z,770000,False,,,0,,SUB in: L. Garza,[1630568],1610612738.0,BOS,,,,Garza,L. Garza,,,,,,,,,,,,,,,,,,,,,,,,,,
80,PT06M02.00S,2026-01-22T00:52:46.5Z,1,REGULAR,substitution,in,[],1629014,,,1610612738,12,10,2026-01-22T00:53:10Z,780000,False,,,0,,SUB in: A. Simons,[1629014],1610612738.0,BOS,,,,Simons,A. Simons,,,,,,,,,,,,,,,,,,,,,,,,,,
81,PT06M02.00S,2026-01-22T00:52:46.5Z,1,REGULAR,substitution,in,[],1630543,,,1610612738,12,10,2026-01-22T00:53:10Z,790000,False,,,0,,SUB in: I. Jackson,[1630543],1610612754.0,IND,,,,Jackson,I. Jackson,,,,,,,,,,,,,,,,,,,,,,,,,,
82,PT06M02.00S,2026-01-22T00:53:17.8Z,1,REGULAR,freethrow,1 of 1,[],1627759,,,1610612738,13,10,2026-01-22T00:53:17Z,800000,False,,,0,,J. Brown Free Throw 1 of 1 (7 PTS),[1627759],1610612738.0,BOS,,,,Brown,J. Brown,,,,,,,,Made,7.0,,,,,,,,,,,,,,,,,
83,PT05M53.00S,2026-01-22T00:53:27.9Z,1,REGULAR,3pt,Jump Shot,[],1627783,71.96123521681997,22.058823529411764,1610612754,13,10,2026-01-22T00:53:33Z,810000,False,-140.0,211.0,1,right,MISS P. Siakam 25' 3PT,[1627783],1610612754.0,IND,,,,Siakam,P. Siakam,,,,,Above the Break 3,24+ Left Center,25.31,Missed,,,,,,,,,,,,,,,,,,
84,PT05M51.00S,2026-01-22T00:53:29.9Z,1,REGULAR,rebound,defensive,[],1627759,,,1610612738,13,10,2026-01-22T00:53:33Z,820000,False,,,0,,J. Brown REBOUND (Off:0 Def:2),[1627759],1610612738.0,BOS,,,,Brown,J. Brown,,,,,Above the Break 3,24+ Left Center,,,,,,,83.0,2.0,2.0,0.0,,,,,,,,,,
85,PT05M44.00S,2026-01-22T00:53:36.9Z,1,REGULAR,2pt,Layup,"['fastbreak', 'pointsinthepaint']",1627759,7.046649145860711,62.5,1610612738,13,10,2026-01-22T00:55:05Z,830000,False,-62.0,14.0,1,left,MISS J. Brown 6' running Layup,[1627759],1610612738.0,BOS,running,,,Brown,J. Brown,,,,,In The Paint (Non-RA),0-8 Center,6.4,Missed,,,,,,,,,,,,,,,,,,
86,PT05M42.00S,2026-01-22T00:53:38.9Z,1,REGULAR,rebound,offensive,[],1627759,,,1610612738,13,10,2026-01-22T00:54:08Z,840000,False,,,0,,J. Brown REBOUND (Off:1 Def:2),[1627759],1610612738.0,BOS,,,,Brown,J. Brown,,,,,In The Paint (Non-RA),0-8 Center,,,,,,,85.0,3.0,2.0,1.0,,,,,,,,,,
87,PT05M41.00S,2026-01-22T00:53:39.4Z,1,REGULAR,2pt,Layup,"['2ndchance', 'pointsinthepaint']",1627759,5.590000152587891,50.0,1610612738,13,10,2026-01-22T01:01:28Z,850000,False,0.0,0.0,1,left,MISS J. Brown tip Layup,[1627759],1610612738.0,BOS,tip,,,Brown,J. Brown,,,,,Restricted Area,0-8 Center,0.0,Missed,,,,,,,,,,,,,,,,,,
88,PT05M40.00S,2026-01-22T00:53:40.4Z,1,REGULAR,rebound,defensive,[],1627783,,,1610612754,13,10,2026-01-22T01:01:28Z,860000,False,,,0,,P. Siakam REBOUND (Off:1 Def:3),[1627783],1610612754.0,IND,,,,Siakam,P. Siakam,,,,,Restricted Area,0-8 Center,,,,,,,87.0,4.0,3.0,1.0,,,,,,,,,,
89,PT05M35.00S,2026-01-22T00:53:45.9Z,1,REGULAR,2pt,DUNK,['pointsinthepaint'],1627783,93.38042049934296,50.49019607843137,1610612754,13,12,2026-01-22T00:56:41Z,870000,False,2.0,10.0,1,right,P. Siakam driving DUNK (7 PTS) (J. Walker 1 AST),"[1627783, 1641716]",1610612754.0,IND,driving,,,Siakam,P. Siakam,,,,,Restricted Area,0-8 Center,1.0,Made,7.0,J. Walker,1641716.0,1.0,,,,,,,,,,,,,,
92,PT05M18.00S,2026-01-22T00:54:10.1Z,1,REGULAR,3pt,Jump Shot,[],1630568,33.98488830486202,38.72549019607843,1610612738,13,12,2026-01-22T00:54:14Z,900000,False,56.0,267.0,1,left,MISS L. Garza 27' 3PT,[1630568],1610612738.0,BOS,,,,Garza,L. Garza,,,,,Above the Break 3,24+ Center,27.29,Missed,,,,,,,,,,,,,,,,,,
93,PT05M16.00S,2026-01-22T00:54:12.1Z,1,REGULAR,rebound,defensive,[],1641716,,,1610612754,13,12,2026-01-22T00:54:14Z,910000,False,,,0,,J. Walker REBOUND (Off:0 Def:1),[1641716],1610612754.0,IND,,,,Walker,J. Walker,,,,,Above the Break 3,24+ Center,,,,,,,92.0,1.0,1.0,0.0,,,,,,,,,,
94,PT05M07.00S,2026-01-22T00:54:21.3Z,1,REGULAR,2pt,Layup,['pointsinthepaint'],1629614,93.11760840998686,59.31372549019608,1610612754,13,14,2026-01-22T00:54:26Z,920000,False,47.0,12.0,1,right,A. Nembhard driving Layup (2 PTS) (P. Siakam 2 AST),"[1629614, 1627783]",1610612754.0,IND,driving,,,Nembhard,A. Nembhard,,,,,In The Paint (Non-RA),0-8 Center,4.82,Made,2.0,P. Siakam,1627783.0,2.0,,,,,,,,,,,,,,
95,PT04M54.00S,2026-01-22T00:54:34.4Z,1,REGULAR,2pt,Layup,['pointsinthepaint'],1630568,8.623521681997373,48.03921568627451,1610612738,15,14,2026-01-22T00:54:38Z,930000,False,10.0,29.0,1,left,L. Garza cutting Layup (2 PTS) (P. Pritchard 2 AST),"[1630568, 1630202]",1610612738.0,BOS,cutting,,,Garza,L. Garza,,,,,Restricted Area,0-8 Center,3.02,Made,2.0,P. Pritchard,1630202.0,2.0,,,,,,,,,,,,,,
98,PT04M43.00S,2026-01-22T00:54:45.5Z,1,REGULAR,2pt,Jump Shot,[],1627783,75.1149802890933,23.52941176470588,1610612754,15,16,2026-01-22T00:57:47Z,950000,False,-132.0,181.0,1,right,P. Siakam 22' pullup Jump Shot (9 PTS) (I. Jackson 1 AST),"[1627783, 1630543]",1610612754.0,IND,pullup,,,Siakam,P. Siakam,,,,,Mid-Range,16-24 Left Center,22.46,Made,9.0,I. Jackson,1630543.0,1.0,,,,,,,,,,,,,,
101,PT04M27.00S,2026-01-22T00:55:09.0Z,1,REGULAR,turnover,out-of-bounds,[],1630202,,,1610612738,15,16,2026-01-22T00:55:43Z,980000,False,,,0,,P. Pritchard bad pass out-of-bounds TURNOVER (1 TO),[1630202],1610612738.0,BOS,bad pass,,,Pritchard,P. Pritchard,,,,,In The Paint (Non-RA),0-8 Center,,,,,,,,,,,1.0,,,,,1627541.0,,,,
102,PT04M27.00S,2026-01-22T00:55:13.6Z,1,REGULAR,substitution,out,[],1627759,,,1610612754,15,16,2026-01-22T00:55:22Z,990000,False,,,0,,SUB out: J. Brown,[1627759],1610612738.0,BOS,,,,Brown,J. Brown,,,,,,,,,,,,,,,,,,,,,,,,,,
103,PT04M27.00S,2026-01-22T00:55:13.6Z,1,REGULAR,substitution,out,[],1629614,,,1610612754,15,16,2026-01-22T00:55:22Z,1000000,False,,,0,,SUB out: A. Nembhard,[1629614],1610612754.0,IND,,,,Nembhard,A. Nembhard,,,,,,,,,,,,,,,,,,,,,,,,,,
104,PT04M27.00S,2026-01-22T00:55:13.6Z,1,REGULAR,substitution,out,[],1627783,,,1610612754,15,16,2026-01-22T00:55:22Z,1010000,False,,,0,,SUB out: P. Siakam,[1627783],1610612754.0,IND,,,,Siakam,P. Siakam,,,,,,,,,,,,,,,,,,,,,,,,,,
105,PT04M27.00S,2026-01-22T00:55:13.6Z,1,REGULAR,substitution,in,[],1641775,,,1610612754,15,16,2026-01-22T00:55:22Z,1020000,False,,,0,,SUB in: J. Walsh,[1641775],1610612738.0,BOS,,,,Walsh,J. Walsh,,,,,,,,,,,,,,,,,,,,,,,,,,
106,PT04M27.00S,2026-01-22T00:55:13.6Z,1,REGULAR,substitution,in,[],204456,,,1610612754,15,16,2026-01-22T00:55:22Z,1030000,False,,,0,,SUB in: T. McConnell,[204456],1610612754.0,IND,,,,McConnell,T. McConnell,,,,,,,,,,,,,,,,,,,,,,,,,,
107,PT04M27.00S,2026-01-22T00:55:13.6Z,1,REGULAR,substitution,in,[],1630174,,,1610612754,15,16,2026-01-22T00:55:22Z,1040000,False,,,0,,SUB in: A. Nesmith,[1630174],1610612754.0,IND,,,,Nesmith,A. Nesmith,,,,,,,,,,,,,,,,,,,,,,,,,,
108,PT04M10.00S,2026-01-22T00:55:40.7Z,1,REGULAR,3pt,Jump Shot,['fromturnover'],1641716,69.85873850197109,73.52941176470588,1610612754,15,16,2026-01-22T00:55:45Z,1050000,False,118.0,231.0,1,right,MISS J. Walker 25' 3PT,[1641716],1610612754.0,IND,,,,Walker,J. Walker,,,,,Above the Break 3,24+ Right Center,25.9,Missed,,,,,,,,,,,,,,,,,,
109,PT04M07.00S,2026-01-22T00:55:43.7Z,1,REGULAR,rebound,defensive,[],1630568,,,1610612738,15,16,2026-01-22T00:55:45Z,1060000,False,,,0,,L. Garza REBOUND (Off:0 Def:1),[1630568],1610612738.0,BOS,,,,Garza,L. Garza,,,,,Above the Break 3,24+ Right Center,,,,,,,108.0,1.0,1.0,0.0,,,,,,,,,,
110,PT04M01.00S,2026-01-22T00:55:51.0Z,1,REGULAR,2pt,Layup,['pointsinthepaint'],1630202,6.652431011826544,45.09803921568628,1610612738,17,16,2026-01-22T00:55:55Z,1070000,False,25.0,10.0,1,left,P. Pritchard driving Layup (2 PTS),[1630202],1610612738.0,BOS,driving,,,Pritchard,P. Pritchard,,,,,Restricted Area,0-8 Center,2.65,Made,2.0,,,,,,,,,,,,,,,,,
111,PT04M01.00S,2026-01-22T00:55:52.9Z,1,REGULAR,foul,personal,['1freethrow'],1630543,,,1610612738,17,16,2026-01-22T00:55:59Z,1080000,False,,,0,,I. Jackson shooting personal FOUL (1 PF) (Pritchard 1 FT),"[1630543, 1630202]",1610612754.0,IND,shooting,,,Jackson,I. Jackson,,,,,Restricted Area,0-8 Center,,,,,,,,,,,,,,,,11629177.0,1.0,0.0,Pritchard,1630202.0
113,PT04M01.00S,2026-01-22T00:56:22.9Z,1,REGULAR,freethrow,1 of 1,[],1630202,,,1610612738,18,16,2026-01-22T00:56:22Z,1100000,False,,,0,,P. Pritchard Free Throw 1 of 1 (3 PTS),[1630202],1610612738.0,BOS,,,,Pritchard,P. Pritchard,,,,,,,,Made,3.0,,,,,,,,,,,,,,,,,
114,PT03M47.00S,2026-01-22T00:56:37.6Z,1,REGULAR,2pt,Jump Shot,['pointsinthepaint'],1641716,81.68528252299606,42.15686274509804,1610612754,18,18,2026-01-22T01:43:56Z,1110000,False,-39.0,120.0,1,right,J. Walker 12' driving floating Jump Shot (2 PTS) (B. Sheppard 2 AST),"[1641716, 1641767]",1610612754.0,IND,driving floating,,,Walker,J. Walker,,,,,In The Paint (Non-RA),8-16 Center,12.6,Made,2.0,B. Sheppard,1641767.0,2.0,,,,,,,,,,,,,,
115,PT03M31.00S,2026-01-22T00:56:52.2Z,1,REGULAR,3pt,Jump Shot,[],1630202,25.706307490144546,82.1078431372549,1610612738,18,18,2026-01-22T00:56:56Z,1120000,False,-161.0,189.0,1,left,MISS P. Pritchard 24' 3PT,[1630202],1610612738.0,BOS,,,,Pritchard,P. Pritchard,,,,,Above the Break 3,24+ Left Center,24.8,Missed,,,,,,,,,,,,,,,,,,
116,PT03M28.00S,2026-01-22T00:56:55.2Z,1,REGULAR,rebound,defensive,[],1630174,,,1610612754,18,18,2026-01-22T00:56:56Z,1130000,False,,,0,,A. Nesmith REBOUND (Off:0 Def:1),[1630174],1610612754.0,IND,,,,Nesmith,A. Nesmith,,,,,Above the Break 3,24+ Left Center,,,,,,,115.0,1.0,1.0,0.0,,,,,,,,,,
117,PT03M18.00S,2026-01-22T00:57:05.2Z,1,REGULAR,turnover,bad pass,[],1630543,,,1610612754,18,18,2026-01-22T00:57:08Z,1140000,False,,,0,,I. Jackson bad pass TURNOVER (1 TO),"[1630543, 1641775]",1610612754.0,IND,,,,Jackson,I. Jackson,,,,,Mid-Range,8-16 Right,,,,,,,,,,,1.0,Walsh,1641775.0,,,,,,,
118,PT03M18.00S,2026-01-22T00:57:05.2Z,1,REGULAR,steal,,[],1641775,,,1610612738,18,18,2026-01-22T00:57:06Z,1150000,False,,,0,,J. Walsh STEAL (1 STL),[1641775],1610612738.0,BOS,,,,Walsh,J. Walsh,,,,,Mid-Range,8-16 Right,,,,,,,,,,,,,,,,,,,,
119,PT03M14.00S,2026-01-22T00:57:11.7Z,1,REGULAR,foul,personal,"['inpenalty', '2freethrow']",204456,,,1610612738,18,18,2026-01-22T00:57:22Z,1160000,False,,,0,,T. McConnell shooting personal FOUL (1 PF) (Garza 2 FT),"[204456, 1630568]",1610612754.0,IND,shooting,,,McConnell,T. McConnell,,,,,Restricted Area,0-8 Center,,,,,,,,,,,,,,,,2534.0,1.0,0.0,Garza,1630568.0
121,PT03M14.00S,2026-01-22T00:57:37.0Z,1,REGULAR,freethrow,1 of 2,"['fromturnover', 'fastbreak']",1630568,,,1610612738,19,18,2026-01-22T01:02:58Z,1180000,False,,,0,,L. Garza Free Throw 1 of 2 (3 PTS),[1630568],1610612738.0,BOS,,,,Garza,L. Garza,,,,,,,,Made,3.0,,,,,,,,,,,,,,,,,
122,PT03M14.00S,2026-01-22T00:57:37.0Z,1,REGULAR,freethrow,2 of 2,"['fromturnover', 'fastbreak']",1630568,,,1610612738,20,18,2026-01-22T01:02:58Z,1190000,False,,,0,,L. Garza Free Throw 2 of 2 (4 PTS),[1630568],1610612738.0,BOS,,,,Garza,L. Garza,,,,,,,,Made,4.0,,,,,,,,,,,,,,,,,
123,PT03M10.00S,2026-01-22T00:58:05.5Z,1,REGULAR,timeout,full,"['team', 'mandatory']",0,,,1610612754,20,18,2026-01-22T00:58:12Z,1200000,False,,,0,,IND Timeout,[],1610612754.0,IND,,,,,,,,,,,,,,,,,,,,,,,,,,,,,,,
125,PT02M55.00S,2026-01-22T01:01:10.4Z,1,REGULAR,3pt,Jump Shot,[],1641716,70.12155059132719,23.284313725490197,1610612754,20,18,2026-01-22T01:01:18Z,1210000,False,-134.0,228.0,1,right,MISS J. Walker 26' 3PT,[1641716],1610612754.0,IND,,,,Walker,J. Walker,,,,,Above the Break 3,24+ Left Center,26.46,Missed,,,,,,,,,,,,,,,,,,
126,PT02M54.00S,2026-01-22T01:01:11.4Z,1,REGULAR,rebound,defensive,['team'],0,,,1610612738,20,18,2026-01-22T01:01:18Z,1220000,False,,,0,,TEAM defensive REBOUND,[],1610612738.0,BOS,,,,,,,,,,Above the Break 3,24+ Left Center,,,,,,,125.0,,,,,,,,,,,,,
128,PT02M36.00S,2026-01-22T01:01:40.4Z,1,REGULAR,2pt,Jump Shot,['pointsinthepaint'],1629014,18.2161629434954,62.5,1610612738,22,18,2026-01-22T01:02:23Z,1240000,False,-62.0,119.0,1,left,A. Simons 13' pullup Jump Shot (2 PTS),[1629014],1610612738.0,BOS,pullup,,,Simons,A. Simons,,,,,In The Paint (Non-RA),8-16 Center,13.41,Made,2.0,,,,,,,,,,,,,,,,,
129,PT02M21.00S,2026-01-22T01:01:55.1Z,1,REGULAR,2pt,Jump Shot,['pointsinthepaint'],204456,80.50262812089356,36.51960784313725,1610612754,22,18,2026-01-22T01:03:42Z,1250000,False,-67.0,131.0,1,right,MISS T. McConnell 14' pullup Shot,[204456],1610612754.0,IND,pullup,,,McConnell,T. McConnell,,,,,In The Paint (Non-RA),8-16 Center,14.71,Missed,,,,,,,,,,,,,,,,,,
130,PT02M21.00S,2026-01-22T01:01:55.1Z,1,REGULAR,rebound,defensive,[],1629014,,,1610612738,22,18,2026-01-22T01:02:27Z,1260000,False,,,0,,A. Simons REBOUND (Off:0 Def:1),[1629014],1610612738.0,BOS,,,,Simons,A. Simons,,,,,In The Paint (Non-RA),8-16 Center,,,,,,,129.0,1.0,1.0,0.0,,,,,,,,,,
131,PT02M08.00S,2026-01-22T01:02:07.9Z,1,REGULAR,3pt,Jump Shot,[],1631248,6.258212877792378,96.07843137254902,1610612738,25,18,2026-01-22T01:02:29Z,1270000,False,-230.0,6.0,1,left,B. Scheierman 3PT  (3 PTS) (P. Pritchard 3 AST),"[1631248, 1630202]",1610612738.0,BOS,,,,Scheierman,B. Scheierman,,,,,Left Corner 3,24+ Left,23.05,Made,3.0,P. Pritchard,1630202.0,3.0,,,,,,,,,,,,,,
134,PT01M49.00S,2026-01-22T01:02:27.0Z,1,REGULAR,2pt,Jump Shot,[],204456,77.7431011826544,80.3921568627451,1610612754,25,18,2026-01-22T01:02:32Z,1290000,False,152.0,157.0,1,right,MISS T. McConnell 21' Jump Shot,[204456],1610612754.0,IND,,,,McConnell,T. McConnell,,,,,Mid-Range,16-24 Right Center,21.83,Missed,,,,,,,,,,,,,,,,,,
135,PT01M49.00S,2026-01-22T01:02:27.0Z,1,REGULAR,rebound,defensive,[],1631248,,,1610612738,25,18,2026-01-22T01:02:32Z,1300000,False,,,0,,B. Scheierman REBOUND (Off:0 Def:1),[1631248],1610612738.0,BOS,,,,Scheierman,B. Scheierman,,,,,Mid-Range,16-24 Right Center,,,,,,,134.0,1.0,1.0,0.0,,,,,,,,,,
136,PT01M28.00S,2026-01-22T01:02:49.3Z,1,REGULAR,2pt,Jump Shot,['pointsinthepaint'],1631248,10.988830486202366,65.19607843137256,1610612738,25,18,2026-01-22T01:04:58Z,1310000,False,-76.0,51.0,1,left,MISS B. Scheierman 9' driving floating bank Shot,[1631248],1610612738.0,BOS,driving floating bank,,,Scheierman,B. Scheierman,,,,,In The Paint (Non-RA),8-16 Left,9.14,Missed,,,,,,,,,,,,,,,,,,
137,PT01M27.00S,2026-01-22T01:02:50.3Z,1,REGULAR,rebound,offensive,[],1630568,,,1610612738,25,18,2026-01-22T01:03:28Z,1320000,False,,,0,,L. Garza REBOUND (Off:1 Def:1),[1630568],1610612738.0,BOS,,,,Garza,L. Garza,,,,,In The Paint (Non-RA),8-16 Left,,,,,,,136.0,2.0,1.0,1.0,,,,,,,,,,
138,PT01M27.00S,2026-01-22T01:02:52.8Z,1,REGULAR,2pt,Layup,"['2ndchance', 'pointsinthepaint']",1630568,5.590000152587891,50.0,1610612738,25,18,2026-01-22T01:03:37Z,1330000,False,0.0,0.0,1,left,MISS L. Garza tip Layup,[1630568],1610612738.0,BOS,tip,,,Garza,L. Garza,,,,,Restricted Area,0-8 Center,0.0,Missed,,,,,,,,,,,,,,,,,,
139,PT01M26.00S,2026-01-22T01:02:53.8Z,1,REGULAR,rebound,offensive,[],1630568,,,1610612738,25,18,2026-01-22T01:03:48Z,1340000,False,,,0,,L. Garza REBOUND (Off:2 Def:1),[1630568],1610612738.0,BOS,,,,Garza,L. Garza,,,,,Restricted Area,0-8 Center,,,,,,,138.0,3.0,1.0,2.0,,,,,,,,,,
140,PT01M25.00S,2026-01-22T01:02:57.7Z,1,REGULAR,foul,personal,"['inpenalty', '2freethrow']",1630543,,,1610612738,25,18,2026-01-22T01:04:35Z,1350000,False,,,0,,I. Jackson shooting personal FOUL (2 PF) (Garza 2 FT),"[1630543, 1630568]",1610612754.0,IND,shooting,,,Jackson,I. Jackson,,,,,In The Paint (Non-RA),8-16 Right,,,,,,,,,,,,,,,,1627541.0,2.0,0.0,Garza,1630568.0
142,PT01M25.00S,2026-01-22T01:03:18.6Z,1,REGULAR,freethrow,1 of 2,['2ndchance'],1630568,,,1610612738,26,18,2026-01-22T01:04:14Z,1370000,False,,,0,,L. Garza Free Throw 1 of 2 (5 PTS),[1630568],1610612738.0,BOS,,,,Garza,L. Garza,,,,,,,,Made,5.0,,,,,,,,,,,,,,,,,
148,PT01M25.00S,2026-01-22T01:03:18.6Z,1,REGULAR,freethrow,2 of 2,['2ndchance'],1630568,,,1610612738,27,18,2026-01-22T01:04:14Z,1375000,False,,,0,,L. Garza Free Throw 2 of 2 (6 PTS),[1630568],1610612738.0,BOS,,,,Garza,L. Garza,,,,,,,,Made,6.0,,,,,,,,,,,,,,,,,
143,PT01M25.00S,2026-01-22T01:03:19.2Z,1,REGULAR,substitution,out,[],1630543,,,1610612754,27,18,2026-01-22T01:04:14Z,1380000,False,,,0,,SUB out: I. Jackson,[1630543],1610612754.0,IND,,,,Jackson,I. Jackson,,,,,,,,,,,,,,,,,,,,,,,,,,
144,PT01M25.00S,2026-01-22T01:03:19.2Z,1,REGULAR,substitution,in,[],1628396,,,1610612754,27,18,2026-01-22T01:04:14Z,1390000,False,,,0,,SUB in: T. Bradley,[1628396],1610612754.0,IND,,,,Bradley,T. Bradley,,,,,,,,,,,,,,,,,,,,,,,,,,
145,PT01M25.00S,2026-01-22T01:03:33.9Z,1,REGULAR,substitution,out,[],1641767,,,1610612754,27,18,2026-01-22T01:04:14Z,1400000,False,,,0,,SUB out: B. Sheppard,[1641767],1610612754.0,IND,,,,Sheppard,B. Sheppard,,,,,,,,,,,,,,,,,,,,,,,,,,
146,PT01M25.00S,2026-01-22T01:03:33.9Z,1,REGULAR,substitution,in,[],1627783,,,1610612754,27,18,2026-01-22T01:04:14Z,1410000,False,,,0,,SUB in: P. Siakam,[1627783],1610612754.0,IND,,,,Siakam,P. Siakam,,,,,,,,,,,,,,,,,,,,,,,,,,
147,PT01M13.00S,2026-01-22T01:03:59.6Z,1,REGULAR,2pt,Jump Shot,[],204456,80.76544021024968,19.11764705882353,1610612754,27,20,2026-01-22T01:06:14Z,1420000,False,-154.0,128.0,1,right,T. McConnell 20' pullup Jump Shot (2 PTS) (A. Nesmith 1 AST),"[204456, 1630174]",1610612754.0,IND,pullup,,,McConnell,T. McConnell,,,,,Mid-Range,16-24 Left Center,20.07,Made,2.0,A. Nesmith,1630174.0,1.0,,,,,,,,,,,,,,
149,PT00M59.50S,2026-01-22T01:04:14.2Z,1,REGULAR,2pt,Jump Shot,[],1630202,6.389618922470433,84.55882352941177,1610612738,27,20,2026-01-22T01:06:27Z,1430000,False,-173.0,8.0,1,left,MISS P. Pritchard 17' pullup Shot,[1630202],1610612738.0,BOS,pullup,,,Pritchard,P. Pritchard,,,,,Mid-Range,16-24 Left,17.3,Missed,,,,,,,,,,,,,,,,,,
150,PT00M57.00S,2026-01-22T01:04:16.7Z,1,REGULAR,rebound,offensive,[],1630202,,,1610612738,27,20,2026-01-22T01:04:19Z,1440000,False,,,0,,P. Pritchard REBOUND (Off:1 Def:0),[1630202],1610612738.0,BOS,,,,Pritchard,P. Pritchard,,,,,Mid-Range,16-24 Left,,,,,,,149.0,1.0,0.0,1.0,,,,,,,,,,
151,PT00M55.70S,2026-01-22T01:04:18.2Z,1,REGULAR,2pt,Layup,"['pointsinthepaint', '2ndchance']",1630202,8.754927726675426,40.19607843137255,1610612738,27,20,2026-01-22T01:04:25Z,1450000,False,49.0,30.0,1,left,MISS P. Pritchard putback Layup,[1630202],1610612738.0,BOS,putback,,,Pritchard,P. Pritchard,,,,,In The Paint (Non-RA),0-8 Center,5.74,Missed,,,,,,,,,,,,,,,,,,
152,PT00M55.70S,2026-01-22T01:04:18.2Z,1,REGULAR,rebound,defensive,['team'],0,,,1610612754,27,20,2026-01-22T01:04:25Z,1460000,False,,,0,,TEAM defensive REBOUND,[],1610612754.0,IND,,,,,,,,,,In The Paint (Non-RA),0-8 Center,,,,,,,151.0,,,,,,,,,,,,,
154,PT00M45.60S,2026-01-22T01:04:32.6Z,1,REGULAR,2pt,Jump Shot,[],1628396,75.50919842312747,40.44117647058824,1610612754,27,20,2026-01-22T01:04:38Z,1480000,False,-48.0,178.0,1,right,MISS T. Bradley 18' Jump Shot,[1628396],1610612754.0,IND,,,,Bradley,T. Bradley,,,,,Mid-Range,16-24 Center,18.4,Missed,,,,,,,,,,,,,,,,,,
155,PT00M43.40S,2026-01-22T01:04:34.7Z,1,REGULAR,rebound,defensive,[],1631248,,,1610612738,27,20,2026-01-22T01:04:34Z,1490000,False,,,0,,B. Scheierman REBOUND (Off:0 Def:2),[1631248],1610612738.0,BOS,,,,Scheierman,B. Scheierman,,,,,Mid-Range,16-24 Center,,,,,,,154.0,2.0,2.0,0.0,,,,,,,,,,
157,PT00M27.40S,2026-01-22T01:04:53.3Z,1,REGULAR,turnover,out-of-bounds,[],1631248,,,1610612738,27,20,2026-01-22T01:05:02Z,1500000,False,,,0,,B. Scheierman step out-of-bounds TURNOVER (1 TO),[1631248],1610612738.0,BOS,step,,,Scheierman,B. Scheierman,,,,,Mid-Range,8-16 Left,,,,,,,,,,,1.0,,,,,2534.0,,,,
158,PT00M06.50S,2026-01-22T01:05:22.4Z,1,REGULAR,turnover,lost ball,[],204456,,,1610612754,27,20,2026-01-22T01:05:26Z,1510000,False,,,0,,T. McConnell lost ball TURNOVER (1 TO),"[204456, 1631248]",1610612754.0,IND,,,,McConnell,T. McConnell,,,,,Mid-Range,16-24 Right Center,,,,,,,,,,,1.0,Scheierman,1631248.0,,,,,,,
159,PT00M06.50S,2026-01-22T01:05:22.4Z,1,REGULAR,steal,,[],1631248,,,1610612738,27,20,2026-01-22T01:05:24Z,1520000,False,,,0,,B. Scheierman STEAL (1 STL),[1631248],1610612738.0,BOS,,,,Scheierman,B. Scheierman,,,,,Mid-Range,16-24 Right Center,,,,,,,,,,,,,,,,,,,,
160,PT00M02.60S,2026-01-22T01:05:26.2Z,1,REGULAR,3pt,Jump Shot,"['fastbreak', 'fromturnover']",1630202,34.641918528252305,18.627450980392158,1610612738,30,20,2026-01-22T01:08:16Z,1530000,False,157.0,273.0,1,left,P. Pritchard 31' 3PT running (6 PTS) (B. Scheierman 1 AST),"[1630202, 1631248]",1610612738.0,BOS,running,,,Pritchard,P. Pritchard,,,,,Above the Break 3,24+ Right Center,31.5,Made,6.0,B. Scheierman,1631248.0,1.0,,,,,,,,,,,,,,
162,PT00M00.00S,2026-01-22T01:05:33.9Z,1,REGULAR,heave,,[],0,,,1610612754,30,20,2026-01-22T01:05:41Z,1550000,False,,,0,,IND Heave,[],1610612754.0,IND,,,,,,,,,,Above the Break 3,24+ Right Center,52.77,,,,,,,,,,,,,,,,,,,
163,PT00M00.00S,2026-01-22T01:05:36.8Z,1,REGULAR,rebound,offensive,['team'],0,,,1610612754,30,20,2026-01-22T01:05:36Z,1560000,False,,,0,,TEAM offensive REBOUND,[],1610612754.0,IND,,,,,,,,,,Above the Break 3,24+ Right Center,,,,,,,162.0,,,,,,,,,,,,,
164,PT00M00.00S,2026-01-22T01:05:37.7Z,1,REGULAR,period,end,[],0,,,1610612754,30,20,2026-01-22T01:05:37Z,1570000,False,,,0,,Period End,[],,,,,,,,,,,,,,,,,,,,,,,,,,,,,,,,,
165,PT12M00.00S,2026-01-22T01:07:40.3Z,2,REGULAR,substitution,out,['startperiod'],1630202,,,1610612754,30,20,2026-01-22T01:07:58Z,1580000,False,,,0,,SUB out: P. Pritchard,[1630202],1610612738.0,BOS,,,,Pritchard,P. Pritchard,,,,,,,,,,,,,,,,,,,,,,,,,,
166,PT12M00.00S,2026-01-22T01:07:40.3Z,2,REGULAR,substitution,out,['startperiod'],1630568,,,1610612754,30,20,2026-01-22T01:07:58Z,1590000,False,,,0,,SUB out: L. Garza,[1630568],1610612738.0,BOS,,,,Garza,L. Garza,,,,,,,,,,,,,,,,,,,,,,,,,,
167,PT12M00.00S,2026-01-22T01:07:40.3Z,2,REGULAR,substitution,out,['startperiod'],1631248,,,1610612754,30,20,2026-01-22T01:07:58Z,1600000,False,,,0,,SUB out: B. Scheierman,[1631248],1610612738.0,BOS,,,,Scheierman,B. Scheierman,,,,,,,,,,,,,,,,,,,,,,,,,,
168,PT12M00.00S,2026-01-22T01:07:40.3Z,2,REGULAR,substitution,out,['startperiod'],204456,,,1610612754,30,20,2026-01-22T01:07:58Z,1610000,False,,,0,,SUB out: T. McConnell,[204456],1610612754.0,IND,,,,McConnell,T. McConnell,,,,,,,,,,,,,,,,,,,,,,,,,,
169,PT12M00.00S,2026-01-22T01:07:40.3Z,2,REGULAR,substitution,out,['startperiod'],1630174,,,1610612754,30,20,2026-01-22T01:07:58Z,1620000,False,,,0,,SUB out: A. Nesmith,[1630174],1610612754.0,IND,,,,Nesmith,A. Nesmith,,,,,,,,,,,,,,,,,,,,,,,,,,
170,PT12M00.00S,2026-01-22T01:07:40.3Z,2,REGULAR,substitution,in,['startperiod'],1628401,,,1610612754,30,20,2026-01-22T01:07:58Z,1630000,False,,,0,,SUB in: D. White,[1628401],1610612738.0,BOS,,,,White,D. White,,,,,,,,,,,,,,,,,,,,,,,,,,
171,PT12M00.00S,2026-01-22T01:07:40.3Z,2,REGULAR,substitution,in,['startperiod'],1630573,,,1610612754,30,20,2026-01-22T01:07:58Z,1640000,False,,,0,,SUB in: S. Hauser,[1630573],1610612738.0,BOS,,,,Hauser,S. Hauser,,,,,,,,,,,,,,,,,,,,,,,,,,
172,PT12M00.00S,2026-01-22T01:07:40.3Z,2,REGULAR,substitution,in,['startperiod'],1629674,,,1610612754,30,20,2026-01-22T01:07:58Z,1650000,False,,,0,,SUB in: N. Queta,[1629674],1610612738.0,BOS,,,,Queta,N. Queta,,,,,,,,,,,,,,,,,,,,,,,,,,
173,PT12M00.00S,2026-01-22T01:07:40.3Z,2,REGULAR,substitution,in,['startperiod'],1629614,,,1610612754,30,20,2026-01-22T01:07:58Z,1660000,False,,,0,,SUB in: A. Nembhard,[1629614],1610612754.0,IND,,,,Nembhard,A. Nembhard,,,,,,,,,,,,,,,,,,,,,,,,,,
174,PT12M00.00S,2026-01-22T01:07:40.3Z,2,REGULAR,substitution,in,['startperiod'],1631245,,,1610612754,30,20,2026-01-22T01:07:58Z,1670000,False,,,0,,SUB in: Q. Jackson,[1631245],1610612754.0,IND,,,,Jackson,Q. Jackson,,,,,,,,,,,,,,,,,,,,,,,,,,
175,PT12M00.00S,2026-01-22T01:08:11.6Z,2,REGULAR,period,start,[],0,,,1610612754,30,20,2026-01-22T01:08:11Z,1680000,False,,,0,,Period Start,[],,,,,,,,,,,,,,,,,,,,,,,,,,,,,,,,,
176,PT11M44.00S,2026-01-22T01:08:27.0Z,2,REGULAR,3pt,Jump Shot,[],1631245,79.05716162943496,9.558823529411764,1610612754,30,20,2026-01-22T01:08:33Z,1690000,False,-202.0,144.0,1,right,MISS Q. Jackson 24' 3PT,[1631245],1610612754.0,IND,,,,Jackson,Q. Jackson,,,,,Above the Break 3,24+ Left Center,24.85,Missed,,,,,,,,,,,,,,,,,,
177,PT11M40.00S,2026-01-22T01:08:31.0Z,2,REGULAR,rebound,offensive,[],1628396,,,1610612754,30,20,2026-01-22T01:08:33Z,1700000,False,,,0,,T. Bradley REBOUND (Off:1 Def:0),[1628396],1610612754.0,IND,,,,Bradley,T. Bradley,,,,,Above the Break 3,24+ Left Center,,,,,,,176.0,1.0,0.0,1.0,,,,,,,,,,
178,PT11M39.00S,2026-01-22T01:08:31.1Z,2,REGULAR,2pt,Layup,"['pointsinthepaint', '2ndchance']",1628396,90.75229960578186,44.6078431372549,1610612754,30,20,2026-01-22T01:09:08Z,1710000,False,-27.0,34.0,1,right,MISS T. Bradley putback Layup,[1628396],1610612754.0,IND,putback,,,Bradley,T. Bradley,,,,,Restricted Area,0-8 Center,4.37,Missed,,,,,,,,,,,,,,,,,,
179,PT11M38.00S,2026-01-22T01:08:32.4Z,2,REGULAR,rebound,defensive,[],1629674,,,1610612738,30,20,2026-01-22T01:08:32Z,1720000,False,,,0,,N. Queta REBOUND (Off:0 Def:1),[1629674],1610612738.0,BOS,,,,Queta,N. Queta,,,,,Restricted Area,0-8 Center,,,,,,,178.0,1.0,1.0,0.0,,,,,,,,,,
180,PT11M34.00S,2026-01-22T01:08:36.3Z,2,REGULAR,3pt,Jump Shot,['fastbreak'],1630573,30.699737187910642,72.54901960784314,1610612738,30,20,2026-01-22T01:09:50Z,1730000,False,-113.0,236.0,1,left,MISS S. Hauser 26' running pullup 3PT,[1630573],1610612738.0,BOS,running pullup,,,Hauser,S. Hauser,,,,,Above the Break 3,24+ Left Center,26.16,Missed,,,,,,,,,,,,,,,,,,
181,PT11M32.00S,2026-01-22T01:08:38.3Z,2,REGULAR,rebound,defensive,[],1629614,,,1610612754,30,20,2026-01-22T01:08:40Z,1740000,False,,,0,,A. Nembhard REBOUND (Off:0 Def:2),[1629614],1610612754.0,IND,,,,Nembhard,A. Nembhard,,,,,Above the Break 3,24+ Left Center,,,,,,,180.0,2.0,2.0,0.0,,,,,,,,,,
182,PT11M14.00S,2026-01-22T01:08:57.4Z,2,REGULAR,2pt,Layup,['pointsinthepaint'],1641716,90.48948751642575,60.29411764705882,1610612754,30,20,2026-01-22T01:09:02Z,1750000,False,51.0,37.0,1,right,MISS J. Walker 6' driving Layup,[1641716],1610612754.0,IND,driving,,,Walker,J. Walker,,,,,In The Paint (Non-RA),0-8 Center,6.34,Missed,,,,,,,,,,,,,,,,,,
183,PT11M11.00S,2026-01-22T01:09:00.4Z,2,REGULAR,rebound,offensive,[],1628396,,,1610612754,30,20,2026-01-22T01:09:02Z,1760000,False,,,0,,T. Bradley REBOUND (Off:2 Def:0),[1628396],1610612754.0,IND,,,,Bradley,T. Bradley,,,,,In The Paint (Non-RA),0-8 Center,,,,,,,182.0,2.0,0.0,2.0,,,,,,,,,,
184,PT11M11.00S,2026-01-22T01:09:00.0Z,2,REGULAR,2pt,Layup,"['pointsinthepaint', '2ndchance']",1628396,94.40999984741211,50.0,1610612754,30,22,2026-01-22T01:09:00Z,1770000,False,0.0,0.0,1,right,T. Bradley tip Layup (2 PTS),[1628396],1610612754.0,IND,tip,,,Bradley,T. Bradley,,,,,Mid-Range,8-16 Left,0.0,Made,2.0,,,,,,,,,,,,,,,,,
185,PT11M03.00S,2026-01-22T01:09:08.0Z,2,REGULAR,foul,personal,['2freethrow'],1631245,,,1610612738,30,22,2026-01-22T01:09:17Z,1780000,False,,,0,,Q. Jackson shooting personal FOUL (1 PF) (Simons 2 FT),"[1631245, 1629014]",1610612754.0,IND,shooting,,,Jackson,Q. Jackson,,,,,In The Paint (Non-RA),8-16 Right,,,,,,,,,,,,,,,,11629177.0,1.0,0.0,Simons,1629014.0
187,PT11M03.00S,2026-01-22T01:09:31.7Z,2,REGULAR,freethrow,1 of 2,[],1629014,,,1610612738,31,22,2026-01-22T01:09:31Z,1800000,False,,,0,,A. Simons Free Throw 1 of 2 (3 PTS),[1629014],1610612738.0,BOS,,,,Simons,A. Simons,,,,,,,,Made,3.0,,,,,,,,,,,,,,,,,
188,PT11M03.00S,2026-01-22T01:09:45.7Z,2,REGULAR,freethrow,2 of 2,[],1629014,,,1610612738,32,22,2026-01-22T01:09:45Z,1810000,False,,,0,,A. Simons Free Throw 2 of 2 (4 PTS),[1629014],1610612738.0,BOS,,,,Simons,A. Simons,,,,,,,,Made,4.0,,,,,,,,,,,,,,,,,
189,PT10M40.00S,2026-01-22T01:10:11.2Z,2,REGULAR,2pt,Jump Shot,[],1627783,81.553876478318,21.568627450980394,1610612754,32,22,2026-01-22T01:10:21Z,1820000,False,-142.0,121.0,1,right,MISS P. Siakam 18' turnaround fadeaway Shot,[1627783],1610612754.0,IND,turnaround fadeaway,,,Siakam,P. Siakam,,,,,Mid-Range,16-24 Left Center,18.66,Missed,,,,,,,,,,,,,,,,,,
191,PT10M37.00S,2026-01-22T01:10:14.2Z,2,REGULAR,rebound,defensive,[],1628401,,,1610612738,32,22,2026-01-22T01:10:21Z,1840000,False,,,0,,D. White REBOUND (Off:0 Def:3),[1628401],1610612738.0,BOS,,,,White,D. White,,,,,Mid-Range,16-24 Left Center,,,,,,,189.0,3.0,3.0,0.0,,,,,,,,,,
192,PT10M32.00S,2026-01-22T01:10:20.0Z,2,REGULAR,3pt,Jump Shot,[],1629014,16.507884362680684,4.411764705882353,1610612738,32,22,2026-01-22T01:10:25Z,1850000,False,228.0,103.0,1,left,MISS A. Simons 25' 3PT,[1629014],1610612738.0,BOS,,,,Simons,A. Simons,,,,,Above the Break 3,24+ Right Center,25.0,Missed,,,,,,,,,,,,,,,,,,
193,PT10M27.00S,2026-01-22T01:10:25.0Z,2,REGULAR,rebound,defensive,[],1627783,,,1610612754,32,22,2026-01-22T01:10:25Z,1860000,False,,,0,,P. Siakam REBOUND (Off:1 Def:4),[1627783],1610612754.0,IND,,,,Siakam,P. Siakam,,,,,Above the Break 3,24+ Right Center,,,,,,,192.0,5.0,4.0,1.0,,,,,,,,,,
194,PT10M17.00S,2026-01-22T01:10:34.6Z,2,REGULAR,2pt,Jump Shot,[],1627783,79.188567674113,36.51960784313725,1610612754,32,22,2026-01-22T01:10:39Z,1870000,False,-67.0,143.0,1,right,MISS P. Siakam 15' turnaround fadeaway Shot,[1627783],1610612754.0,IND,turnaround fadeaway,,,Siakam,P. Siakam,,,,,Mid-Range,8-16 Center,15.82,Missed,,,,,,,,,,,,,,,,,,
195,PT10M14.00S,2026-01-22T01:10:37.6Z,2,REGULAR,rebound,defensive,[],1628401,,,1610612738,32,22,2026-01-22T01:10:39Z,1880000,False,,,0,,D. White REBOUND (Off:0 Def:4),[1628401],1610612738.0,BOS,,,,White,D. White,,,,,Mid-Range,8-16 Center,,,,,,,194.0,4.0,4.0,0.0,,,,,,,,,,
196,PT10M06.00S,2026-01-22T01:10:45.3Z,2,REGULAR,3pt,Jump Shot,[],1628401,25.837713534822605,84.06862745098039,1610612738,32,22,2026-01-22T01:10:50Z,1890000,False,-170.0,190.0,1,left,MISS D. White 25' 3PT,[1628401],1610612738.0,BOS,,,,White,D. White,,,,,Above the Break 3,24+ Left Center,25.54,Missed,,,,,,,,,,,,,,,,,,
197,PT10M03.00S,2026-01-22T01:10:48.7Z,2,REGULAR,rebound,offensive,[],1641775,,,1610612738,32,22,2026-01-22T01:10:48Z,1900000,False,,,0,,J. Walsh REBOUND (Off:1 Def:0),[1641775],1610612738.0,BOS,,,,Walsh,J. Walsh,,,,,Above the Break 3,24+ Left Center,,,,,,,196.0,1.0,0.0,1.0,,,,,,,,,,
198,PT10M01.00S,2026-01-22T01:10:51.2Z,2,REGULAR,3pt,Jump Shot,['2ndchance'],1629014,26.62614980289093,18.137254901960784,1610612738,32,22,2026-01-22T01:10:56Z,1910000,False,159.0,198.0,1,left,MISS A. Simons 25' 3PT,[1629014],1610612738.0,BOS,,,,Simons,A. Simons,,,,,Above the Break 3,24+ Right Center,25.4,Missed,,,,,,,,,,,,,,,,,,
199,PT09M57.00S,2026-01-22T01:10:55.2Z,2,REGULAR,rebound,defensive,[],1628396,,,1610612754,32,22,2026-01-22T01:10:56Z,1920000,False,,,0,,T. Bradley REBOUND (Off:2 Def:1),[1628396],1610612754.0,IND,,,,Bradley,T. Bradley,,,,,Above the Break 3,24+ Right Center,,,,,,,198.0,3.0,1.0,2.0,,,,,,,,,,
200,PT09M39.00S,2026-01-22T01:11:12.4Z,2,REGULAR,2pt,Layup,['pointsinthepaint'],1628396,89.88173455978975,43.78063725490196,1610612754,32,22,2026-01-22T01:11:21Z,1930000,False,-31.0,43.0,1,right,MISS T. Bradley cutting Layup - blocked,"[1628396, 1629674]",1610612754.0,IND,cutting,,,Bradley,T. Bradley,,,,,In The Paint (Non-RA),0-8 Center,5.27,Missed,,,,,,,,,,,,Queta,1629674.0,,,,,
201,PT09M39.00S,2026-01-22T01:11:12.4Z,2,REGULAR,block,,[],1629674,,,1610612754,32,22,2026-01-22T01:11:14Z,1940000,False,,,0,,N. Queta BLOCK (2 BLK),[1629674],1610612738.0,BOS,,,,Queta,N. Queta,,,,,In The Paint (Non-RA),0-8 Center,,,,,,,,,,,,,,,,,,,,
202,PT09M37.00S,2026-01-22T01:11:14.4Z,2,REGULAR,rebound,defensive,[],1641775,,,1610612738,32,22,2026-01-22T01:11:21Z,1950000,False,,,0,,J. Walsh REBOUND (Off:1 Def:1),[1641775],1610612738.0,BOS,,,,Walsh,J. Walsh,,,,,In The Paint (Non-RA),0-8 Center,,,,,,,200.0,2.0,1.0,1.0,,,,,,,,,,
203,PT09M25.00S,2026-01-22T01:11:26.9Z,2,REGULAR,3pt,Jump Shot,[],1641775,28.991458607095925,21.813725490196077,1610612738,35,22,2026-01-22T01:11:31Z,1960000,False,141.0,220.0,1,left,J. Walsh 26' 3PT  (3 PTS) (S. Hauser 1 AST),"[1641775, 1630573]",1610612738.0,BOS,,,,Walsh,J. Walsh,,,,,Above the Break 3,24+ Right Center,26.13,Made,3.0,S. Hauser,1630573.0,1.0,,,,,,,,,,,,,,
205,PT09M23.00S,2026-01-22T01:11:34.2Z,2,REGULAR,timeout,full,"['team', 'mandatory']",0,,,1610612754,35,22,2026-01-22T01:11:34Z,1980000,False,,,0,,IND Timeout,[],1610612754.0,IND,,,,,,,,,,,,,,,,,,,,,,,,,,,,,,,
206,PT09M23.00S,2026-01-22T01:13:59.2Z,2,REGULAR,substitution,out,[],1641775,,,1610612754,35,22,2026-01-22T01:14:20Z,1990000,False,,,0,,SUB out: J. Walsh,[1641775],1610612738.0,BOS,,,,Walsh,J. Walsh,,,,,,,,,,,,,,,,,,,,,,,,,,
207,PT09M23.00S,2026-01-22T01:13:59.2Z,2,REGULAR,substitution,out,[],1641716,,,1610612754,35,22,2026-01-22T01:14:20Z,2000000,False,,,0,,SUB out: J. Walker,[1641716],1610612754.0,IND,,,,Walker,J. Walker,,,,,,,,,,,,,,,,,,,,,,,,,,
208,PT09M23.00S,2026-01-22T01:13:59.2Z,2,REGULAR,substitution,out,[],1628396,,,1610612754,35,22,2026-01-22T01:14:20Z,2010000,False,,,0,,SUB out: T. Bradley,[1628396],1610612754.0,IND,,,,Bradley,T. Bradley,,,,,,,,,,,,,,,,,,,,,,,,,,
209,PT09M23.00S,2026-01-22T01:13:59.2Z,2,REGULAR,substitution,in,[],1627759,,,1610612754,35,22,2026-01-22T01:14:20Z,2020000,False,,,0,,SUB in: J. Brown,[1627759],1610612738.0,BOS,,,,Brown,J. Brown,,,,,,,,,,,,,,,,,,,,,,,,,,
210,PT09M23.00S,2026-01-22T01:13:59.2Z,2,REGULAR,substitution,in,[],1642277,,,1610612754,35,22,2026-01-22T01:14:20Z,2030000,False,,,0,,SUB in: J. Furphy,[1642277],1610612754.0,IND,,,,Furphy,J. Furphy,,,,,,,,,,,,,,,,,,,,,,,,,,
211,PT09M23.00S,2026-01-22T01:13:59.2Z,2,REGULAR,substitution,in,[],1630643,,,1610612754,35,22,2026-01-22T01:14:20Z,2040000,False,,,0,,SUB in: J. Huff,[1630643],1610612754.0,IND,,,,Huff,J. Huff,,,,,,,,,,,,,,,,,,,,,,,,,,
212,PT09M11.00S,2026-01-22T01:14:39.5Z,2,REGULAR,turnover,bad pass,[],1629614,,,1610612754,35,22,2026-01-22T01:14:46Z,2050000,False,,,0,,A. Nembhard bad pass TURNOVER (1 TO),"[1629614, 1627759]",1610612754.0,IND,,,,Nembhard,A. Nembhard,,,,,Mid-Range,16-24 Left Center,,,,,,,,,,,1.0,Brown,1627759.0,,,,,,,
213,PT09M11.00S,2026-01-22T01:14:39.5Z,2,REGULAR,steal,,[],1627759,,,1610612738,35,22,2026-01-22T01:14:40Z,2060000,False,,,0,,J. Brown STEAL (1 STL),[1627759],1610612738.0,BOS,,,,Brown,J. Brown,,,,,Mid-Range,16-24 Left Center,,,,,,,,,,,,,,,,,,,,
214,PT09M03.00S,2026-01-22T01:14:47.2Z,2,REGULAR,3pt,Jump Shot,['fromturnover'],1630573,26.49474375821288,19.362745098039216,1610612738,38,22,2026-01-22T01:14:51Z,2070000,False,153.0,197.0,1,left,S. Hauser 24' 3PT  (9 PTS) (J. Brown 1 AST),"[1630573, 1627759]",1610612738.0,BOS,,,,Hauser,S. Hauser,,,,,Above the Break 3,24+ Right Center,24.92,Made,9.0,J. Brown,1627759.0,1.0,,,,,,,,,,,,,,
216,PT08M50.00S,2026-01-22T01:15:02.7Z,2,REGULAR,2pt,Layup,['pointsinthepaint'],1629614,92.9862023653088,45.09803921568628,1610612754,38,24,2026-01-22T01:15:09Z,2090000,False,-25.0,13.0,1,right,A. Nembhard driving Layup (4 PTS) (J. Furphy 2 AST),"[1629614, 1642277]",1610612754.0,IND,driving,,,Nembhard,A. Nembhard,,,,,Restricted Area,0-8 Center,2.79,Made,4.0,J. Furphy,1642277.0,2.0,,,,,,,,,,,,,,
217,PT08M50.00S,2026-01-22T01:15:06.4Z,2,REGULAR,foul,personal,['1freethrow'],1629674,,,1610612754,38,24,2026-01-22T01:15:12Z,2100000,False,,,0,,N. Queta shooting personal FOUL (1 PF) (Nembhard 1 FT),"[1629674, 1629614]",1610612738.0,BOS,shooting,,,Queta,N. Queta,,,,,Restricted Area,0-8 Center,,,,,,,,,,,,,,,,11629177.0,1.0,0.0,Nembhard,1629614.0
220,PT08M50.00S,2026-01-22T01:15:33.6Z,2,REGULAR,freethrow,1 of 1,[],1629614,,,1610612754,38,24,2026-01-22T01:15:33Z,2120000,False,,,0,,MISS A. Nembhard Free Throw 1 of 1,[1629614],1610612754.0,IND,,,,Nembhard,A. Nembhard,,,,,,,,Missed,,,,,,,,,,,,,,,,,,
221,PT08M48.00S,2026-01-22T01:15:35.6Z,2,REGULAR,rebound,defensive,[],1629014,,,1610612738,38,24,2026-01-22T01:15:45Z,2130000,False,,,0,,A. Simons REBOUND (Off:0 Def:2),[1629014],1610612738.0,BOS,,,,Simons,A. Simons,,,,,,,,,,,,,220.0,2.0,2.0,0.0,,,,,,,,,,
222,PT08M34.00S,2026-01-22T01:15:47.7Z,2,REGULAR,2pt,Jump Shot,[],1628401,8.492115637319317,32.1078431372549,1610612738,40,24,2026-01-22T01:15:52Z,2140000,False,89.0,27.0,1,left,D. White 9' driving floating Jump Shot (2 PTS) (A. Simons 1 AST),"[1628401, 1629014]",1610612738.0,BOS,driving floating,,,White,D. White,,,,,Mid-Range,8-16 Right,9.36,Made,2.0,A. Simons,1629014.0,1.0,,,,,,,,,,,,,,
224,PT08M22.00S,2026-01-22T01:15:59.9Z,2,REGULAR,3pt,Jump Shot,[],1629614,66.5735873850197,36.51960784313725,1610612754,40,24,2026-01-22T01:16:04Z,2160000,False,-67.0,262.0,1,right,MISS A. Nembhard 27' pullup 3PT,[1629614],1610612754.0,IND,pullup,,,Nembhard,A. Nembhard,,,,,Above the Break 3,24+ Center,27.02,Missed,,,,,,,,,,,,,,,,,,
225,PT08M20.00S,2026-01-22T01:16:02.6Z,2,REGULAR,rebound,offensive,[],1630643,,,1610612754,40,24,2026-01-22T01:16:02Z,2170000,False,,,0,,J. Huff REBOUND (Off:1 Def:1),[1630643],1610612754.0,IND,,,,Huff,J. Huff,,,,,Above the Break 3,24+ Center,,,,,,,224.0,2.0,1.0,1.0,,,,,,,,,,
226,PT08M15.00S,2026-01-22T01:16:09.3Z,2,REGULAR,2pt,Jump Shot,"['pointsinthepaint', '2ndchance']",1629614,81.15965834428384,54.90196078431373,1610612754,40,26,2026-01-22T01:17:03Z,2180000,False,25.0,125.0,1,right,A. Nembhard 12' driving floating Jump Shot (6 PTS) (P. Siakam 3 AST),"[1629614, 1627783]",1610612754.0,IND,driving floating,,,Nembhard,A. Nembhard,,,,,In The Paint (Non-RA),8-16 Center,12.7,Made,6.0,P. Siakam,1627783.0,3.0,,,,,,,,,,,,,,
228,PT08M15.00S,2026-01-22T01:16:12.8Z,2,REGULAR,foul,personal,['1freethrow'],1628401,,,1610612754,40,26,2026-01-22T01:16:18Z,2200000,False,,,0,,D. White shooting personal FOUL (1 PF) (Nembhard 1 FT),"[1628401, 1629614]",1610612738.0,BOS,shooting,,,White,D. White,,,,,In The Paint (Non-RA),8-16 Center,,,,,,,,,,,,,,,,2534.0,1.0,0.0,Nembhard,1629614.0
230,PT08M15.00S,2026-01-22T01:16:34.1Z,2,REGULAR,freethrow,1 of 1,['2ndchance'],1629614,,,1610612754,40,27,2026-01-22T01:16:34Z,2220000,False,,,0,,A. Nembhard Free Throw 1 of 1 (7 PTS),[1629614],1610612754.0,IND,,,,Nembhard,A. Nembhard,,,,,,,,Made,7.0,,,,,,,,,,,,,,,,,
231,PT08M05.00S,2026-01-22T01:16:46.6Z,2,REGULAR,3pt,Jump Shot,[],1627759,26.49474375821288,82.1078431372549,1610612738,40,27,2026-01-22T01:16:53Z,2230000,False,-161.0,197.0,1,left,MISS J. Brown 25' 3PT,[1627759],1610612738.0,BOS,,,,Brown,J. Brown,,,,,Above the Break 3,24+ Left Center,25.38,Missed,,,,,,,,,,,,,,,,,,
232,PT08M00.00S,2026-01-22T01:16:51.6Z,2,REGULAR,rebound,defensive,[],1642277,,,1610612754,40,27,2026-01-22T01:16:53Z,2240000,False,,,0,,J. Furphy REBOUND (Off:0 Def:3),[1642277],1610612754.0,IND,,,,Furphy,J. Furphy,,,,,Above the Break 3,24+ Left Center,,,,,,,231.0,3.0,3.0,0.0,,,,,,,,,,
233,PT07M58.00S,2026-01-22T01:16:55.5Z,2,REGULAR,foul,personal,['2freethrow'],1630573,,,1610612754,40,27,2026-01-22T01:17:03Z,2250000,False,,,0,,S. Hauser shooting personal FOUL (1 PF) (Nembhard 2 FT),"[1630573, 1629614]",1610612738.0,BOS,shooting,,,Hauser,S. Hauser,,,,,In The Paint (Non-RA),0-8 Center,,,,,,,,,,,,,,,,1627541.0,1.0,0.0,Nembhard,1629614.0
235,PT07M58.00S,2026-01-22T01:17:18.9Z,2,REGULAR,freethrow,1 of 2,['fastbreak'],1629614,,,1610612754,40,28,2026-01-22T01:17:58Z,2270000,False,,,0,,A. Nembhard Free Throw 1 of 2 (8 PTS),[1629614],1610612754.0,IND,,,,Nembhard,A. Nembhard,,,,,,,,Made,8.0,,,,,,,,,,,,,,,,,
236,PT07M58.00S,2026-01-22T01:17:18.9Z,2,REGULAR,freethrow,2 of 2,['fastbreak'],1629614,,,1610612754,40,29,2026-01-22T01:17:58Z,2280000,False,,,0,,A. Nembhard Free Throw 2 of 2 (9 PTS),[1629614],1610612754.0,IND,,,,Nembhard,A. Nembhard,,,,,,,,Made,9.0,,,,,,,,,,,,,,,,,
237,PT07M41.00S,2026-01-22T01:17:49.2Z,2,REGULAR,2pt,Layup,['pointsinthepaint'],1627759,8.886333771353483,39.21568627450981,1610612738,40,29,2026-01-22T01:18:30Z,2290000,False,54.0,31.0,1,left,MISS J. Brown 6' driving Layup,[1627759],1610612738.0,BOS,driving,,,Brown,J. Brown,,,,,In The Paint (Non-RA),0-8 Center,6.22,Missed,,,,,,,,,,,,,,,,,,
238,PT07M38.00S,2026-01-22T01:17:52.2Z,2,REGULAR,rebound,offensive,[],1629674,,,1610612738,40,29,2026-01-22T01:17:56Z,2300000,False,,,0,,N. Queta REBOUND (Off:1 Def:1),[1629674],1610612738.0,BOS,,,,Queta,N. Queta,,,,,In The Paint (Non-RA),0-8 Center,,,,,,,237.0,2.0,1.0,1.0,,,,,,,,,,
239,PT07M38.00S,2026-01-22T01:17:52.3Z,2,REGULAR,2pt,Layup,"['pointsinthepaint', '2ndchance']",1629674,5.590000152587891,50.0,1610612738,40,29,2026-01-22T01:17:52Z,2310000,False,0.0,0.0,1,left,MISS N. Queta tip Layup,[1629674],1610612738.0,BOS,tip,,,Queta,N. Queta,,,,,Mid-Range,8-16 Left,0.0,Missed,,,,,,,,,,,,,,,,,,
240,PT07M37.00S,2026-01-22T01:17:53.5Z,2,REGULAR,rebound,defensive,[],1627783,,,1610612754,40,29,2026-01-22T01:17:53Z,2320000,False,,,0,,P. Siakam REBOUND (Off:1 Def:5),[1627783],1610612754.0,IND,,,,Siakam,P. Siakam,,,,,Mid-Range,8-16 Left,,,,,,,239.0,6.0,5.0,1.0,,,,,,,,,,
241,PT07M31.00S,2026-01-22T01:18:00.0Z,2,REGULAR,turnover,bad pass,[],1627783,,,1610612754,40,29,2026-01-22T01:18:04Z,2330000,False,,,0,,P. Siakam bad pass TURNOVER (2 TO),"[1627783, 1629014]",1610612754.0,IND,,,,Siakam,P. Siakam,,,,,Mid-Range,16-24 Right Center,,,,,,,,,,,2.0,Simons,1629014.0,,,,,,,
242,PT07M31.00S,2026-01-22T01:18:00.0Z,2,REGULAR,steal,,[],1629014,,,1610612738,40,29,2026-01-22T01:18:01Z,2340000,False,,,0,,A. Simons STEAL (1 STL),[1629014],1610612738.0,BOS,,,,Simons,A. Simons,,,,,Mid-Range,16-24 Right Center,,,,,,,,,,,,,,,,,,,,
243,PT07M26.00S,2026-01-22T01:18:04.3Z,2,REGULAR,3pt,Jump Shot,"['fromturnover', 'fastbreak']",1628401,19.92444152431012,91.17647058823529,1610612738,40,29,2026-01-22T01:18:14Z,2350000,False,-206.0,135.0,1,left,MISS D. White 24' running 3PT,[1628401],1610612738.0,BOS,running,,,White,D. White,,,,,Above the Break 3,24+ Left Center,24.61,Missed,,,,,,,,,,,,,,,,,,
244,PT07M22.00S,2026-01-22T01:18:08.3Z,2,REGULAR,rebound,defensive,[],1627783,,,1610612754,40,29,2026-01-22T01:18:45Z,2360000,False,,,0,,P. Siakam REBOUND (Off:1 Def:6),[1627783],1610612754.0,IND,,,,Siakam,P. Siakam,,,,,Above the Break 3,24+ Left Center,,,,,,,243.0,7.0,6.0,1.0,,,,,,,,,,
245,PT07M19.00S,2026-01-22T01:18:18.0Z,2,REGULAR,foul,personal,[],1629674,,,1610612754,40,29,2026-01-22T01:18:27Z,2370000,False,,,0,,N. Queta personal FOUL (2 PF),"[1629674, 1629614]",1610612738.0,BOS,,,,Queta,N. Queta,,,,,In The Paint (Non-RA),0-8 Center,,,,,,,,,,,,,,,,2534.0,2.0,0.0,Nembhard,1629614.0
247,PT07M19.00S,2026-01-22T01:18:25.5Z,2,REGULAR,substitution,out,[],1630573,,,1610612754,40,29,2026-01-22T01:18:39Z,2390000,False,,,0,,SUB out: S. Hauser,[1630573],1610612738.0,BOS,,,,Hauser,S. Hauser,,,,,,,,,,,,,,,,,,,,,,,,,,
248,PT07M19.00S,2026-01-22T01:18:25.5Z,2,REGULAR,substitution,out,[],1629674,,,1610612754,40,29,2026-01-22T01:18:39Z,2400000,False,,,0,,SUB out: N. Queta,[1629674],1610612738.0,BOS,,,,Queta,N. Queta,,,,,,,,,,,,,,,,,,,,,,,,,,
249,PT07M19.00S,2026-01-22T01:18:25.5Z,2,REGULAR,substitution,in,[],1630568,,,1610612754,40,29,2026-01-22T01:18:39Z,2410000,False,,,0,,SUB in: L. Garza,[1630568],1610612738.0,BOS,,,,Garza,L. Garza,,,,,,,,,,,,,,,,,,,,,,,,,,
250,PT07M19.00S,2026-01-22T01:18:25.5Z,2,REGULAR,substitution,in,[],1642864,,,1610612754,40,29,2026-01-22T01:18:39Z,2420000,False,,,0,,SUB in: H. González,[1642864],1610612738.0,BOS,,,,González,H. González,,,,,,,,,,,,,,,,,,,,,,,,,,
251,PT07M00.00S,2026-01-22T01:19:06.7Z,2,REGULAR,3pt,Jump Shot,[],1631245,93.51182654402102,3.9215686274509802,1610612754,40,32,2026-01-22T01:19:12Z,2430000,False,-230.0,8.0,1,right,Q. Jackson 3PT  (3 PTS) (J. Huff 1 AST),"[1631245, 1630643]",1610612754.0,IND,,,,Jackson,Q. Jackson,,,,,Left Corner 3,24+ Left,23.06,Made,3.0,J. Huff,1630643.0,1.0,,,,,,,,,,,,,,
253,PT06M44.00S,2026-01-22T01:19:22.0Z,2,REGULAR,2pt,Jump Shot,[],1629014,22.026938239159,67.8921568627451,1610612738,40,32,2026-01-22T01:19:30Z,2450000,False,-89.0,155.0,1,left,MISS A. Simons 17' fadeaway Shot,[1629014],1610612738.0,BOS,fadeaway,,,Simons,A. Simons,,,,,Mid-Range,16-24 Left Center,17.86,Missed,,,,,,,,,,,,,,,,,,
254,PT06M39.00S,2026-01-22T01:19:27.0Z,2,REGULAR,rebound,offensive,[],1642864,,,1610612738,40,32,2026-01-22T01:19:30Z,2460000,False,,,0,,H. González REBOUND (Off:1 Def:0),[1642864],1610612738.0,BOS,,,,González,H. González,,,,,Mid-Range,16-24 Left Center,,,,,,,253.0,1.0,0.0,1.0,,,,,,,,,,
255,PT06M35.00S,2026-01-22T01:19:31.6Z,2,REGULAR,3pt,Jump Shot,['2ndchance'],1642864,23.078186596583443,87.25490196078431,1610612738,43,32,2026-01-22T01:19:36Z,2470000,False,-186.0,164.0,1,left,H. González 24' 3PT  (3 PTS) (J. Brown 2 AST),"[1642864, 1627759]",1610612738.0,BOS,,,,González,H. González,,,,,Above the Break 3,24+ Left Center,24.85,Made,3.0,J. Brown,1627759.0,2.0,,,,,,,,,,,,,,
257,PT06M18.00S,2026-01-22T01:19:53.7Z,2,REGULAR,foul,offensive,[],1642277,,,1610612754,43,32,2026-01-22T01:20:02Z,2490000,False,,,0,,J. Furphy charge offensive FOUL (3 PF),"[1642277, 1630568]",1610612754.0,IND,charge,,,Furphy,J. Furphy,,,,,Restricted Area,0-8 Center,,,,,,,,,,,,,,,,1627541.0,3.0,0.0,Garza,1630568.0
259,PT06M18.00S,2026-01-22T01:19:53.7Z,2,REGULAR,turnover,offensive foul,[],1642277,,,1610612754,43,32,2026-01-22T01:19:53Z,2510000,False,,,0,,J. Furphy offensive foul TURNOVER (1 TO),[1642277],1610612754.0,IND,,,,Furphy,J. Furphy,,,,,Restricted Area,0-8 Center,,,,,,,,,,,1.0,,,,,1627541.0,,,,
260,PT06M18.00S,2026-01-22T01:19:59.1Z,2,REGULAR,substitution,out,[],1629014,,,1610612738,43,32,2026-01-22T01:20:03Z,2520000,False,,,0,,SUB out: A. Simons,[1629014],1610612738.0,BOS,,,,Simons,A. Simons,,,,,,,,,,,,,,,,,,,,,,,,,,
261,PT06M18.00S,2026-01-22T01:19:59.1Z,2,REGULAR,substitution,in,[],1630202,,,1610612738,43,32,2026-01-22T01:20:03Z,2530000,False,,,0,,SUB in: P. Pritchard,[1630202],1610612738.0,BOS,,,,Pritchard,P. Pritchard,,,,,,,,,,,,,,,,,,,,,,,,,,
262,PT06M18.00S,2026-01-22T01:20:12.7Z,2,REGULAR,substitution,out,[],1642277,,,1610612738,43,32,2026-01-22T01:20:20Z,2540000,False,,,0,,SUB out: J. Furphy,[1642277],1610612754.0,IND,,,,Furphy,J. Furphy,,,,,,,,,,,,,,,,,,,,,,,,,,
263,PT06M18.00S,2026-01-22T01:20:12.7Z,2,REGULAR,substitution,out,[],1627783,,,1610612738,43,32,2026-01-22T01:20:20Z,2550000,False,,,0,,SUB out: P. Siakam,[1627783],1610612754.0,IND,,,,Siakam,P. Siakam,,,,,,,,,,,,,,,,,,,,,,,,,,
264,PT06M18.00S,2026-01-22T01:20:12.7Z,2,REGULAR,substitution,in,[],1630174,,,1610612738,43,32,2026-01-22T01:20:20Z,2560000,False,,,0,,SUB in: A. Nesmith,[1630174],1610612754.0,IND,,,,Nesmith,A. Nesmith,,,,,,,,,,,,,,,,,,,,,,,,,,
265,PT06M18.00S,2026-01-22T01:20:12.7Z,2,REGULAR,substitution,in,[],1641716,,,1610612738,43,32,2026-01-22T01:20:20Z,2570000,False,,,0,,SUB in: J. Walker,[1641716],1610612754.0,IND,,,,Walker,J. Walker,,,,,,,,,,,,,,,,,,,,,,,,,,
266,PT05M59.00S,2026-01-22T01:20:48.0Z,2,REGULAR,2pt,Jump Shot,['fromturnover'],1627759,18.084756898817346,74.26470588235294,1610612738,45,32,2026-01-22T01:21:12Z,2580000,False,-121.0,117.0,1,left,J. Brown 16' turnaround fadeaway Jump Shot (9 PTS),[1627759],1610612738.0,BOS,turnaround fadeaway,,,Brown,J. Brown,,,,,Mid-Range,16-24 Left Center,16.89,Made,9.0,,,,,,,,,,,,,,,,,
267,PT05M48.00S,2026-01-22T01:20:58.1Z,2,REGULAR,3pt,Jump Shot,[],1629614,73.53810775295663,14.215686274509803,1610612754,45,32,2026-01-22T01:21:02Z,2590000,False,-179.0,196.0,1,right,MISS A. Nembhard 26' 3PT,[1629614],1610612754.0,IND,,,,Nembhard,A. Nembhard,,,,,Above the Break 3,24+ Left Center,26.55,Missed,,,,,,,,,,,,,,,,,,
268,PT05M47.00S,2026-01-22T01:20:59.1Z,2,REGULAR,rebound,defensive,[],1630568,,,1610612738,45,32,2026-01-22T01:21:02Z,2600000,False,,,0,,L. Garza REBOUND (Off:2 Def:2),[1630568],1610612738.0,BOS,,,,Garza,L. Garza,,,,,Above the Break 3,24+ Left Center,,,,,,,267.0,4.0,2.0,2.0,,,,,,,,,,
269,PT05M38.00S,2026-01-22T01:21:08.9Z,2,REGULAR,2pt,Layup,['pointsinthepaint'],1627759,5.863994743758213,59.31372549019608,1610612738,47,32,2026-01-22T01:21:12Z,2610000,False,-47.0,3.0,1,left,J. Brown driving Layup (11 PTS) (P. Pritchard 4 AST),"[1627759, 1630202]",1610612738.0,BOS,driving,,,Brown,J. Brown,,,,,In The Paint (Non-RA),0-8 Center,4.67,Made,11.0,P. Pritchard,1630202.0,4.0,,,,,,,,,,,,,,
271,PT05M37.00S,2026-01-22T01:21:15.0Z,2,REGULAR,timeout,full,"['team', 'mandatory']",0,,,1610612754,47,32,2026-01-22T01:21:15Z,2630000,False,,,0,,IND Timeout,[],1610612754.0,IND,,,,,,,,,,,,,,,,,,,,,,,,,,,,,,,
272,PT05M37.00S,2026-01-22T01:23:38.9Z,2,REGULAR,substitution,out,[],1629614,,,1610612754,47,32,2026-01-22T01:23:54Z,2640000,False,,,0,,SUB out: A. Nembhard,[1629614],1610612754.0,IND,,,,Nembhard,A. Nembhard,,,,,,,,,,,,,,,,,,,,,,,,,,
273,PT05M37.00S,2026-01-22T01:23:38.9Z,2,REGULAR,substitution,out,[],1631245,,,1610612754,47,32,2026-01-22T01:23:54Z,2650000,False,,,0,,SUB out: Q. Jackson,[1631245],1610612754.0,IND,,,,Jackson,Q. Jackson,,,,,,,,,,,,,,,,,,,,,,,,,,
274,PT05M37.00S,2026-01-22T01:23:38.9Z,2,REGULAR,substitution,in,[],204456,,,1610612754,47,32,2026-01-22T01:23:54Z,2660000,False,,,0,,SUB in: T. McConnell,[204456],1610612754.0,IND,,,,McConnell,T. McConnell,,,,,,,,,,,,,,,,,,,,,,,,,,
275,PT05M37.00S,2026-01-22T01:23:38.9Z,2,REGULAR,substitution,in,[],1641767,,,1610612754,47,32,2026-01-22T01:23:54Z,2670000,False,,,0,,SUB in: B. Sheppard,[1641767],1610612754.0,IND,,,,Sheppard,B. Sheppard,,,,,,,,,,,,,,,,,,,,,,,,,,
276,PT05M20.00S,2026-01-22T01:24:23.6Z,2,REGULAR,2pt,Jump Shot,['pointsinthepaint'],1630174,82.34231274638634,38.970588235294116,1610612754,47,32,2026-01-22T01:24:29Z,2680000,False,-55.0,113.0,1,right,MISS A. Nesmith 12' driving floating Shot,[1630174],1610612754.0,IND,driving floating,,,Nesmith,A. Nesmith,,,,,In The Paint (Non-RA),8-16 Center,12.62,Missed,,,,,,,,,,,,,,,,,,
277,PT05M17.00S,2026-01-22T01:24:26.6Z,2,REGULAR,rebound,defensive,[],1630202,,,1610612738,47,32,2026-01-22T01:24:29Z,2690000,False,,,0,,P. Pritchard REBOUND (Off:1 Def:1),[1630202],1610612738.0,BOS,,,,Pritchard,P. Pritchard,,,,,In The Paint (Non-RA),8-16 Center,,,,,,,276.0,2.0,1.0,1.0,,,,,,,,,,
279,PT05M10.00S,2026-01-22T01:24:47.6Z,2,REGULAR,substitution,out,[],1630568,,,1610612738,47,32,2026-01-22T01:24:58Z,2710000,False,,,0,,SUB out: L. Garza,[1630568],1610612738.0,BOS,,,,Garza,L. Garza,,,,,,,,,,,,,,,,,,,,,,,,,,
280,PT05M10.00S,2026-01-22T01:24:47.6Z,2,REGULAR,substitution,out,[],1630643,,,1610612738,47,32,2026-01-22T01:24:58Z,2720000,False,,,0,,SUB out: J. Huff,[1630643],1610612754.0,IND,,,,Huff,J. Huff,,,,,,,,,,,,,,,,,,,,,,,,,,
281,PT05M10.00S,2026-01-22T01:24:47.6Z,2,REGULAR,substitution,in,[],1629674,,,1610612738,47,32,2026-01-22T01:24:58Z,2730000,False,,,0,,SUB in: N. Queta,[1629674],1610612738.0,BOS,,,,Queta,N. Queta,,,,,,,,,,,,,,,,,,,,,,,,,,
282,PT05M10.00S,2026-01-22T01:24:47.6Z,2,REGULAR,substitution,in,[],1630543,,,1610612738,47,32,2026-01-22T01:24:58Z,2740000,False,,,0,,SUB in: I. Jackson,[1630543],1610612754.0,IND,,,,Jackson,I. Jackson,,,,,,,,,,,,,,,,,,,,,,,,,,
283,PT05M08.00S,2026-01-22T01:25:07.8Z,2,REGULAR,2pt,Layup,['pointsinthepaint'],1642864,6.783837056504599,47.05882352941176,1610612738,49,32,2026-01-22T01:25:12Z,2750000,False,15.0,11.0,1,left,H. González cutting Layup (5 PTS) (D. White 2 AST),"[1642864, 1628401]",1610612738.0,BOS,cutting,,,González,H. González,,,,,Restricted Area,0-8 Center,1.85,Made,5.0,D. White,1628401.0,2.0,,,,,,,,,,,,,,
285,PT04M53.00S,2026-01-22T01:25:22.3Z,2,REGULAR,3pt,Jump Shot,[],1641716,70.51576872536137,24.509803921568626,1610612754,49,32,2026-01-22T01:25:29Z,2770000,False,-127.0,225.0,1,right,MISS J. Walker 25' 3PT,[1641716],1610612754.0,IND,,,,Walker,J. Walker,,,,,Above the Break 3,24+ Left Center,25.84,Missed,,,,,,,,,,,,,,,,,,
286,PT04M51.00S,2026-01-22T01:25:26.5Z,2,REGULAR,rebound,offensive,[],1630543,,,1610612754,49,32,2026-01-22T01:25:26Z,2780000,False,,,0,,I. Jackson REBOUND (Off:1 Def:0),[1630543],1610612754.0,IND,,,,Jackson,I. Jackson,,,,,Above the Break 3,24+ Left Center,,,,,,,285.0,1.0,0.0,1.0,,,,,,,,,,
287,PT04M51.00S,2026-01-22T01:25:27.3Z,2,REGULAR,turnover,out-of-bounds,[],1630543,,,1610612754,49,32,2026-01-22T01:25:32Z,2790000,False,,,0,,I. Jackson bad pass out-of-bounds TURNOVER (2 TO),[1630543],1610612754.0,IND,bad pass,,,Jackson,I. Jackson,,,,,In The Paint (Non-RA),0-8 Center,,,,,,,,,,,2.0,,,,,1627541.0,,,,
288,PT04M44.00S,2026-01-22T01:25:43.1Z,2,REGULAR,foul,personal,['2freethrow'],1630174,,,1610612738,49,32,2026-01-22T01:25:53Z,2800000,False,,,0,,A. Nesmith shooting personal FOUL (1 PF) (Queta 2 FT),"[1630174, 1629674]",1610612754.0,IND,shooting,,,Nesmith,A. Nesmith,,,,,Restricted Area,0-8 Center,,,,,,,,,,,,,,,,1627541.0,1.0,0.0,Queta,1629674.0
290,PT04M44.00S,2026-01-22T01:26:17.6Z,2,REGULAR,freethrow,1 of 2,['fromturnover'],1629674,,,1610612738,50,32,2026-01-22T01:26:17Z,2820000,False,,,0,,N. Queta Free Throw 1 of 2 (1 PTS),[1629674],1610612738.0,BOS,,,,Queta,N. Queta,,,,,,,,Made,1.0,,,,,,,,,,,,,,,,,
291,PT04M44.00S,2026-01-22T01:26:18.3Z,2,REGULAR,substitution,out,[],1630543,,,1610612738,50,32,2026-01-22T01:26:23Z,2830000,False,,,0,,SUB out: I. Jackson,[1630543],1610612754.0,IND,,,,Jackson,I. Jackson,,,,,,,,,,,,,,,,,,,,,,,,,,
292,PT04M44.00S,2026-01-22T01:26:18.3Z,2,REGULAR,substitution,in,[],1627783,,,1610612738,50,32,2026-01-22T01:26:23Z,2840000,False,,,0,,SUB in: P. Siakam,[1627783],1610612754.0,IND,,,,Siakam,P. Siakam,,,,,,,,,,,,,,,,,,,,,,,,,,
293,PT04M44.00S,2026-01-22T01:26:40.3Z,2,REGULAR,freethrow,2 of 2,['fromturnover'],1629674,,,1610612738,51,32,2026-01-22T01:26:40Z,2850000,False,,,0,,N. Queta Free Throw 2 of 2 (2 PTS),[1629674],1610612738.0,BOS,,,,Queta,N. Queta,,,,,,,,Made,2.0,,,,,,,,,,,,,,,,,
294,PT04M30.00S,2026-01-22T01:26:56.0Z,2,REGULAR,3pt,Jump Shot,[],1641767,68.15045992115637,56.61764705882353,1610612754,51,32,2026-01-22T01:27:01Z,2860000,False,33.0,247.0,1,right,MISS B. Sheppard 24' 3PT,[1641767],1610612754.0,IND,,,,Sheppard,B. Sheppard,,,,,Above the Break 3,24+ Center,24.91,Missed,,,,,,,,,,,,,,,,,,
295,PT04M27.00S,2026-01-22T01:26:59.0Z,2,REGULAR,rebound,defensive,[],1642864,,,1610612738,51,32,2026-01-22T01:27:01Z,2870000,False,,,0,,H. González REBOUND (Off:1 Def:1),[1642864],1610612738.0,BOS,,,,González,H. González,,,,,Above the Break 3,24+ Center,,,,,,,294.0,2.0,1.0,1.0,,,,,,,,,,
296,PT04M16.00S,2026-01-22T01:27:10.1Z,2,REGULAR,foul,personal,['2freethrow'],1641716,,,1610612738,51,32,2026-01-22T01:27:19Z,2880000,False,,,0,,J. Walker shooting personal FOUL (1 PF) (Brown 2 FT),"[1641716, 1627759]",1610612754.0,IND,shooting,,,Walker,J. Walker,,,,,In The Paint (Non-RA),0-8 Center,,,,,,,,,,,,,,,,1627541.0,1.0,0.0,Brown,1627759.0
298,PT04M16.00S,2026-01-22T01:27:43.1Z,2,REGULAR,freethrow,1 of 2,[],1627759,,,1610612738,52,32,2026-01-22T01:27:43Z,2900000,False,,,0,,J. Brown Free Throw 1 of 2 (12 PTS),[1627759],1610612738.0,BOS,,,,Brown,J. Brown,,,,,,,,Made,12.0,,,,,,,,,,,,,,,,,
299,PT04M16.00S,2026-01-22T01:28:02.1Z,2,REGULAR,freethrow,2 of 2,[],1627759,,,1610612738,53,32,2026-01-22T01:28:02Z,2910000,False,,,0,,J. Brown Free Throw 2 of 2 (13 PTS),[1627759],1610612738.0,BOS,,,,Brown,J. Brown,,,,,,,,Made,13.0,,,,,,,,,,,,,,,,,
300,PT04M07.00S,2026-01-22T01:28:12.0Z,2,REGULAR,2pt,Jump Shot,['pointsinthepaint'],1630174,81.02825229960578,41.17647058823529,1610612754,53,32,2026-01-22T01:28:18Z,2920000,False,-44.0,126.0,1,right,MISS A. Nesmith 13' driving floating Shot,[1630174],1610612754.0,IND,driving floating,,,Nesmith,A. Nesmith,,,,,In The Paint (Non-RA),8-16 Center,13.33,Missed,,,,,,,,,,,,,,,,,,
301,PT04M06.00S,2026-01-22T01:28:13.0Z,2,REGULAR,rebound,defensive,[],1629674,,,1610612738,53,32,2026-01-22T01:28:18Z,2930000,False,,,0,,N. Queta REBOUND (Off:1 Def:2),[1629674],1610612738.0,BOS,,,,Queta,N. Queta,,,,,In The Paint (Non-RA),8-16 Center,,,,,,,300.0,3.0,2.0,1.0,,,,,,,,,,
302,PT03M57.00S,2026-01-22T01:28:22.5Z,2,REGULAR,2pt,Hook,[],1627759,9.674770039421814,66.42156862745098,1610612738,53,32,2026-01-22T01:29:11Z,2940000,False,-82.0,38.0,1,left,MISS J. Brown 9' driving Hook,[1627759],1610612738.0,BOS,driving,,,Brown,J. Brown,,,,,Mid-Range,8-16 Left,9.06,Missed,,,,,,,,,,,,,,,,,,
303,PT03M54.00S,2026-01-22T01:28:25.5Z,2,REGULAR,rebound,offensive,[],1629674,,,1610612738,53,32,2026-01-22T01:28:28Z,2950000,False,,,0,,N. Queta REBOUND (Off:2 Def:2),[1629674],1610612738.0,BOS,,,,Queta,N. Queta,,,,,Mid-Range,8-16 Left,,,,,,,302.0,4.0,2.0,2.0,,,,,,,,,,
304,PT03M54.00S,2026-01-22T01:28:25.0Z,2,REGULAR,2pt,Layup,"['2ndchance', 'pointsinthepaint']",1629674,5.590000152587891,50.0,1610612738,55,32,2026-01-22T01:29:00Z,2960000,False,0.0,0.0,1,left,N. Queta tip Layup (4 PTS),[1629674],1610612738.0,BOS,tip,,,Queta,N. Queta,,,,,Restricted Area,0-8 Center,0.0,Made,4.0,,,,,,,,,,,,,,,,,
305,PT03M54.00S,2026-01-22T01:28:33.0Z,2,REGULAR,timeout,full,['team'],0,,,1610612754,55,32,2026-01-22T01:28:33Z,2970000,False,,,0,,IND Timeout,[],1610612754.0,IND,,,,,,,,,,,,,,,,,,,,,,,,,,,,,,,
357,PT03M54.00S,2026-01-22T01:29:23.9Z,2,REGULAR,substitution,out,[],204456,,,1610612754,55,32,2026-01-22T01:40:52Z,2975000,False,,,0,,SUB out: T. McConnell,[204456],1610612754.0,IND,,,,McConnell,T. McConnell,,,,,,,,,,,,,,,,,,,,,,,,,,
358,PT03M54.00S,2026-01-22T01:29:23.9Z,2,REGULAR,substitution,in,[],1629614,,,1610612754,55,32,2026-01-22T01:40:52Z,2977500,False,,,0,,SUB in: A. Nembhard,[1629614],1610612754.0,IND,,,,Nembhard,A. Nembhard,,,,,,,,,,,,,,,,,,,,,,,,,,
306,PT03M34.00S,2026-01-22T01:30:14.9Z,2,REGULAR,2pt,Jump Shot,['pointsinthepaint'],1641716,82.60512483574244,35.53921568627451,1610612754,55,32,2026-01-22T01:30:51Z,2980000,False,-72.0,111.0,1,right,MISS J. Walker 13' driving floating Shot,[1641716],1610612754.0,IND,driving floating,,,Walker,J. Walker,,,,,In The Paint (Non-RA),8-16 Left,13.25,Missed,,,,,,,,,,,,,,,,,,
307,PT03M30.00S,2026-01-22T01:30:18.9Z,2,REGULAR,rebound,offensive,[],1627783,,,1610612754,55,32,2026-01-22T01:30:23Z,2990000,False,,,0,,P. Siakam REBOUND (Off:2 Def:6),[1627783],1610612754.0,IND,,,,Siakam,P. Siakam,,,,,In The Paint (Non-RA),8-16 Left,,,,,,,306.0,8.0,6.0,2.0,,,,,,,,,,
308,PT03M28.00S,2026-01-22T01:30:21.1Z,2,REGULAR,2pt,Layup,"['pointsinthepaint', '2ndchance']",1627783,94.43166885676742,36.51960784313725,1610612754,55,34,2026-01-22T01:31:08Z,3000000,False,-67.0,0.0,1,right,P. Siakam 6' putback Layup (11 PTS),[1627783],1610612754.0,IND,putback,,,Siakam,P. Siakam,,,,,In The Paint (Non-RA),0-8 Center,6.74,Made,11.0,,,,,,,,,,,,,,,,,
309,PT03M22.00S,2026-01-22T01:30:29.1Z,2,REGULAR,foul,personal,['2freethrow'],1641716,,,1610612738,55,34,2026-01-22T01:30:35Z,3010000,False,,,0,,J. Walker shooting personal FOUL (2 PF) (Brown 2 FT),"[1641716, 1627759]",1610612754.0,IND,shooting,,,Walker,J. Walker,,,,,In The Paint (Non-RA),0-8 Center,,,,,,,,,,,,,,,,11629177.0,2.0,0.0,Brown,1627759.0
311,PT03M22.00S,2026-01-22T01:30:58.7Z,2,REGULAR,freethrow,1 of 2,[],1627759,,,1610612738,56,34,2026-01-22T01:30:58Z,3030000,False,,,0,,J. Brown Free Throw 1 of 2 (14 PTS),[1627759],1610612738.0,BOS,,,,Brown,J. Brown,,,,,,,,Made,14.0,,,,,,,,,,,,,,,,,
312,PT03M22.00S,2026-01-22T01:31:16.7Z,2,REGULAR,freethrow,2 of 2,[],1627759,,,1610612738,57,34,2026-01-22T01:31:16Z,3040000,False,,,0,,J. Brown Free Throw 2 of 2 (15 PTS),[1627759],1610612738.0,BOS,,,,Brown,J. Brown,,,,,,,,Made,15.0,,,,,,,,,,,,,,,,,
313,PT03M05.00S,2026-01-22T01:31:34.5Z,2,REGULAR,3pt,Jump Shot,[],1627783,81.8166885676741,95.58823529411765,1610612754,57,37,2026-01-22T01:31:41Z,3050000,False,228.0,118.0,1,right,P. Siakam 25' 3PT  (14 PTS) (A. Nesmith 2 AST),"[1627783, 1630174]",1610612754.0,IND,,,,Siakam,P. Siakam,,,,,Above the Break 3,24+ Right Center,25.68,Made,14.0,A. Nesmith,1630174.0,2.0,,,,,,,,,,,,,,
315,PT02M52.00S,2026-01-22T01:31:47.6Z,2,REGULAR,2pt,DUNK,['pointsinthepaint'],1629674,5.338370565045992,52.20588235294118,1610612738,59,37,2026-01-22T01:31:51Z,3070000,False,-11.0,-2.0,1,left,N. Queta cutting DUNK (6 PTS) (J. Brown 3 AST),"[1629674, 1627759]",1610612738.0,BOS,cutting,,,Queta,N. Queta,,,,,Restricted Area,0-8 Center,1.12,Made,6.0,J. Brown,1627759.0,3.0,,,,,,,,,,,,,,
317,PT02M42.00S,2026-01-22T01:31:59.8Z,2,REGULAR,foul,personal,"['inpenalty', '2freethrow']",1642864,,,1610612754,59,37,2026-01-22T01:32:27Z,3090000,False,,,0,,H. González personal FOUL (1 PF) (Siakam 2 FT),"[1642864, 1627783]",1610612738.0,BOS,,,,González,H. González,,,,,In The Paint (Non-RA),0-8 Center,,,,,,,,,,,,,,,,11629177.0,1.0,0.0,Siakam,1627783.0
319,PT02M42.00S,2026-01-22T01:32:56.5Z,2,REGULAR,freethrow,1 of 2,[],1627783,,,1610612754,59,38,2026-01-22T01:32:56Z,3110000,False,,,0,,P. Siakam Free Throw 1 of 2 (15 PTS),[1627783],1610612754.0,IND,,,,Siakam,P. Siakam,,,,,,,,Made,15.0,,,,,,,,,,,,,,,,,
320,PT02M42.00S,2026-01-22T01:32:57.3Z,2,REGULAR,substitution,out,[],1642864,,,1610612754,59,38,2026-01-22T01:33:01Z,3120000,False,,,0,,SUB out: H. González,[1642864],1610612738.0,BOS,,,,González,H. González,,,,,,,,,,,,,,,,,,,,,,,,,,
321,PT02M42.00S,2026-01-22T01:32:57.3Z,2,REGULAR,substitution,out,[],1641767,,,1610612754,59,38,2026-01-22T01:33:01Z,3130000,False,,,0,,SUB out: B. Sheppard,[1641767],1610612754.0,IND,,,,Sheppard,B. Sheppard,,,,,,,,,,,,,,,,,,,,,,,,,,
322,PT02M42.00S,2026-01-22T01:32:57.3Z,2,REGULAR,substitution,in,[],1630573,,,1610612754,59,38,2026-01-22T01:33:01Z,3140000,False,,,0,,SUB in: S. Hauser,[1630573],1610612738.0,BOS,,,,Hauser,S. Hauser,,,,,,,,,,,,,,,,,,,,,,,,,,
323,PT02M42.00S,2026-01-22T01:32:57.3Z,2,REGULAR,substitution,in,[],1630695,,,1610612754,59,38,2026-01-22T01:33:01Z,3150000,False,,,0,,SUB in: M. Potter,[1630695],1610612754.0,IND,,,,Potter,M. Potter,,,,,,,,,,,,,,,,,,,,,,,,,,
324,PT02M42.00S,2026-01-22T01:33:23.1Z,2,REGULAR,freethrow,2 of 2,[],1627783,,,1610612754,59,39,2026-01-22T01:33:23Z,3160000,False,,,0,,P. Siakam Free Throw 2 of 2 (16 PTS),[1627783],1610612754.0,IND,,,,Siakam,P. Siakam,,,,,,,,Made,16.0,,,,,,,,,,,,,,,,,
325,PT02M34.00S,2026-01-22T01:33:35.5Z,2,REGULAR,turnover,out-of-bounds,[],1627759,,,1610612738,59,39,2026-01-22T01:33:42Z,3170000,False,,,0,,J. Brown lost ball out-of-bounds TURNOVER (3 TO),[1627759],1610612738.0,BOS,lost ball,,,Brown,J. Brown,,,,,Above the Break 3,24+ Left Center,,,,,,,,,,,3.0,,,,,1627541.0,,,,
326,PT02M25.00S,2026-01-22T01:33:46.2Z,2,REGULAR,3pt,Jump Shot,['fromturnover'],1641716,70.64717477003943,79.16666666666666,1610612754,59,42,2026-01-22T01:33:51Z,3180000,False,146.0,223.0,1,right,J. Walker 26' 3PT  (5 PTS) (A. Nesmith 3 AST),"[1641716, 1630174]",1610612754.0,IND,,,,Walker,J. Walker,,,,,Above the Break 3,24+ Right Center,26.68,Made,5.0,A. Nesmith,1630174.0,3.0,,,,,,,,,,,,,,
328,PT02M23.00S,2026-01-22T01:33:52.9Z,2,REGULAR,timeout,full,['team'],0,,,1610612738,59,42,2026-01-22T01:33:52Z,3200000,False,,,0,,BOS Timeout,[],1610612738.0,BOS,,,,,,,,,,,,,,,,,,,,,,,,,,,,,,,
329,PT02M10.00S,2026-01-22T01:35:30.1Z,2,REGULAR,2pt,DUNK,['pointsinthepaint'],1629674,5.601182654402102,51.470588235294116,1610612738,61,42,2026-01-22T01:35:37Z,3210000,False,-7.0,0.0,1,left,N. Queta alley-oop DUNK (8 PTS) (D. White 3 AST),"[1629674, 1628401]",1610612738.0,BOS,alley-oop,,,Queta,N. Queta,,,,,Restricted Area,0-8 Center,0.74,Made,8.0,D. White,1628401.0,3.0,,,,,,,,,,,,,,
331,PT01M54.00S,2026-01-22T01:35:46.6Z,2,REGULAR,3pt,Jump Shot,[],1630695,86.02168199737189,95.83333333333334,1610612754,61,42,2026-01-22T01:35:50Z,3230000,False,229.0,79.0,1,right,MISS M. Potter 24' 3PT,[1630695],1610612754.0,IND,,,,Potter,M. Potter,,,,,Right Corner 3,24+ Right,24.24,Missed,,,,,,,,,,,,,,,,,,
332,PT01M52.00S,2026-01-22T01:35:48.6Z,2,REGULAR,rebound,defensive,[],1630202,,,1610612738,61,42,2026-01-22T01:35:50Z,3240000,False,,,0,,P. Pritchard REBOUND (Off:1 Def:2),[1630202],1610612738.0,BOS,,,,Pritchard,P. Pritchard,,,,,Right Corner 3,24+ Right,,,,,,,331.0,3.0,2.0,1.0,,,,,,,,,,
333,PT01M35.00S,2026-01-22T01:36:05.7Z,2,REGULAR,3pt,Jump Shot,[],1628401,27.677398160315374,19.852941176470587,1610612738,64,42,2026-01-22T01:36:10Z,3250000,False,151.0,208.0,1,left,D. White 25' 3PT  (5 PTS) (P. Pritchard 5 AST),"[1628401, 1630202]",1610612738.0,BOS,,,,White,D. White,,,,,Above the Break 3,24+ Right Center,25.66,Made,5.0,P. Pritchard,1630202.0,5.0,,,,,,,,,,,,,,
335,PT01M27.00S,2026-01-22T01:36:18.4Z,2,REGULAR,2pt,Layup,[],1630174,85.89027595269383,74.75490196078431,1610612754,64,44,2026-01-22T01:36:47Z,3270000,False,124.0,80.0,1,right,A. Nesmith 14' driving Layup (4 PTS),[1630174],1610612754.0,IND,driving,,,Nesmith,A. Nesmith,,,,,Mid-Range,8-16 Right,14.75,Made,4.0,,,,,,,,,,,,,,,,,
336,PT01M27.00S,2026-01-22T01:36:25.0Z,2,REGULAR,foul,personal,"['inpenalty', '1freethrow']",1628401,,,1610612754,64,44,2026-01-22T01:36:31Z,3280000,False,,,0,,D. White shooting personal FOUL (2 PF) (Nesmith 1 FT),"[1628401, 1630174]",1610612738.0,BOS,shooting,,,White,D. White,,,,,Mid-Range,8-16 Right,,,,,,,,,,,,,,,,1627541.0,2.0,0.0,Nesmith,1630174.0
338,PT01M27.00S,2026-01-22T01:36:57.8Z,2,REGULAR,freethrow,1 of 1,[],1630174,,,1610612754,64,44,2026-01-22T01:36:57Z,3300000,False,,,0,,MISS A. Nesmith Free Throw 1 of 1,[1630174],1610612754.0,IND,,,,Nesmith,A. Nesmith,,,,,,,,Missed,,,,,,,,,,,,,,,,,,
339,PT01M26.00S,2026-01-22T01:36:58.8Z,2,REGULAR,rebound,defensive,[],1629674,,,1610612738,64,44,2026-01-22T01:37:07Z,3310000,False,,,0,,N. Queta REBOUND (Off:2 Def:3),[1629674],1610612738.0,BOS,,,,Queta,N. Queta,,,,,,,,,,,,,338.0,5.0,3.0,2.0,,,,,,,,,,
340,PT01M12.00S,2026-01-22T01:37:11.9Z,2,REGULAR,3pt,Jump Shot,[],1630202,19.530223390275953,91.91176470588235,1610612738,64,44,2026-01-22T01:37:39Z,3320000,False,-210.0,131.0,1,left,MISS P. Pritchard 24' pullup 3PT,[1630202],1610612738.0,BOS,pullup,,,Pritchard,P. Pritchard,,,,,Above the Break 3,24+ Left Center,24.72,Missed,,,,,,,,,,,,,,,,,,
341,PT01M09.00S,2026-01-22T01:37:14.9Z,2,REGULAR,rebound,defensive,[],1630695,,,1610612754,64,44,2026-01-22T01:37:16Z,3330000,False,,,0,,M. Potter REBOUND (Off:0 Def:1),[1630695],1610612754.0,IND,,,,Potter,M. Potter,,,,,Above the Break 3,24+ Left Center,,,,,,,340.0,1.0,1.0,0.0,,,,,,,,,,
342,PT00M59.10S,2026-01-22T01:37:25.3Z,2,REGULAR,2pt,Jump Shot,[],1641716,77.34888304862024,47.05882352941176,1610612754,64,46,2026-01-22T01:38:09Z,3340000,False,-15.0,160.0,1,right,J. Walker 16' pullup Jump Shot (7 PTS) (A. Nembhard 1 AST),"[1641716, 1629614]",1610612754.0,IND,pullup,,,Walker,J. Walker,,,,,Mid-Range,16-24 Center,16.11,Made,7.0,A. Nembhard,1629614.0,1.0,,,,,,,,,,,,,,
344,PT00M35.40S,2026-01-22T01:37:52.3Z,2,REGULAR,2pt,Layup,['pointsinthepaint'],1627759,9.149145860709593,36.51960784313725,1610612738,64,46,2026-01-22T01:38:31Z,3360000,False,67.0,34.0,1,left,MISS J. Brown 7' driving Layup - blocked,"[1627759, 1630695]",1610612738.0,BOS,driving,,,Brown,J. Brown,,,,,In The Paint (Non-RA),0-8 Center,7.53,Missed,,,,,,,,,,,,Potter,1630695.0,,,,,
345,PT00M35.40S,2026-01-22T01:37:52.3Z,2,REGULAR,block,,[],1630695,,,1610612738,64,46,2026-01-22T01:37:54Z,3370000,False,,,0,,M. Potter BLOCK (1 BLK),[1630695],1610612754.0,IND,,,,Potter,M. Potter,,,,,In The Paint (Non-RA),0-8 Center,,,,,,,,,,,,,,,,,,,,
346,PT00M34.30S,2026-01-22T01:37:53.4Z,2,REGULAR,rebound,offensive,[],1627759,,,1610612738,64,46,2026-01-22T01:38:06Z,3380000,False,,,0,,J. Brown REBOUND (Off:2 Def:2),[1627759],1610612738.0,BOS,,,,Brown,J. Brown,,,,,In The Paint (Non-RA),0-8 Center,,,,,,,344.0,4.0,2.0,2.0,,,,,,,,,,
347,PT00M34.30S,2026-01-22T01:37:55.7Z,2,REGULAR,2pt,Layup,"['pointsinthepaint', '2ndchance']",1627759,4.681340341655716,48.28431372549019,1610612738,66,46,2026-01-22T01:38:52Z,3390000,False,9.0,-8.0,1,left,J. Brown putback Layup (17 PTS),[1627759],1610612738.0,BOS,putback,,,Brown,J. Brown,,,,,Restricted Area,0-8 Center,1.21,Made,17.0,,,,,,,,,,,,,,,,,
350,PT00M26.00S,2026-01-22T01:38:04.0Z,2,REGULAR,3pt,Jump Shot,[],1627783,82.07950065703022,5.147058823529411,1610612754,66,46,2026-01-22T01:38:11Z,3400000,False,-224.0,116.0,1,right,MISS P. Siakam 25' 3PT,[1627783],1610612754.0,IND,,,,Siakam,P. Siakam,,,,,Above the Break 3,24+ Left Center,25.25,Missed,,,,,,,,,,,,,,,,,,
351,PT00M26.00S,2026-01-22T01:38:04.0Z,2,REGULAR,rebound,offensive,[],1629614,,,1610612754,66,46,2026-01-22T01:38:11Z,3410000,False,,,0,,A. Nembhard REBOUND (Off:1 Def:2),[1629614],1610612754.0,IND,,,,Nembhard,A. Nembhard,,,,,Above the Break 3,24+ Left Center,,,,,,,350.0,3.0,2.0,1.0,,,,,,,,,,
352,PT00M14.20S,2026-01-22T01:38:15.8Z,2,REGULAR,turnover,bad pass,[],1629614,,,1610612754,66,46,2026-01-22T01:38:19Z,3420000,False,,,0,,A. Nembhard bad pass TURNOVER (2 TO),"[1629614, 1630202]",1610612754.0,IND,,,,Nembhard,A. Nembhard,,,,,In The Paint (Non-RA),0-8 Center,,,,,,,,,,,2.0,Pritchard,1630202.0,,,,,,,
353,PT00M14.20S,2026-01-22T01:38:15.8Z,2,REGULAR,steal,,[],1630202,,,1610612738,66,46,2026-01-22T01:38:17Z,3430000,False,,,0,,P. Pritchard STEAL (1 STL),[1630202],1610612738.0,BOS,,,,Pritchard,P. Pritchard,,,,,In The Paint (Non-RA),0-8 Center,,,,,,,,,,,,,,,,,,,,
354,PT00M00.00S,2026-01-22T01:38:30.5Z,2,REGULAR,2pt,Jump Shot,['fromturnover'],1630202,11.12023653088042,84.06862745098039,1610612738,66,46,2026-01-22T01:38:37Z,3440000,False,-170.0,52.0,1,left,MISS P. Pritchard 17' fadeaway Shot,[1630202],1610612738.0,BOS,fadeaway,,,Pritchard,P. Pritchard,,,,,Mid-Range,16-24 Left,17.81,Missed,,,,,,,,,,,,,,,,,,
355,PT00M00.00S,2026-01-22T01:38:32.5Z,2,REGULAR,rebound,offensive,['team'],0,,,1610612738,66,46,2026-01-22T01:38:32Z,3450000,False,,,0,,TEAM offensive REBOUND,[],1610612738.0,BOS,,,,,,,,,,Mid-Range,16-24 Left,,,,,,,354.0,,,,,,,,,,,,,
356,PT00M00.00S,2026-01-22T01:38:33.4Z,2,REGULAR,period,end,[],0,,,1610612738,66,46,2026-01-22T01:38:33Z,3460000,False,,,0,,Period End,[],,,,,,,,,,,,,,,,,,,,,,,,,,,,,,,,,
359,PT12M00.00S,2026-01-22T01:53:16.1Z,3,REGULAR,substitution,out,['startperiod'],1641716,,,1610612738,66,46,2026-01-22T01:53:56Z,3470000,False,,,0,,SUB out: J. Walker,[1641716],1610612754.0,IND,,,,Walker,J. Walker,,,,,,,,,,,,,,,,,,,,,,,,,,
360,PT12M00.00S,2026-01-22T01:53:16.1Z,3,REGULAR,substitution,out,['startperiod'],1630695,,,1610612738,66,46,2026-01-22T01:53:56Z,3480000,False,,,0,,SUB out: M. Potter,[1630695],1610612754.0,IND,,,,Potter,M. Potter,,,,,,,,,,,,,,,,,,,,,,,,,,
361,PT12M00.00S,2026-01-22T01:53:16.1Z,3,REGULAR,substitution,in,['startperiod'],1642277,,,1610612738,66,46,2026-01-22T01:53:56Z,3490000,False,,,0,,SUB in: J. Furphy,[1642277],1610612754.0,IND,,,,Furphy,J. Furphy,,,,,,,,,,,,,,,,,,,,,,,,,,
362,PT12M00.00S,2026-01-22T01:53:16.1Z,3,REGULAR,substitution,in,['startperiod'],1630643,,,1610612738,66,46,2026-01-22T01:53:56Z,3500000,False,,,0,,SUB in: J. Huff,[1630643],1610612754.0,IND,,,,Huff,J. Huff,,,,,,,,,,,,,,,,,,,,,,,,,,
363,PT12M00.00S,2026-01-22T01:54:01.7Z,3,REGULAR,period,start,[],0,,,1610612754,66,46,2026-01-22T01:54:01Z,3510000,False,,,0,,Period Start,[],,,,,,,,,,,,,,,,,,,,,,,,,,,,,,,,,
364,PT11M39.00S,2026-01-22T01:54:22.3Z,3,REGULAR,2pt,Jump Shot,['pointsinthepaint'],1629614,19.92444152431012,44.6078431372549,1610612754,66,46,2026-01-22T01:54:47Z,3520000,False,27.0,135.0,1,left,MISS A. Nembhard 13' fadeaway Shot,[1629614],1610612754.0,IND,fadeaway,,,Nembhard,A. Nembhard,,,,,In The Paint (Non-RA),8-16 Center,13.75,Missed,,,,,,,,,,,,,,,,,,
365,PT11M38.00S,2026-01-22T01:54:23.3Z,3,REGULAR,rebound,offensive,['team'],0,,,1610612754,66,46,2026-01-22T01:54:39Z,3530000,False,,,0,,TEAM offensive REBOUND,[],1610612754.0,IND,,,,,,,,,,In The Paint (Non-RA),8-16 Center,,,,,,,364.0,,,,,,,,,,,,,
366,PT11M38.00S,2026-01-22T01:54:28.6Z,3,REGULAR,foul,personal,[],1630573,,,1610612754,66,46,2026-01-22T01:54:31Z,3540000,False,,,0,,S. Hauser loose ball personal FOUL (2 PF),"[1630573, 1630643]",1610612738.0,BOS,loose ball,,,Hauser,S. Hauser,,,,,In The Paint (Non-RA),0-8 Center,,,,,,,,,,,,,,,,1627541.0,2.0,0.0,Huff,1630643.0
368,PT11M30.00S,2026-01-22T01:54:51.6Z,3,REGULAR,2pt,Hook,"['pointsinthepaint', '2ndchance']",1630643,12.697109067017081,42.15686274509804,1610612754,66,48,2026-01-22T01:55:00Z,3560000,False,39.0,67.0,1,left,J. Huff 7' turnaround Hook (2 PTS) (A. Nesmith 4 AST),"[1630643, 1630174]",1610612754.0,IND,turnaround,,,Huff,J. Huff,,,,,In The Paint (Non-RA),0-8 Center,7.75,Made,2.0,A. Nesmith,1630174.0,4.0,,,,,,,,,,,,,,
370,PT11M16.00S,2026-01-22T01:55:07.9Z,3,REGULAR,foul,personal,[],1627783,,,1610612738,66,48,2026-01-22T01:55:13Z,3580000,False,,,0,,P. Siakam personal FOUL (2 PF),"[1627783, 1627759]",1610612754.0,IND,,,,Siakam,P. Siakam,,,,,Above the Break 3,24+ Right Center,,,,,,,,,,,,,,,,2534.0,2.0,0.0,Brown,1627759.0
372,PT11M08.00S,2026-01-22T01:55:32.9Z,3,REGULAR,2pt,Jump Shot,[],1627759,76.95466491458606,54.41176470588235,1610612738,68,48,2026-01-22T01:55:39Z,3600000,False,22.0,164.0,1,right,J. Brown 16' step back Jump Shot (19 PTS),[1627759],1610612738.0,BOS,step back,,,Brown,J. Brown,,,,,Mid-Range,16-24 Center,16.56,Made,19.0,,,,,,,,,,,,,,,,,
373,PT10M54.00S,2026-01-22T01:55:46.3Z,3,REGULAR,3pt,Jump Shot,[],1642277,20.318659658344284,9.068627450980392,1610612754,68,51,2026-01-22T01:55:51Z,3610000,False,205.0,138.0,1,left,J. Furphy 24' 3PT  (6 PTS) (P. Siakam 4 AST),"[1642277, 1627783]",1610612754.0,IND,,,,Furphy,J. Furphy,,,,,Above the Break 3,24+ Right Center,24.72,Made,6.0,P. Siakam,1627783.0,4.0,,,,,,,,,,,,,,
375,PT10M40.00S,2026-01-22T01:56:04.2Z,3,REGULAR,turnover,out-of-bounds,[],1627759,,,1610612738,68,51,2026-01-22T01:56:16Z,3630000,False,,,0,,J. Brown step out-of-bounds TURNOVER (4 TO),[1627759],1610612738.0,BOS,step,,,Brown,J. Brown,,,,,Above the Break 3,24+ Right Center,,,,,,,,,,,4.0,,,,,2534.0,,,,
376,PT10M32.00S,2026-01-22T01:56:16.9Z,3,REGULAR,turnover,bad pass,[],1642277,,,1610612754,68,51,2026-01-22T01:56:21Z,3640000,False,,,0,,J. Furphy bad pass TURNOVER (2 TO),"[1642277, 1627759]",1610612754.0,IND,,,,Furphy,J. Furphy,,,,,Above the Break 3,24+ Center,,,,,,,,,,,2.0,Brown,1627759.0,,,,,,,
377,PT10M32.00S,2026-01-22T01:56:16.9Z,3,REGULAR,steal,,[],1627759,,,1610612738,68,51,2026-01-22T01:56:18Z,3650000,False,,,0,,J. Brown STEAL (2 STL),[1627759],1610612738.0,BOS,,,,Brown,J. Brown,,,,,Above the Break 3,24+ Center,,,,,,,,,,,,,,,,,,,,
378,PT10M26.00S,2026-01-22T01:56:22.5Z,3,REGULAR,3pt,Jump Shot,"['fastbreak', 'fromturnover']",1630202,73.66951379763469,83.33333333333334,1610612738,68,51,2026-01-22T01:56:51Z,3660000,False,167.0,195.0,1,right,MISS P. Pritchard 25' running pullup 3PT,[1630202],1610612738.0,BOS,running pullup,,,Pritchard,P. Pritchard,,,,,Above the Break 3,24+ Right Center,25.65,Missed,,,,,,,,,,,,,,,,,,
379,PT10M23.00S,2026-01-22T01:56:25.5Z,3,REGULAR,rebound,defensive,[],1627783,,,1610612754,68,51,2026-01-22T01:56:27Z,3670000,False,,,0,,P. Siakam REBOUND (Off:2 Def:7),[1627783],1610612754.0,IND,,,,Siakam,P. Siakam,,,,,Above the Break 3,24+ Right Center,,,,,,,378.0,9.0,7.0,2.0,,,,,,,,,,
380,PT10M10.00S,2026-01-22T01:56:38.3Z,3,REGULAR,3pt,Jump Shot,[],1630643,26.49474375821288,83.82352941176471,1610612754,68,51,2026-01-22T01:56:43Z,3680000,False,-169.0,197.0,1,left,MISS J. Huff 25' 3PT,[1630643],1610612754.0,IND,,,,Huff,J. Huff,,,,,Above the Break 3,24+ Left Center,25.93,Missed,,,,,,,,,,,,,,,,,,
381,PT10M07.00S,2026-01-22T01:56:41.3Z,3,REGULAR,rebound,defensive,[],1627759,,,1610612738,68,51,2026-01-22T01:56:43Z,3690000,False,,,0,,J. Brown REBOUND (Off:2 Def:3),[1627759],1610612738.0,BOS,,,,Brown,J. Brown,,,,,Above the Break 3,24+ Left Center,,,,,,,380.0,5.0,3.0,2.0,,,,,,,,,,
382,PT09M57.00S,2026-01-22T01:56:50.8Z,3,REGULAR,2pt,DUNK,['pointsinthepaint'],1629674,93.51182654402102,50.0,1610612738,70,51,2026-01-22T01:56:54Z,3700000,False,0.0,8.0,1,right,N. Queta cutting DUNK (10 PTS) (S. Hauser 2 AST),"[1629674, 1630573]",1610612738.0,BOS,cutting,,,Queta,N. Queta,,,,,Restricted Area,0-8 Center,0.85,Made,10.0,S. Hauser,1630573.0,2.0,,,,,,,,,,,,,,
384,PT09M43.00S,2026-01-22T01:57:06.2Z,3,REGULAR,2pt,Layup,['pointsinthepaint'],1642277,7.046649145860711,62.00980392156863,1610612754,70,51,2026-01-22T01:57:13Z,3720000,False,-60.0,14.0,1,left,MISS J. Furphy 6' driving Layup - blocked,"[1642277, 1629674]",1610612754.0,IND,driving,,,Furphy,J. Furphy,,,,,In The Paint (Non-RA),0-8 Center,6.15,Missed,,,,,,,,,,,,Queta,1629674.0,,,,,
385,PT09M43.00S,2026-01-22T01:57:06.2Z,3,REGULAR,block,,[],1629674,,,1610612754,70,51,2026-01-22T01:57:08Z,3730000,False,,,0,,N. Queta BLOCK (3 BLK),[1629674],1610612738.0,BOS,,,,Queta,N. Queta,,,,,In The Paint (Non-RA),0-8 Center,,,,,,,,,,,,,,,,,,,,
386,PT09M43.00S,2026-01-22T01:57:06.2Z,3,REGULAR,rebound,offensive,['team'],0,,,1610612754,70,51,2026-01-22T01:57:13Z,3740000,False,,,0,,TEAM offensive REBOUND,[],1610612754.0,IND,,,,,,,,,,In The Paint (Non-RA),0-8 Center,,,,,,,384.0,,,,,,,,,,,,,
388,PT09M41.00S,2026-01-22T01:57:26.3Z,3,REGULAR,2pt,Layup,"['pointsinthepaint', '2ndchance']",1627783,5.995400788436268,58.82352941176471,1610612754,70,53,2026-01-22T01:57:31Z,3760000,False,-44.0,4.0,1,left,P. Siakam cutting Layup (18 PTS) (A. Nembhard 2 AST),"[1627783, 1629614]",1610612754.0,IND,cutting,,,Siakam,P. Siakam,,,,,In The Paint (Non-RA),0-8 Center,4.43,Made,18.0,A. Nembhard,1629614.0,2.0,,,,,,,,,,,,,,
391,PT09M27.00S,2026-01-22T01:57:48.4Z,3,REGULAR,3pt,Jump Shot,[],1630573,67.09921156373193,33.82352941176471,1610612738,73,53,2026-01-22T01:57:53Z,3790000,False,-81.0,257.0,1,right,S. Hauser 26' 3PT  (12 PTS) (D. White 4 AST),"[1630573, 1628401]",1610612738.0,BOS,,,,Hauser,S. Hauser,,,,,Above the Break 3,24+ Center,26.92,Made,12.0,D. White,1628401.0,4.0,,,,,,,,,,,,,,
393,PT09M13.00S,2026-01-22T01:58:04.6Z,3,REGULAR,2pt,Layup,['pointsinthepaint'],1627783,8.623521681997373,43.872549019607845,1610612754,73,55,2026-01-22T01:58:11Z,3810000,False,31.0,29.0,1,left,P. Siakam driving Layup (20 PTS) (A. Nembhard 3 AST),"[1627783, 1629614]",1610612754.0,IND,driving,,,Siakam,P. Siakam,,,,,Restricted Area,0-8 Center,4.19,Made,20.0,A. Nembhard,1629614.0,3.0,,,,,,,,,,,,,,
394,PT09M13.00S,2026-01-22T01:58:08.8Z,3,REGULAR,foul,personal,['1freethrow'],1630573,,,1610612754,73,55,2026-01-22T01:58:15Z,3820000,False,,,0,,S. Hauser shooting personal FOUL (3 PF) (Siakam 1 FT),"[1630573, 1627783]",1610612738.0,BOS,shooting,,,Hauser,S. Hauser,,,,,In The Paint (Non-RA),0-8 Center,,,,,,,,,,,,,,,,2534.0,3.0,0.0,Siakam,1627783.0
397,PT09M13.00S,2026-01-22T01:58:40.4Z,3,REGULAR,freethrow,1 of 1,[],1627783,,,1610612754,73,56,2026-01-22T01:58:40Z,3840000,False,,,0,,P. Siakam Free Throw 1 of 1 (21 PTS),[1627783],1610612754.0,IND,,,,Siakam,P. Siakam,,,,,,,,Made,21.0,,,,,,,,,,,,,,,,,
398,PT09M03.00S,2026-01-22T01:58:56.5Z,3,REGULAR,foul,personal,[],1630174,,,1610612738,73,56,2026-01-22T01:59:04Z,3850000,False,,,0,,A. Nesmith personal FOUL (2 PF),"[1630174, 1629674]",1610612754.0,IND,,,,Nesmith,A. Nesmith,,,,,Above the Break 3,24+ Center,,,,,,,,,,,,,,,,1627541.0,2.0,0.0,Queta,1629674.0
400,PT08M53.00S,2026-01-22T01:59:35.7Z,3,REGULAR,2pt,Jump Shot,['pointsinthepaint'],1628401,88.78120893561103,56.61764705882353,1610612738,73,56,2026-01-22T01:59:41Z,3870000,False,33.0,53.0,1,right,MISS D. White 6' driving floating Shot,[1628401],1610612738.0,BOS,driving floating,,,White,D. White,,,,,In The Paint (Non-RA),0-8 Center,6.25,Missed,,,,,,,,,,,,,,,,,,
401,PT08M50.00S,2026-01-22T01:59:38.7Z,3,REGULAR,rebound,defensive,[],1630174,,,1610612754,73,56,2026-01-22T01:59:41Z,3880000,False,,,0,,A. Nesmith REBOUND (Off:0 Def:2),[1630174],1610612754.0,IND,,,,Nesmith,A. Nesmith,,,,,In The Paint (Non-RA),0-8 Center,,,,,,,400.0,2.0,2.0,0.0,,,,,,,,,,
402,PT08M46.00S,2026-01-22T01:59:42.6Z,3,REGULAR,3pt,Jump Shot,['fastbreak'],1630174,33.327858081471746,39.21568627450981,1610612754,73,56,2026-01-22T02:00:26Z,3890000,False,54.0,261.0,1,left,MISS A. Nesmith 26' running 3PT,[1630174],1610612754.0,IND,running,,,Nesmith,A. Nesmith,,,,,Above the Break 3,24+ Center,26.63,Missed,,,,,,,,,,,,,,,,,,
403,PT08M44.00S,2026-01-22T01:59:44.6Z,3,REGULAR,rebound,defensive,[],1627759,,,1610612738,73,56,2026-01-22T02:00:57Z,3900000,False,,,0,,J. Brown REBOUND (Off:2 Def:4),[1627759],1610612738.0,BOS,,,,Brown,J. Brown,,,,,Above the Break 3,24+ Center,,,,,,,402.0,6.0,4.0,2.0,,,,,,,,,,
404,PT08M43.00S,2026-01-22T01:59:49.3Z,3,REGULAR,timeout,full,"['team', 'mandatory']",0,,,1610612738,73,56,2026-01-22T01:59:49Z,3910000,False,,,0,,BOS Timeout,[],1610612738.0,BOS,,,,,,,,,,,,,,,,,,,,,,,,,,,,,,,
405,PT08M43.00S,2026-01-22T02:02:18.9Z,3,REGULAR,substitution,out,[],1629674,,,1610612738,73,56,2026-01-22T02:02:41Z,3920000,False,,,0,,SUB out: N. Queta,[1629674],1610612738.0,BOS,,,,Queta,N. Queta,,,,,,,,,,,,,,,,,,,,,,,,,,
406,PT08M43.00S,2026-01-22T02:02:18.9Z,3,REGULAR,substitution,in,[],1630568,,,1610612738,73,56,2026-01-22T02:02:41Z,3930000,False,,,0,,SUB in: L. Garza,[1630568],1610612738.0,BOS,,,,Garza,L. Garza,,,,,,,,,,,,,,,,,,,,,,,,,,
407,PT08M24.00S,2026-01-22T02:03:00.0Z,3,REGULAR,foul,personal,['2freethrow'],1630174,,,1610612738,73,56,2026-01-22T02:03:09Z,3940000,False,,,0,,A. Nesmith shooting personal FOUL (3 PF) (White 2 FT),"[1630174, 1628401]",1610612754.0,IND,shooting,,,Nesmith,A. Nesmith,,,,,Mid-Range,8-16 Left,,,,,,,,,,,,,,,,2534.0,3.0,0.0,White,1628401.0
409,PT08M24.00S,2026-01-22T02:03:32.1Z,3,REGULAR,freethrow,1 of 2,[],1628401,,,1610612738,74,56,2026-01-22T02:03:32Z,3960000,False,,,0,,D. White Free Throw 1 of 2 (6 PTS),[1628401],1610612738.0,BOS,,,,White,D. White,,,,,,,,Made,6.0,,,,,,,,,,,,,,,,,
410,PT08M24.00S,2026-01-22T02:03:50.9Z,3,REGULAR,freethrow,2 of 2,[],1628401,,,1610612738,75,56,2026-01-22T02:03:50Z,3970000,False,,,0,,D. White Free Throw 2 of 2 (7 PTS),[1628401],1610612738.0,BOS,,,,White,D. White,,,,,,,,Made,7.0,,,,,,,,,,,,,,,,,
411,PT08M14.00S,2026-01-22T02:04:03.5Z,3,REGULAR,3pt,Jump Shot,[],1630174,30.436925098554536,31.862745098039213,1610612754,75,56,2026-01-22T02:04:08Z,3980000,False,91.0,234.0,1,left,MISS A. Nesmith 25' 3PT,[1630174],1610612754.0,IND,,,,Nesmith,A. Nesmith,,,,,Above the Break 3,24+ Right Center,25.06,Missed,,,,,,,,,,,,,,,,,,
412,PT08M11.00S,2026-01-22T02:04:06.5Z,3,REGULAR,rebound,defensive,[],1630202,,,1610612738,75,56,2026-01-22T02:04:08Z,3990000,False,,,0,,P. Pritchard REBOUND (Off:1 Def:3),[1630202],1610612738.0,BOS,,,,Pritchard,P. Pritchard,,,,,Above the Break 3,24+ Right Center,,,,,,,411.0,4.0,3.0,1.0,,,,,,,,,,
413,PT07M59.00S,2026-01-22T02:04:18.0Z,3,REGULAR,3pt,Jump Shot,[],1630202,70.64717477003943,75.24509803921569,1610612738,75,56,2026-01-22T02:04:23Z,4000000,False,126.0,223.0,1,right,MISS P. Pritchard 25' 3PT,[1630202],1610612738.0,BOS,,,,Pritchard,P. Pritchard,,,,,Above the Break 3,24+ Right Center,25.66,Missed,,,,,,,,,,,,,,,,,,
414,PT07M56.00S,2026-01-22T02:04:21.0Z,3,REGULAR,rebound,defensive,[],1630643,,,1610612754,75,56,2026-01-22T02:04:23Z,4010000,False,,,0,,J. Huff REBOUND (Off:1 Def:2),[1630643],1610612754.0,IND,,,,Huff,J. Huff,,,,,Above the Break 3,24+ Right Center,,,,,,,413.0,3.0,2.0,1.0,,,,,,,,,,
415,PT07M49.00S,2026-01-22T02:04:27.7Z,3,REGULAR,2pt,Layup,"['fastbreak', 'pointsinthepaint']",1627783,7.046649145860711,49.50980392156863,1610612754,75,56,2026-01-22T02:05:11Z,4020000,False,2.0,14.0,1,left,MISS P. Siakam running Layup,[1627783],1610612754.0,IND,running,,,Siakam,P. Siakam,,,,,Restricted Area,0-8 Center,1.39,Missed,,,,,,,,,,,,,,,,,,
416,PT07M46.00S,2026-01-22T02:04:30.7Z,3,REGULAR,rebound,defensive,[],1630573,,,1610612738,75,56,2026-01-22T02:04:32Z,4030000,False,,,0,,S. Hauser REBOUND (Off:0 Def:4),[1630573],1610612738.0,BOS,,,,Hauser,S. Hauser,,,,,Restricted Area,0-8 Center,,,,,,,415.0,4.0,4.0,0.0,,,,,,,,,,
417,PT07M30.00S,2026-01-22T02:04:46.8Z,3,REGULAR,foul,personal,['2freethrow'],1627783,,,1610612738,75,56,2026-01-22T02:05:48Z,4040000,False,,,0,,P. Siakam shooting personal FOUL (3 PF) (White 2 FT),"[1627783, 1628401]",1610612754.0,IND,shooting,,,Siakam,P. Siakam,,,,,In The Paint (Non-RA),8-16 Center,,,,,,,,,,,,,,,,11629177.0,3.0,0.0,White,1628401.0
419,PT07M30.00S,2026-01-22T02:05:19.5Z,3,REGULAR,freethrow,1 of 2,[],1628401,,,1610612738,76,56,2026-01-22T02:06:02Z,4060000,False,,,0,,D. White Free Throw 1 of 2 (8 PTS),[1628401],1610612738.0,BOS,,,,White,D. White,,,,,,,,Made,8.0,,,,,,,,,,,,,,,,,
424,PT07M30.00S,2026-01-22T02:05:19.5Z,3,REGULAR,freethrow,2 of 2,[],1628401,,,1610612738,77,56,2026-01-22T02:06:02Z,4110000,False,,,0,,D. White Free Throw 2 of 2 (9 PTS),[1628401],1610612738.0,BOS,,,,White,D. White,,,,,,,,Made,9.0,,,,,,,,,,,,,,,,,
420,PT07M30.00S,2026-01-22T02:05:20.2Z,3,REGULAR,substitution,out,[],1630573,,,1610612754,77,56,2026-01-22T02:06:11Z,4115000,False,,,0,,SUB out: S. Hauser,[1630573],1610612738.0,BOS,,,,Hauser,S. Hauser,,,,,,,,,,,,,,,,,,,,,,,,,,
421,PT07M30.00S,2026-01-22T02:05:20.2Z,3,REGULAR,substitution,out,[],1630174,,,1610612754,77,56,2026-01-22T02:06:11Z,4117500,False,,,0,,SUB out: A. Nesmith,[1630174],1610612754.0,IND,,,,Nesmith,A. Nesmith,,,,,,,,,,,,,,,,,,,,,,,,,,
422,PT07M30.00S,2026-01-22T02:05:20.2Z,3,REGULAR,substitution,in,[],1631248,,,1610612754,77,56,2026-01-22T02:06:11Z,4118750,False,,,0,,SUB in: B. Scheierman,[1631248],1610612738.0,BOS,,,,Scheierman,B. Scheierman,,,,,,,,,,,,,,,,,,,,,,,,,,
423,PT07M30.00S,2026-01-22T02:05:20.2Z,3,REGULAR,substitution,in,[],1641767,,,1610612754,77,56,2026-01-22T02:06:11Z,4119375,False,,,0,,SUB in: B. Sheppard,[1641767],1610612754.0,IND,,,,Sheppard,B. Sheppard,,,,,,,,,,,,,,,,,,,,,,,,,,
425,PT07M24.00S,2026-01-22T02:05:56.3Z,3,REGULAR,foul,personal,[],1630202,,,1610612754,77,56,2026-01-22T02:06:05Z,4120000,False,,,0,,P. Pritchard personal FOUL (1 PF),"[1630202, 1627783]",1610612738.0,BOS,,,,Pritchard,P. Pritchard,,,,,In The Paint (Non-RA),0-8 Center,,,,,,,,,,,,,,,,11629177.0,1.0,0.0,Siakam,1627783.0
427,PT07M24.00S,2026-01-22T02:06:04.4Z,3,REGULAR,substitution,out,[],1628401,,,1610612754,77,56,2026-01-22T02:06:07Z,4140000,False,,,0,,SUB out: D. White,[1628401],1610612738.0,BOS,,,,White,D. White,,,,,,,,,,,,,,,,,,,,,,,,,,
428,PT07M24.00S,2026-01-22T02:06:04.4Z,3,REGULAR,substitution,in,[],1641775,,,1610612754,77,56,2026-01-22T02:06:07Z,4150000,False,,,0,,SUB in: J. Walsh,[1641775],1610612738.0,BOS,,,,Walsh,J. Walsh,,,,,,,,,,,,,,,,,,,,,,,,,,
429,PT07M19.00S,2026-01-22T02:06:24.5Z,3,REGULAR,foul,personal,[],1641775,,,1610612754,77,56,2026-01-22T02:06:34Z,4160000,False,,,0,,J. Walsh personal FOUL (1 PF),"[1641775, 1627783]",1610612738.0,BOS,,,,Walsh,J. Walsh,,,,,Mid-Range,16-24 Left Center,,,,,,,,,,,,,,,,2534.0,1.0,0.0,Siakam,1627783.0
475,PT07M06.00S,2026-01-22T02:06:46.0Z,3,REGULAR,turnover,out-of-bounds,[],1629614,,,1610612754,77,56,2026-01-22T02:12:10Z,4175000,False,,,0,,A. Nembhard lost ball out-of-bounds TURNOVER (3 TO),[1629614],1610612754.0,IND,lost ball,,,Nembhard,A. Nembhard,,,,,In The Paint (Non-RA),0-8 Center,,,,,,,,,,,3.0,,,,,1627541.0,,,,
434,PT06M56.00S,2026-01-22T02:07:19.8Z,3,REGULAR,2pt,Layup,"['pointsinthepaint', 'fromturnover']",1627759,90.62089356110381,65.19607843137256,1610612738,79,56,2026-01-22T02:12:17Z,4210000,False,76.0,36.0,1,right,J. Brown 8' driving Layup (21 PTS) (P. Pritchard 6 AST),"[1627759, 1630202]",1610612738.0,BOS,driving,,,Brown,J. Brown,,,,,In The Paint (Non-RA),8-16 Right,8.4,Made,21.0,P. Pritchard,1630202.0,6.0,,,,,,,,,,,,,,
435,PT06M45.00S,2026-01-22T02:07:31.4Z,3,REGULAR,3pt,Jump Shot,[],1630643,31.61957950065703,57.84313725490197,1610612754,79,56,2026-01-22T02:07:38Z,4220000,False,-39.0,245.0,1,left,MISS J. Huff 24' 3PT,[1630643],1610612754.0,IND,,,,Huff,J. Huff,,,,,Above the Break 3,24+ Center,24.78,Missed,,,,,,,,,,,,,,,,,,
436,PT06M40.00S,2026-01-22T02:07:36.4Z,3,REGULAR,rebound,offensive,[],1642277,,,1610612754,79,56,2026-01-22T02:07:38Z,4230000,False,,,0,,J. Furphy REBOUND (Off:1 Def:3),[1642277],1610612754.0,IND,,,,Furphy,J. Furphy,,,,,Above the Break 3,24+ Center,,,,,,,435.0,4.0,3.0,1.0,,,,,,,,,,
437,PT06M40.00S,2026-01-22T02:07:36.0Z,3,REGULAR,2pt,Layup,"['pointsinthepaint', '2ndchance']",1642277,9.017739816031538,40.931372549019606,1610612754,79,58,2026-01-22T02:07:41Z,4240000,False,45.0,32.0,1,left,J. Furphy putback Layup (8 PTS),[1642277],1610612754.0,IND,putback,,,Furphy,J. Furphy,,,,,In The Paint (Non-RA),0-8 Center,5.56,Made,8.0,,,,,,,,,,,,,,,,,
438,PT06M25.00S,2026-01-22T02:07:52.6Z,3,REGULAR,foul,personal,"['inpenalty', '2freethrow']",1630643,,,1610612738,79,58,2026-01-22T02:08:01Z,4250000,False,,,0,,J. Huff shooting personal FOUL (2 PF) (Brown 2 FT),"[1630643, 1627759]",1610612754.0,IND,shooting,,,Huff,J. Huff,,,,,In The Paint (Non-RA),0-8 Center,,,,,,,,,,,,,,,,2534.0,2.0,0.0,Brown,1627759.0
440,PT06M25.00S,2026-01-22T02:08:33.4Z,3,REGULAR,freethrow,1 of 2,[],1627759,,,1610612738,79,58,2026-01-22T02:09:02Z,4270000,False,,,0,,MISS J. Brown Free Throw 1 of 2,[1627759],1610612738.0,BOS,,,,Brown,J. Brown,,,,,,,,Missed,,,,,,,,,,,,,,,,,,
441,PT06M25.00S,2026-01-22T02:08:33.4Z,3,REGULAR,rebound,offensive,"['team', 'deadball']",0,,,1610612738,79,58,2026-01-22T02:09:02Z,4280000,False,,,0,,TEAM offensive REBOUND,[],1610612738.0,BOS,,,,,,,,,,,,,,,,,,440.0,,,,,,,,,,,,,
442,PT06M25.00S,2026-01-22T02:08:33.9Z,3,REGULAR,substitution,out,[],1630202,,,1610612738,79,58,2026-01-22T02:08:43Z,4290000,False,,,0,,SUB out: P. Pritchard,[1630202],1610612738.0,BOS,,,,Pritchard,P. Pritchard,,,,,,,,,,,,,,,,,,,,,,,,,,
443,PT06M25.00S,2026-01-22T02:08:33.9Z,3,REGULAR,substitution,out,[],1630643,,,1610612738,79,58,2026-01-22T02:08:43Z,4300000,False,,,0,,SUB out: J. Huff,[1630643],1610612754.0,IND,,,,Huff,J. Huff,,,,,,,,,,,,,,,,,,,,,,,,,,
444,PT06M25.00S,2026-01-22T02:08:33.9Z,3,REGULAR,substitution,in,[],1629014,,,1610612738,79,58,2026-01-22T02:08:43Z,4310000,False,,,0,,SUB in: A. Simons,[1629014],1610612738.0,BOS,,,,Simons,A. Simons,,,,,,,,,,,,,,,,,,,,,,,,,,
445,PT06M25.00S,2026-01-22T02:08:33.9Z,3,REGULAR,substitution,in,[],1630695,,,1610612738,79,58,2026-01-22T02:08:43Z,4320000,False,,,0,,SUB in: M. Potter,[1630695],1610612754.0,IND,,,,Potter,M. Potter,,,,,,,,,,,,,,,,,,,,,,,,,,
446,PT06M25.00S,2026-01-22T02:08:33.4Z,3,REGULAR,freethrow,2 of 2,[],1627759,,,1610612738,79,58,2026-01-22T02:09:02Z,4330000,False,,,0,,MISS J. Brown Free Throw 2 of 2,[1627759],1610612738.0,BOS,,,,Brown,J. Brown,,,,,,,,Missed,,,,,,,,,,,,,,,,,,
447,PT06M25.00S,2026-01-22T02:08:33.4Z,3,REGULAR,rebound,defensive,[],1642277,,,1610612754,79,58,2026-01-22T02:09:10Z,4340000,False,,,0,,J. Furphy REBOUND (Off:1 Def:4),[1642277],1610612754.0,IND,,,,Furphy,J. Furphy,,,,,,,,,,,,,446.0,5.0,4.0,1.0,,,,,,,,,,
448,PT06M12.00S,2026-01-22T02:09:12.1Z,3,REGULAR,3pt,Jump Shot,[],1627783,23.078186596583443,13.970588235294118,1610612754,79,61,2026-01-22T02:09:17Z,4350000,False,180.0,164.0,1,left,P. Siakam 24' 3PT  (24 PTS) (A. Nembhard 4 AST),"[1627783, 1629614]",1610612754.0,IND,,,,Siakam,P. Siakam,,,,,Above the Break 3,24+ Right Center,24.39,Made,24.0,A. Nembhard,1629614.0,4.0,,,,,,,,,,,,,,
450,PT06M03.00S,2026-01-22T02:09:21.5Z,3,REGULAR,2pt,Layup,['pointsinthepaint'],1627759,91.67214191852825,51.225490196078425,1610612738,81,61,2026-01-22T02:10:00Z,4370000,False,6.0,26.0,1,right,J. Brown driving finger roll Layup (23 PTS),[1627759],1610612738.0,BOS,driving finger roll,,,Brown,J. Brown,,,,,Restricted Area,0-8 Center,2.65,Made,23.0,,,,,,,,,,,,,,,,,
451,PT05M45.00S,2026-01-22T02:09:40.1Z,3,REGULAR,2pt,Layup,['pointsinthepaint'],1629614,7.835085413929041,44.36274509803921,1610612754,81,61,2026-01-22T02:09:44Z,4380000,False,28.0,21.0,1,left,MISS A. Nembhard driving reverse Layup,[1629614],1610612754.0,IND,driving reverse,,,Nembhard,A. Nembhard,,,,,Restricted Area,0-8 Center,3.52,Missed,,,,,,,,,,,,,,,,,,
452,PT05M43.00S,2026-01-22T02:09:42.1Z,3,REGULAR,rebound,defensive,[],1627759,,,1610612738,81,61,2026-01-22T02:09:44Z,4390000,False,,,0,,J. Brown REBOUND (Off:2 Def:5),[1627759],1610612738.0,BOS,,,,Brown,J. Brown,,,,,Restricted Area,0-8 Center,,,,,,,451.0,7.0,5.0,2.0,,,,,,,,,,
453,PT05M30.00S,2026-01-22T02:09:55.2Z,3,REGULAR,2pt,Jump Shot,[],1630568,77.08607095926413,50.49019607843137,1610612738,81,61,2026-01-22T02:10:03Z,4400000,False,2.0,163.0,1,right,MISS L. Garza 16' floating Shot,[1630568],1610612738.0,BOS,floating,,,Garza,L. Garza,,,,,Mid-Range,16-24 Center,16.29,Missed,,,,,,,,,,,,,,,,,,
454,PT05M27.00S,2026-01-22T02:09:58.2Z,3,REGULAR,rebound,defensive,[],1642277,,,1610612754,81,61,2026-01-22T02:10:03Z,4410000,False,,,0,,J. Furphy REBOUND (Off:1 Def:5),[1642277],1610612754.0,IND,,,,Furphy,J. Furphy,,,,,Mid-Range,16-24 Center,,,,,,,453.0,6.0,5.0,1.0,,,,,,,,,,
455,PT05M15.00S,2026-01-22T02:10:09.8Z,3,REGULAR,2pt,Hook,['pointsinthepaint'],1627783,10.5946123521682,36.76470588235294,1610612754,81,63,2026-01-22T02:10:22Z,4420000,False,66.0,47.0,1,left,P. Siakam 8' turnaround bank Hook (26 PTS) (A. Nembhard 5 AST),"[1627783, 1629614]",1610612754.0,IND,turnaround bank,,,Siakam,P. Siakam,,,,,In The Paint (Non-RA),0-8 Center,8.12,Made,26.0,A. Nembhard,1629614.0,5.0,,,,,,,,,,,,,,
457,PT05M15.00S,2026-01-22T02:10:18.9Z,3,REGULAR,foul,personal,"['inpenalty', '1freethrow']",1629014,,,1610612754,81,63,2026-01-22T02:10:39Z,4440000,False,,,0,,A. Simons shooting personal FOUL (1 PF) (Siakam 1 FT),"[1629014, 1627783]",1610612738.0,BOS,shooting,,,Simons,A. Simons,,,,,In The Paint (Non-RA),0-8 Center,,,,,,,,,,,,,,,,1627541.0,1.0,0.0,Siakam,1627783.0
459,PT05M15.00S,2026-01-22T02:10:25.4Z,3,REGULAR,substitution,out,[],1627759,,,1610612754,81,63,2026-01-22T02:10:38Z,4460000,False,,,0,,SUB out: J. Brown,[1627759],1610612738.0,BOS,,,,Brown,J. Brown,,,,,,,,,,,,,,,,,,,,,,,,,,
460,PT05M15.00S,2026-01-22T02:10:25.4Z,3,REGULAR,substitution,out,[],1629614,,,1610612754,81,63,2026-01-22T02:10:38Z,4470000,False,,,0,,SUB out: A. Nembhard,[1629614],1610612754.0,IND,,,,Nembhard,A. Nembhard,,,,,,,,,,,,,,,,,,,,,,,,,,
461,PT05M15.00S,2026-01-22T02:10:25.4Z,3,REGULAR,substitution,out,[],1642277,,,1610612754,81,63,2026-01-22T02:10:38Z,4480000,False,,,0,,SUB out: J. Furphy,[1642277],1610612754.0,IND,,,,Furphy,J. Furphy,,,,,,,,,,,,,,,,,,,,,,,,,,
462,PT05M15.00S,2026-01-22T02:10:25.4Z,3,REGULAR,substitution,in,[],1642864,,,1610612754,81,63,2026-01-22T02:10:38Z,4490000,False,,,0,,SUB in: H. González,[1642864],1610612738.0,BOS,,,,González,H. González,,,,,,,,,,,,,,,,,,,,,,,,,,
463,PT05M15.00S,2026-01-22T02:10:25.4Z,3,REGULAR,substitution,in,[],204456,,,1610612754,81,63,2026-01-22T02:10:38Z,4500000,False,,,0,,SUB in: T. McConnell,[204456],1610612754.0,IND,,,,McConnell,T. McConnell,,,,,,,,,,,,,,,,,,,,,,,,,,
464,PT05M15.00S,2026-01-22T02:10:25.4Z,3,REGULAR,substitution,in,[],1641716,,,1610612754,81,63,2026-01-22T02:10:38Z,4510000,False,,,0,,SUB in: J. Walker,[1641716],1610612754.0,IND,,,,Walker,J. Walker,,,,,,,,,,,,,,,,,,,,,,,,,,
465,PT05M15.00S,2026-01-22T02:10:51.1Z,3,REGULAR,freethrow,1 of 1,[],1627783,,,1610612754,81,64,2026-01-22T02:10:51Z,4520000,False,,,0,,P. Siakam Free Throw 1 of 1 (27 PTS),[1627783],1610612754.0,IND,,,,Siakam,P. Siakam,,,,,,,,Made,27.0,,,,,,,,,,,,,,,,,
466,PT05M01.00S,2026-01-22T02:11:06.2Z,3,REGULAR,2pt,Jump Shot,['pointsinthepaint'],1629014,88.78120893561103,41.42156862745098,1610612738,81,64,2026-01-22T02:11:12Z,4530000,False,-43.0,53.0,1,right,MISS A. Simons 6' driving floating bank Shot,[1629014],1610612738.0,BOS,driving floating bank,,,Simons,A. Simons,,,,,In The Paint (Non-RA),0-8 Center,6.82,Missed,,,,,,,,,,,,,,,,,,
467,PT04M59.00S,2026-01-22T02:11:08.2Z,3,REGULAR,rebound,defensive,[],1627783,,,1610612754,81,64,2026-01-22T02:11:12Z,4540000,False,,,0,,P. Siakam REBOUND (Off:2 Def:8),[1627783],1610612754.0,IND,,,,Siakam,P. Siakam,,,,,In The Paint (Non-RA),0-8 Center,,,,,,,466.0,10.0,8.0,2.0,,,,,,,,,,
468,PT04M53.00S,2026-01-22T02:11:14.1Z,3,REGULAR,3pt,Jump Shot,[],1641767,4.944152431011826,96.32352941176471,1610612754,81,64,2026-01-22T02:11:19Z,4550000,False,-232.0,-6.0,1,left,MISS B. Sheppard 3PT - blocked,"[1641767, 1641775]",1610612754.0,IND,,,,Sheppard,B. Sheppard,,,,,Left Corner 3,24+ Left,23.17,Missed,,,,,,,,,,,,Walsh,1641775.0,,,,,
469,PT04M53.00S,2026-01-22T02:11:14.1Z,3,REGULAR,block,,[],1641775,,,1610612754,81,64,2026-01-22T02:11:17Z,4560000,False,,,0,,J. Walsh BLOCK (1 BLK),[1641775],1610612738.0,BOS,,,,Walsh,J. Walsh,,,,,Left Corner 3,24+ Left,,,,,,,,,,,,,,,,,,,,
470,PT04M53.00S,2026-01-22T02:11:14.1Z,3,REGULAR,rebound,offensive,['team'],0,,,1610612754,81,64,2026-01-22T02:11:19Z,4570000,False,,,0,,TEAM offensive REBOUND,[],1610612754.0,IND,,,,,,,,,,Left Corner 3,24+ Left,,,,,,,468.0,,,,,,,,,,,,,
472,PT04M46.00S,2026-01-22T02:11:37.0Z,3,REGULAR,foul,personal,"['inpenalty', '2freethrow']",1630568,,,1610612754,81,64,2026-01-22T02:11:45Z,4590000,False,,,0,,L. Garza shooting personal FOUL (1 PF) (Potter 2 FT),"[1630568, 1630695]",1610612738.0,BOS,shooting,,,Garza,L. Garza,,,,,In The Paint (Non-RA),0-8 Center,,,,,,,,,,,,,,,,11629177.0,1.0,0.0,Potter,1630695.0
474,PT04M46.00S,2026-01-22T02:12:06.5Z,3,REGULAR,freethrow,1 of 2,['2ndchance'],1630695,,,1610612754,81,65,2026-01-22T02:12:06Z,4610000,False,,,0,,M. Potter Free Throw 1 of 2 (1 PTS),[1630695],1610612754.0,IND,,,,Potter,M. Potter,,,,,,,,Made,1.0,,,,,,,,,,,,,,,,,
476,PT04M46.00S,2026-01-22T02:12:24.1Z,3,REGULAR,freethrow,2 of 2,['2ndchance'],1630695,,,1610612754,81,66,2026-01-22T02:12:24Z,4620000,False,,,0,,M. Potter Free Throw 2 of 2 (2 PTS),[1630695],1610612754.0,IND,,,,Potter,M. Potter,,,,,,,,Made,2.0,,,,,,,,,,,,,,,,,
478,PT04M20.00S,2026-01-22T02:12:50.4Z,3,REGULAR,2pt,Layup,['pointsinthepaint'],1629014,93.51182654402102,57.107843137254896,1610612738,83,66,2026-01-22T02:12:55Z,4630000,False,36.0,8.0,1,right,A. Simons driving finger roll Layup (6 PTS),[1629014],1610612738.0,BOS,driving finger roll,,,Simons,A. Simons,,,,,Restricted Area,0-8 Center,3.65,Made,6.0,,,,,,,,,,,,,,,,,
479,PT04M07.00S,2026-01-22T02:13:03.0Z,3,REGULAR,2pt,Hook,['pointsinthepaint'],1630695,10.726018396846255,36.76470588235294,1610612754,83,66,2026-01-22T02:13:09Z,4640000,False,66.0,48.0,1,left,MISS M. Potter 8' turnaround Hook,[1630695],1610612754.0,IND,turnaround,,,Potter,M. Potter,,,,,In The Paint (Non-RA),8-16 Right,8.19,Missed,,,,,,,,,,,,,,,,,,
480,PT04M05.00S,2026-01-22T02:13:05.0Z,3,REGULAR,rebound,defensive,[],1641775,,,1610612738,83,66,2026-01-22T02:13:09Z,4650000,False,,,0,,J. Walsh REBOUND (Off:1 Def:2),[1641775],1610612738.0,BOS,,,,Walsh,J. Walsh,,,,,In The Paint (Non-RA),8-16 Right,,,,,,,479.0,3.0,2.0,1.0,,,,,,,,,,
481,PT03M58.00S,2026-01-22T02:13:13.0Z,3,REGULAR,3pt,Jump Shot,[],1641775,70.64717477003943,23.284313725490197,1610612738,83,66,2026-01-22T02:13:23Z,4660000,False,-134.0,223.0,1,right,MISS J. Walsh 26' 3PT,[1641775],1610612738.0,BOS,,,,Walsh,J. Walsh,,,,,Above the Break 3,24+ Left Center,26.03,Missed,,,,,,,,,,,,,,,,,,
482,PT03M54.00S,2026-01-22T02:13:17.0Z,3,REGULAR,rebound,offensive,[],1630568,,,1610612738,83,66,2026-01-22T02:13:23Z,4670000,False,,,0,,L. Garza REBOUND (Off:3 Def:2),[1630568],1610612738.0,BOS,,,,Garza,L. Garza,,,,,Above the Break 3,24+ Left Center,,,,,,,481.0,5.0,2.0,3.0,,,,,,,,,,
483,PT03M53.00S,2026-01-22T02:13:16.9Z,3,REGULAR,2pt,Layup,"['pointsinthepaint', '2ndchance']",1630568,92.85479632063075,52.20588235294118,1610612738,83,66,2026-01-22T02:13:27Z,4680000,False,11.0,15.0,1,right,MISS L. Garza putback Layup,[1630568],1610612738.0,BOS,putback,,,Garza,L. Garza,,,,,Restricted Area,0-8 Center,1.84,Missed,,,,,,,,,,,,,,,,,,
484,PT03M52.00S,2026-01-22T02:13:18.3Z,3,REGULAR,rebound,defensive,[],204456,,,1610612754,83,66,2026-01-22T02:13:18Z,4690000,False,,,0,,T. McConnell REBOUND (Off:0 Def:1),[204456],1610612754.0,IND,,,,McConnell,T. McConnell,,,,,Restricted Area,0-8 Center,,,,,,,483.0,1.0,1.0,0.0,,,,,,,,,,
485,PT03M51.00S,2026-01-22T02:13:20.7Z,3,REGULAR,foul,personal,"['inpenalty', '2freethrow']",1641775,,,1610612754,83,66,2026-01-22T02:13:30Z,4700000,False,,,0,,J. Walsh shooting personal FOUL (2 PF) (Potter 2 FT),"[1641775, 1630695]",1610612738.0,BOS,shooting,,,Walsh,J. Walsh,,,,,Restricted Area,0-8 Center,,,,,,,,,,,,,,,,2534.0,2.0,0.0,Potter,1630695.0
487,PT03M51.00S,2026-01-22T02:14:01.4Z,3,REGULAR,freethrow,1 of 2,['fastbreak'],1630695,,,1610612754,83,67,2026-01-22T02:17:05Z,4720000,False,,,0,,M. Potter Free Throw 1 of 2 (3 PTS),[1630695],1610612754.0,IND,,,,Potter,M. Potter,,,,,,,,Made,3.0,,,,,,,,,,,,,,,,,
488,PT03M51.00S,2026-01-22T02:14:02.0Z,3,REGULAR,substitution,out,[],1630568,,,1610612754,83,67,2026-01-22T02:14:10Z,4730000,False,,,0,,SUB out: L. Garza,[1630568],1610612738.0,BOS,,,,Garza,L. Garza,,,,,,,,,,,,,,,,,,,,,,,,,,
489,PT03M51.00S,2026-01-22T02:14:02.0Z,3,REGULAR,substitution,out,[],1631248,,,1610612754,83,67,2026-01-22T02:14:10Z,4740000,False,,,0,,SUB out: B. Scheierman,[1631248],1610612738.0,BOS,,,,Scheierman,B. Scheierman,,,,,,,,,,,,,,,,,,,,,,,,,,
490,PT03M51.00S,2026-01-22T02:14:02.0Z,3,REGULAR,substitution,out,[],1627783,,,1610612754,83,67,2026-01-22T02:14:10Z,4750000,False,,,0,,SUB out: P. Siakam,[1627783],1610612754.0,IND,,,,Siakam,P. Siakam,,,,,,,,,,,,,,,,,,,,,,,,,,
491,PT03M51.00S,2026-01-22T02:14:02.0Z,3,REGULAR,substitution,in,[],1629674,,,1610612754,83,67,2026-01-22T02:14:10Z,4760000,False,,,0,,SUB in: N. Queta,[1629674],1610612738.0,BOS,,,,Queta,N. Queta,,,,,,,,,,,,,,,,,,,,,,,,,,
492,PT03M51.00S,2026-01-22T02:14:02.0Z,3,REGULAR,substitution,in,[],1628401,,,1610612754,83,67,2026-01-22T02:14:10Z,4770000,False,,,0,,SUB in: D. White,[1628401],1610612738.0,BOS,,,,White,D. White,,,,,,,,,,,,,,,,,,,,,,,,,,
493,PT03M51.00S,2026-01-22T02:14:02.0Z,3,REGULAR,substitution,in,[],1630174,,,1610612754,83,67,2026-01-22T02:14:10Z,4780000,False,,,0,,SUB in: A. Nesmith,[1630174],1610612754.0,IND,,,,Nesmith,A. Nesmith,,,,,,,,,,,,,,,,,,,,,,,,,,
494,PT03M51.00S,2026-01-22T02:14:01.4Z,3,REGULAR,freethrow,2 of 2,['fastbreak'],1630695,,,1610612754,83,68,2026-01-22T02:17:05Z,4790000,False,,,0,,M. Potter Free Throw 2 of 2 (4 PTS),[1630695],1610612754.0,IND,,,,Potter,M. Potter,,,,,,,,Made,4.0,,,,,,,,,,,,,,,,,
495,PT03M33.00S,2026-01-22T02:14:52.3Z,3,REGULAR,2pt,Layup,['pointsinthepaint'],1629674,91.5407358738502,47.30392156862745,1610612738,83,68,2026-01-22T02:15:02Z,4800000,False,-13.0,27.0,1,right,MISS N. Queta reverse Layup,[1629674],1610612738.0,BOS,reverse,,,Queta,N. Queta,,,,,Restricted Area,0-8 Center,3.02,Missed,,,,,,,,,,,,,,,,,,
496,PT03M29.00S,2026-01-22T02:14:56.3Z,3,REGULAR,rebound,defensive,[],1630174,,,1610612754,83,68,2026-01-22T02:15:02Z,4810000,False,,,0,,A. Nesmith REBOUND (Off:0 Def:3),[1630174],1610612754.0,IND,,,,Nesmith,A. Nesmith,,,,,Restricted Area,0-8 Center,,,,,,,495.0,3.0,3.0,0.0,,,,,,,,,,
497,PT03M25.00S,2026-01-22T02:15:01.0Z,3,REGULAR,turnover,bad pass,[],204456,,,1610612754,83,68,2026-01-22T02:15:05Z,4820000,False,,,0,,T. McConnell bad pass TURNOVER (2 TO),"[204456, 1629674]",1610612754.0,IND,,,,McConnell,T. McConnell,,,,,Mid-Range,8-16 Left,,,,,,,,,,,2.0,Queta,1629674.0,,,,,,,
498,PT03M25.00S,2026-01-22T02:15:01.0Z,3,REGULAR,steal,,[],1629674,,,1610612738,83,68,2026-01-22T02:21:15Z,4830000,False,,,0,,N. Queta STEAL (1 STL),[1629674],1610612738.0,BOS,,,,Queta,N. Queta,,,,,Mid-Range,8-16 Left,,,,,,,,,,,,,,,,,,,,
499,PT03M23.00S,2026-01-22T02:15:03.7Z,3,REGULAR,turnover,lost ball,[],1628401,,,1610612738,83,68,2026-01-22T02:15:07Z,4840000,False,,,0,,D. White lost ball TURNOVER (1 TO),"[1628401, 204456]",1610612738.0,BOS,,,,White,D. White,,,,,Above the Break 3,24+ Center,,,,,,,,,,,1.0,McConnell,204456.0,,,,,,,
500,PT03M23.00S,2026-01-22T02:15:03.7Z,3,REGULAR,steal,,[],204456,,,1610612754,83,68,2026-01-22T02:15:05Z,4850000,False,,,0,,T. McConnell STEAL (1 STL),[204456],1610612754.0,IND,,,,McConnell,T. McConnell,,,,,Above the Break 3,24+ Center,,,,,,,,,,,,,,,,,,,,
501,PT03M18.00S,2026-01-22T02:15:07.4Z,3,REGULAR,2pt,Layup,"['fastbreak', 'pointsinthepaint', 'fromturnover']",1630174,8.360709592641262,61.274509803921575,1610612754,83,70,2026-01-22T02:18:56Z,4860000,False,-56.0,26.0,1,left,A. Nesmith 6' running Layup (6 PTS) (T. McConnell 1 AST),"[1630174, 204456]",1610612754.0,IND,running,,,Nesmith,A. Nesmith,,,,,In The Paint (Non-RA),0-8 Center,6.21,Made,6.0,T. McConnell,204456.0,1.0,,,,,,,,,,,,,,
503,PT02M58.00S,2026-01-22T02:15:26.9Z,3,REGULAR,3pt,Jump Shot,[],1642864,81.2910643889619,93.38235294117648,1610612738,83,70,2026-01-22T02:15:31Z,4880000,False,217.0,123.0,1,right,MISS H. González 24' 3PT,[1642864],1610612738.0,BOS,,,,González,H. González,,,,,Above the Break 3,24+ Right Center,24.95,Missed,,,,,,,,,,,,,,,,,,
504,PT02M56.00S,2026-01-22T02:15:28.9Z,3,REGULAR,rebound,offensive,[],1629014,,,1610612738,83,70,2026-01-22T02:15:31Z,4890000,False,,,0,,A. Simons REBOUND (Off:1 Def:2),[1629014],1610612738.0,BOS,,,,Simons,A. Simons,,,,,Above the Break 3,24+ Right Center,,,,,,,503.0,3.0,2.0,1.0,,,,,,,,,,
505,PT02M54.00S,2026-01-22T02:15:31.5Z,3,REGULAR,3pt,Jump Shot,['2ndchance'],1641775,68.01905387647832,63.725490196078425,1610612738,83,70,2026-01-22T02:15:37Z,4900000,False,69.0,248.0,1,right,MISS J. Walsh 25' 3PT,[1641775],1610612738.0,BOS,,,,Walsh,J. Walsh,,,,,Above the Break 3,24+ Center,25.74,Missed,,,,,,,,,,,,,,,,,,
506,PT02M49.00S,2026-01-22T02:15:36.5Z,3,REGULAR,rebound,defensive,[],204456,,,1610612754,83,70,2026-01-22T02:15:37Z,4910000,False,,,0,,T. McConnell REBOUND (Off:0 Def:2),[204456],1610612754.0,IND,,,,McConnell,T. McConnell,,,,,Above the Break 3,24+ Center,,,,,,,505.0,2.0,2.0,0.0,,,,,,,,,,
507,PT02M46.00S,2026-01-22T02:15:40.8Z,3,REGULAR,2pt,Layup,"['fastbreak', 'pointsinthepaint', 'defensivegoaltending']",1641716,6.258212877792378,57.35294117647059,1610612754,83,72,2026-01-22T02:20:43Z,4920000,False,-37.0,6.0,1,left,J. Walker running Layup (9 PTS) (T. McConnell 2 AST),"[1641716, 204456]",1610612754.0,IND,running,,,Walker,J. Walker,,,,,Restricted Area,0-8 Center,3.73,Made,9.0,T. McConnell,204456.0,2.0,,,,,,,,,,,,,,
509,PT02M46.00S,2026-01-22T02:15:43.8Z,3,REGULAR,violation,defensive goaltending,[],1629674,,,1610612754,83,72,2026-01-22T02:15:52Z,4940000,False,,,0,,N. Queta defensive goaltending VIOLATION,[1629674],1610612738.0,BOS,,,,Queta,N. Queta,,,,,,,,,,,,,,,,,,,,,,2534.0,,,,
510,PT02M30.00S,2026-01-22T02:16:16.4Z,3,REGULAR,2pt,Jump Shot,[],1628401,81.15965834428384,29.901960784313726,1610612738,85,72,2026-01-22T02:16:20Z,4950000,False,-100.0,125.0,1,right,D. White 16' pullup Jump Shot (11 PTS),[1628401],1610612738.0,BOS,pullup,,,White,D. White,,,,,Mid-Range,8-16 Left,16.01,Made,11.0,,,,,,,,,,,,,,,,,
511,PT02M29.00S,2026-01-22T02:16:23.0Z,3,REGULAR,timeout,full,"['team', 'mandatory']",0,,,1610612754,85,72,2026-01-22T02:16:23Z,4960000,False,,,0,,IND Timeout,[],1610612754.0,IND,,,,,,,,,,,,,,,,,,,,,,,,,,,,,,,
512,PT02M29.00S,2026-01-22T02:18:28.2Z,3,REGULAR,substitution,out,[],1641775,,,1610612754,85,72,2026-01-22T02:18:43Z,4970000,False,,,0,,SUB out: J. Walsh,[1641775],1610612738.0,BOS,,,,Walsh,J. Walsh,,,,,,,,,,,,,,,,,,,,,,,,,,
513,PT02M29.00S,2026-01-22T02:18:28.2Z,3,REGULAR,substitution,out,[],1642864,,,1610612754,85,72,2026-01-22T02:18:43Z,4980000,False,,,0,,SUB out: H. González,[1642864],1610612738.0,BOS,,,,González,H. González,,,,,,,,,,,,,,,,,,,,,,,,,,
514,PT02M29.00S,2026-01-22T02:18:28.2Z,3,REGULAR,substitution,in,[],1627759,,,1610612754,85,72,2026-01-22T02:18:43Z,4990000,False,,,0,,SUB in: J. Brown,[1627759],1610612738.0,BOS,,,,Brown,J. Brown,,,,,,,,,,,,,,,,,,,,,,,,,,
515,PT02M29.00S,2026-01-22T02:18:28.2Z,3,REGULAR,substitution,in,[],1630573,,,1610612754,85,72,2026-01-22T02:18:43Z,5000000,False,,,0,,SUB in: S. Hauser,[1630573],1610612738.0,BOS,,,,Hauser,S. Hauser,,,,,,,,,,,,,,,,,,,,,,,,,,
516,PT02M16.00S,2026-01-22T02:19:27.1Z,3,REGULAR,3pt,Jump Shot,[],1641716,30.699737187910642,74.01960784313727,1610612754,85,72,2026-01-22T02:21:30Z,5010000,False,-120.0,236.0,1,left,MISS J. Walker 26' pullup 3PT,[1641716],1610612754.0,IND,pullup,,,Walker,J. Walker,,,,,Above the Break 3,24+ Left Center,26.49,Missed,,,,,,,,,,,,,,,,,,
517,PT02M15.00S,2026-01-22T02:19:28.1Z,3,REGULAR,rebound,offensive,[],1630695,,,1610612754,85,72,2026-01-22T02:54:13Z,5020000,False,,,0,,M. Potter REBOUND (Off:1 Def:1),[1630695],1610612754.0,IND,,,,Potter,M. Potter,,,,,Above the Break 3,24+ Left Center,,,,,,,516.0,2.0,1.0,1.0,,,,,,,,,,
518,PT02M15.00S,2026-01-22T02:19:34.5Z,3,REGULAR,foul,personal,"['inpenalty', '2freethrow']",1629014,,,1610612754,85,72,2026-01-22T02:54:22Z,5030000,False,,,0,,A. Simons shooting personal FOUL (2 PF) (Potter 2 FT),"[1629014, 1630695]",1610612738.0,BOS,shooting,,,Simons,A. Simons,,,,,Restricted Area,0-8 Center,,,,,,,,,,,,,,,,1627541.0,2.0,0.0,Potter,1630695.0
520,PT02M15.00S,2026-01-22T02:19:59.0Z,3,REGULAR,freethrow,1 of 2,['2ndchance'],1630695,,,1610612754,85,72,2026-01-22T02:19:59Z,5050000,False,,,0,,MISS M. Potter Free Throw 1 of 2,[1630695],1610612754.0,IND,,,,Potter,M. Potter,,,,,,,,Missed,,,,,,,,,,,,,,,,,,
521,PT02M15.00S,2026-01-22T02:19:59.0Z,3,REGULAR,rebound,offensive,"['deadball', 'team']",0,,,1610612754,85,72,2026-01-22T02:19:59Z,5060000,False,,,0,,TEAM offensive REBOUND,[],1610612754.0,IND,,,,,,,,,,,,,,,,,,520.0,,,,,,,,,,,,,
522,PT02M15.00S,2026-01-22T02:20:25.9Z,3,REGULAR,freethrow,2 of 2,['2ndchance'],1630695,,,1610612754,85,73,2026-01-22T02:20:25Z,5070000,False,,,0,,M. Potter Free Throw 2 of 2 (5 PTS),[1630695],1610612754.0,IND,,,,Potter,M. Potter,,,,,,,,Made,5.0,,,,,,,,,,,,,,,,,
523,PT01M57.00S,2026-01-22T02:20:45.8Z,3,REGULAR,2pt,Jump Shot,['pointsinthepaint'],1628401,80.89684625492772,40.19607843137255,1610612738,85,73,2026-01-22T02:20:50Z,5080000,False,-49.0,127.0,1,right,MISS D. White 13' fadeaway Shot,[1628401],1610612738.0,BOS,fadeaway,,,White,D. White,,,,,In The Paint (Non-RA),8-16 Center,13.62,Missed,,,,,,,,,,,,,,,,,,
524,PT01M54.00S,2026-01-22T02:20:48.8Z,3,REGULAR,rebound,defensive,[],1641716,,,1610612754,85,73,2026-01-22T02:20:50Z,5090000,False,,,0,,J. Walker REBOUND (Off:0 Def:2),[1641716],1610612754.0,IND,,,,Walker,J. Walker,,,,,In The Paint (Non-RA),8-16 Center,,,,,,,523.0,2.0,2.0,0.0,,,,,,,,,,
525,PT01M42.00S,2026-01-22T02:21:01.1Z,3,REGULAR,3pt,Jump Shot,[],1641767,23.73521681997372,13.480392156862745,1610612754,85,76,2026-01-22T02:21:19Z,5100000,False,183.0,171.0,1,left,B. Sheppard 24' 3PT  (3 PTS) (T. McConnell 3 AST),"[1641767, 204456]",1610612754.0,IND,,,,Sheppard,B. Sheppard,,,,,Above the Break 3,24+ Right Center,24.99,Made,3.0,T. McConnell,204456.0,3.0,,,,,,,,,,,,,,
527,PT01M22.00S,2026-01-22T02:21:19.8Z,3,REGULAR,3pt,Jump Shot,[],1629014,71.17279894875165,75.0,1610612738,88,76,2026-01-22T02:21:24Z,5120000,False,125.0,218.0,1,right,A. Simons 25' 3PT  (9 PTS) (J. Brown 4 AST),"[1629014, 1627759]",1610612738.0,BOS,,,,Simons,A. Simons,,,,,Above the Break 3,24+ Right Center,25.17,Made,9.0,J. Brown,1627759.0,4.0,,,,,,,,,,,,,,
529,PT01M08.00S,2026-01-22T02:21:33.3Z,3,REGULAR,3pt,Jump Shot,[],204456,30.962549277266753,28.676470588235293,1610612754,88,76,2026-01-22T02:21:40Z,5140000,False,107.0,239.0,1,left,MISS T. McConnell 26' 3PT,[204456],1610612754.0,IND,,,,McConnell,T. McConnell,,,,,Above the Break 3,24+ Right Center,26.12,Missed,,,,,,,,,,,,,,,,,,
530,PT01M04.00S,2026-01-22T02:21:37.3Z,3,REGULAR,rebound,defensive,[],1629674,,,1610612738,88,76,2026-01-22T02:22:12Z,5150000,False,,,0,,N. Queta REBOUND (Off:2 Def:4),[1629674],1610612738.0,BOS,,,,Queta,N. Queta,,,,,Above the Break 3,24+ Right Center,,,,,,,529.0,6.0,4.0,2.0,,,,,,,,,,
531,PT00M57.80S,2026-01-22T02:21:49.5Z,3,REGULAR,foul,offensive,['inpenalty'],1629674,,,1610612738,88,76,2026-01-22T02:22:13Z,5160000,False,,,0,,N. Queta offensive FOUL (3 PF),"[1629674, 204456]",1610612738.0,BOS,,,,Queta,N. Queta,,,,,Above the Break 3,24+ Left Center,,,,,,,,,,,,,,,,2534.0,3.0,0.0,McConnell,204456.0
533,PT00M57.80S,2026-01-22T02:21:49.5Z,3,REGULAR,turnover,offensive foul,[],1629674,,,1610612738,88,76,2026-01-22T02:21:49Z,5180000,False,,,0,,N. Queta offensive foul TURNOVER (1 TO),[1629674],1610612738.0,BOS,,,,Queta,N. Queta,,,,,Above the Break 3,24+ Left Center,,,,,,,,,,,1.0,,,,,2534.0,,,,
534,PT00M48.60S,2026-01-22T02:22:11.0Z,3,REGULAR,2pt,Layup,"['pointsinthepaint', 'fromturnover']",204456,6.783837056504599,63.48039215686274,1610612754,88,78,2026-01-22T02:23:19Z,5190000,False,-67.0,11.0,1,left,T. McConnell 6' driving Layup (4 PTS),[204456],1610612754.0,IND,driving,,,McConnell,T. McConnell,,,,,In The Paint (Non-RA),0-8 Center,6.83,Made,4.0,,,,,,,,,,,,,,,,,
535,PT00M31.40S,2026-01-22T02:22:31.2Z,3,REGULAR,2pt,Layup,['pointsinthepaint'],1629674,93.51182654402102,50.98039215686274,1610612738,90,78,2026-01-22T02:24:44Z,5200000,False,5.0,8.0,1,right,N. Queta cutting Layup (12 PTS) (J. Brown 5 AST),"[1629674, 1627759]",1610612738.0,BOS,cutting,,,Queta,N. Queta,,,,,Restricted Area,0-8 Center,0.98,Made,12.0,J. Brown,1627759.0,5.0,,,,,,,,,,,,,,
537,PT00M31.40S,2026-01-22T02:22:34.4Z,3,REGULAR,foul,personal,"['inpenalty', '1freethrow']",1641767,,,1610612738,90,78,2026-01-22T02:22:43Z,5220000,False,,,0,,B. Sheppard shooting personal FOUL (1 PF) (Queta 1 FT),"[1641767, 1629674]",1610612754.0,IND,shooting,,,Sheppard,B. Sheppard,,,,,Restricted Area,0-8 Center,,,,,,,,,,,,,,,,1627541.0,1.0,0.0,Queta,1629674.0
539,PT00M31.40S,2026-01-22T02:22:55.7Z,3,REGULAR,substitution,out,[],1629014,,,1610612738,90,78,2026-01-22T02:23:43Z,5240000,False,,,0,,SUB out: A. Simons,[1629014],1610612738.0,BOS,,,,Simons,A. Simons,,,,,,,,,,,,,,,,,,,,,,,,,,
540,PT00M31.40S,2026-01-22T02:22:55.7Z,3,REGULAR,substitution,out,[],1630573,,,1610612738,90,78,2026-01-22T02:23:43Z,5250000,False,,,0,,SUB out: S. Hauser,[1630573],1610612738.0,BOS,,,,Hauser,S. Hauser,,,,,,,,,,,,,,,,,,,,,,,,,,
541,PT00M31.40S,2026-01-22T02:22:55.7Z,3,REGULAR,substitution,out,[],1641767,,,1610612738,90,78,2026-01-22T02:23:43Z,5260000,False,,,0,,SUB out: B. Sheppard,[1641767],1610612754.0,IND,,,,Sheppard,B. Sheppard,,,,,,,,,,,,,,,,,,,,,,,,,,
542,PT00M31.40S,2026-01-22T02:22:55.7Z,3,REGULAR,substitution,in,[],1631248,,,1610612738,90,78,2026-01-22T02:23:43Z,5270000,False,,,0,,SUB in: B. Scheierman,[1631248],1610612738.0,BOS,,,,Scheierman,B. Scheierman,,,,,,,,,,,,,,,,,,,,,,,,,,
543,PT00M31.40S,2026-01-22T02:22:55.7Z,3,REGULAR,substitution,in,[],1641775,,,1610612738,90,78,2026-01-22T02:23:43Z,5280000,False,,,0,,SUB in: J. Walsh,[1641775],1610612738.0,BOS,,,,Walsh,J. Walsh,,,,,,,,,,,,,,,,,,,,,,,,,,
544,PT00M31.40S,2026-01-22T02:22:55.7Z,3,REGULAR,substitution,in,[],1629614,,,1610612738,90,78,2026-01-22T02:23:43Z,5290000,False,,,0,,SUB in: A. Nembhard,[1629614],1610612754.0,IND,,,,Nembhard,A. Nembhard,,,,,,,,,,,,,,,,,,,,,,,,,,
545,PT00M31.40S,2026-01-22T02:23:18.2Z,3,REGULAR,freethrow,1 of 1,[],1629674,,,1610612738,91,78,2026-01-22T02:23:18Z,5300000,False,,,0,,N. Queta Free Throw 1 of 1 (13 PTS),[1629674],1610612738.0,BOS,,,,Queta,N. Queta,,,,,,,,Made,13.0,,,,,,,,,,,,,,,,,
546,PT00M12.00S,2026-01-22T02:23:38.0Z,3,REGULAR,3pt,Jump Shot,[],1630174,19.66162943495401,91.17647058823529,1610612754,91,78,2026-01-22T02:23:47Z,5310000,False,-206.0,132.0,1,left,MISS A. Nesmith 24' 3PT,[1630174],1610612754.0,IND,,,,Nesmith,A. Nesmith,,,,,Above the Break 3,24+ Left Center,24.47,Missed,,,,,,,,,,,,,,,,,,
547,PT00M06.80S,2026-01-22T02:23:43.2Z,3,REGULAR,rebound,defensive,[],1641775,,,1610612738,91,78,2026-01-22T02:23:47Z,5320000,False,,,0,,J. Walsh REBOUND (Off:1 Def:3),[1641775],1610612738.0,BOS,,,,Walsh,J. Walsh,,,,,Above the Break 3,24+ Left Center,,,,,,,546.0,4.0,3.0,1.0,,,,,,,,,,
549,PT00M01.00S,2026-01-22T02:24:03.5Z,3,REGULAR,substitution,out,[],204456,,,1610612738,91,78,2026-01-22T02:24:10Z,5340000,False,,,0,,SUB out: T. McConnell,[204456],1610612754.0,IND,,,,McConnell,T. McConnell,,,,,,,,,,,,,,,,,,,,,,,,,,
550,PT00M01.00S,2026-01-22T02:24:03.5Z,3,REGULAR,substitution,in,[],1642277,,,1610612738,91,78,2026-01-22T02:24:10Z,5350000,False,,,0,,SUB in: J. Furphy,[1642277],1610612754.0,IND,,,,Furphy,J. Furphy,,,,,,,,,,,,,,,,,,,,,,,,,,
551,PT00M01.00S,2026-01-22T02:24:15.5Z,3,REGULAR,substitution,out,[],1629674,,,1610612738,91,78,2026-01-22T02:24:29Z,5360000,False,,,0,,SUB out: N. Queta,[1629674],1610612738.0,BOS,,,,Queta,N. Queta,,,,,,,,,,,,,,,,,,,,,,,,,,
552,PT00M01.00S,2026-01-22T02:24:15.5Z,3,REGULAR,substitution,out,[],1630174,,,1610612738,91,78,2026-01-22T02:24:29Z,5370000,False,,,0,,SUB out: A. Nesmith,[1630174],1610612754.0,IND,,,,Nesmith,A. Nesmith,,,,,,,,,,,,,,,,,,,,,,,,,,
553,PT00M01.00S,2026-01-22T02:24:15.5Z,3,REGULAR,substitution,in,[],1630202,,,1610612738,91,78,2026-01-22T02:24:29Z,5380000,False,,,0,,SUB in: P. Pritchard,[1630202],1610612738.0,BOS,,,,Pritchard,P. Pritchard,,,,,,,,,,,,,,,,,,,,,,,,,,
554,PT00M01.00S,2026-01-22T02:24:15.5Z,3,REGULAR,substitution,in,[],1641767,,,1610612738,91,78,2026-01-22T02:24:29Z,5390000,False,,,0,,SUB in: B. Sheppard,[1641767],1610612754.0,IND,,,,Sheppard,B. Sheppard,,,,,,,,,,,,,,,,,,,,,,,,,,
555,PT00M00.00S,2026-01-22T02:24:42.6Z,3,REGULAR,period,end,[],0,,,1610612738,91,78,2026-01-22T02:24:42Z,5400000,False,,,0,,Period End,[],,,,,,,,,,,,,,,,,,,,,,,,,,,,,,,,,
556,PT12M00.00S,2026-01-22T02:27:04.0Z,4,REGULAR,substitution,out,['startperiod'],1628401,,,1610612738,91,78,2026-01-22T02:27:17Z,5410000,False,,,0,,SUB out: D. White,[1628401],1610612738.0,BOS,,,,White,D. White,,,,,,,,,,,,,,,,,,,,,,,,,,
557,PT12M00.00S,2026-01-22T02:27:04.0Z,4,REGULAR,substitution,out,['startperiod'],1641775,,,1610612738,91,78,2026-01-22T02:27:17Z,5420000,False,,,0,,SUB out: J. Walsh,[1641775],1610612738.0,BOS,,,,Walsh,J. Walsh,,,,,,,,,,,,,,,,,,,,,,,,,,
558,PT12M00.00S,2026-01-22T02:27:04.0Z,4,REGULAR,substitution,out,['startperiod'],1631248,,,1610612738,91,78,2026-01-22T02:27:17Z,5430000,False,,,0,,SUB out: B. Scheierman,[1631248],1610612738.0,BOS,,,,Scheierman,B. Scheierman,,,,,,,,,,,,,,,,,,,,,,,,,,
559,PT12M00.00S,2026-01-22T02:27:04.0Z,4,REGULAR,substitution,out,['startperiod'],1642277,,,1610612738,91,78,2026-01-22T02:27:17Z,5440000,False,,,0,,SUB out: J. Furphy,[1642277],1610612754.0,IND,,,,Furphy,J. Furphy,,,,,,,,,,,,,,,,,,,,,,,,,,
560,PT12M00.00S,2026-01-22T02:27:04.0Z,4,REGULAR,substitution,out,['startperiod'],1641767,,,1610612738,91,78,2026-01-22T02:27:17Z,5450000,False,,,0,,SUB out: B. Sheppard,[1641767],1610612754.0,IND,,,,Sheppard,B. Sheppard,,,,,,,,,,,,,,,,,,,,,,,,,,
561,PT12M00.00S,2026-01-22T02:27:04.0Z,4,REGULAR,substitution,in,['startperiod'],1629014,,,1610612738,91,78,2026-01-22T02:27:17Z,5460000,False,,,0,,SUB in: A. Simons,[1629014],1610612738.0,BOS,,,,Simons,A. Simons,,,,,,,,,,,,,,,,,,,,,,,,,,
562,PT12M00.00S,2026-01-22T02:27:04.0Z,4,REGULAR,substitution,in,['startperiod'],1630573,,,1610612738,91,78,2026-01-22T02:27:17Z,5470000,False,,,0,,SUB in: S. Hauser,[1630573],1610612738.0,BOS,,,,Hauser,S. Hauser,,,,,,,,,,,,,,,,,,,,,,,,,,
563,PT12M00.00S,2026-01-22T02:27:04.0Z,4,REGULAR,substitution,in,['startperiod'],1630568,,,1610612738,91,78,2026-01-22T02:27:17Z,5480000,False,,,0,,SUB in: L. Garza,[1630568],1610612738.0,BOS,,,,Garza,L. Garza,,,,,,,,,,,,,,,,,,,,,,,,,,
564,PT12M00.00S,2026-01-22T02:27:04.0Z,4,REGULAR,substitution,in,['startperiod'],204456,,,1610612738,91,78,2026-01-22T02:27:17Z,5490000,False,,,0,,SUB in: T. McConnell,[204456],1610612754.0,IND,,,,McConnell,T. McConnell,,,,,,,,,,,,,,,,,,,,,,,,,,
565,PT12M00.00S,2026-01-22T02:27:04.0Z,4,REGULAR,substitution,in,['startperiod'],1630174,,,1610612738,91,78,2026-01-22T02:27:17Z,5500000,False,,,0,,SUB in: A. Nesmith,[1630174],1610612754.0,IND,,,,Nesmith,A. Nesmith,,,,,,,,,,,,,,,,,,,,,,,,,,
566,PT12M00.00S,2026-01-22T02:27:25.1Z,4,REGULAR,period,start,[],0,,,1610612738,91,78,2026-01-22T02:27:25Z,5510000,False,,,0,,Period Start,[],,,,,,,,,,,,,,,,,,,,,,,,,,,,,,,,,
567,PT11M58.00S,2026-01-22T02:27:36.9Z,4,REGULAR,turnover,out-of-bounds,[],1630573,,,1610612738,91,78,2026-01-22T02:34:17Z,5520000,False,,,0,,S. Hauser bad pass out-of-bounds TURNOVER (1 TO),[1630573],1610612738.0,BOS,bad pass,,,Hauser,S. Hauser,,,,,In The Paint (Non-RA),0-8 Center,,,,,,,,,,,1.0,,,,,1627541.0,,,,
568,PT11M50.00S,2026-01-22T02:27:53.8Z,4,REGULAR,3pt,Jump Shot,['fromturnover'],1630174,8.886333771353483,95.83333333333334,1610612754,91,78,2026-01-22T02:27:58Z,5530000,False,-229.0,31.0,1,left,MISS A. Nesmith 3PT,[1630174],1610612754.0,IND,,,,Nesmith,A. Nesmith,,,,,Left Corner 3,24+ Left,23.13,Missed,,,,,,,,,,,,,,,,,,
569,PT11M47.00S,2026-01-22T02:27:56.8Z,4,REGULAR,rebound,defensive,[],1630568,,,1610612738,91,78,2026-01-22T02:27:58Z,5540000,False,,,0,,L. Garza REBOUND (Off:3 Def:3),[1630568],1610612738.0,BOS,,,,Garza,L. Garza,,,,,Left Corner 3,24+ Left,,,,,,,568.0,6.0,3.0,3.0,,,,,,,,,,
570,PT11M31.00S,2026-01-22T02:28:12.6Z,4,REGULAR,turnover,bad pass,[],1627759,,,1610612738,91,78,2026-01-22T02:28:21Z,5550000,False,,,0,,J. Brown bad pass TURNOVER (5 TO),"[1627759, 1641716]",1610612738.0,BOS,,,,Brown,J. Brown,,,,,Above the Break 3,24+ Left Center,,,,,,,,,,,5.0,Walker,1641716.0,,,,,,,
571,PT11M31.00S,2026-01-22T02:28:12.6Z,4,REGULAR,steal,,[],1641716,,,1610612754,91,78,2026-01-22T02:28:14Z,5560000,False,,,0,,J. Walker STEAL (1 STL),[1641716],1610612754.0,IND,,,,Walker,J. Walker,,,,,Above the Break 3,24+ Left Center,,,,,,,,,,,,,,,,,,,,
572,PT11M28.00S,2026-01-22T02:28:17.9Z,4,REGULAR,foul,personal,['2freethrow'],1627759,,,1610612754,91,78,2026-01-22T02:28:22Z,5570000,False,,,0,,J. Brown shooting personal FOUL (1 PF) (Walker 2 FT),"[1627759, 1641716]",1610612738.0,BOS,shooting,,,Brown,J. Brown,,,,,In The Paint (Non-RA),0-8 Center,,,,,,,,,,,,,,,,1627541.0,1.0,0.0,Walker,1641716.0
574,PT11M28.00S,2026-01-22T02:28:47.2Z,4,REGULAR,freethrow,1 of 2,"['fromturnover', 'fastbreak']",1641716,,,1610612754,91,79,2026-01-22T02:28:47Z,5590000,False,,,0,,J. Walker Free Throw 1 of 2 (10 PTS),[1641716],1610612754.0,IND,,,,Walker,J. Walker,,,,,,,,Made,10.0,,,,,,,,,,,,,,,,,
575,PT11M28.00S,2026-01-22T02:29:02.8Z,4,REGULAR,freethrow,2 of 2,"['fromturnover', 'fastbreak']",1641716,,,1610612754,91,80,2026-01-22T02:29:02Z,5600000,False,,,0,,J. Walker Free Throw 2 of 2 (11 PTS),[1641716],1610612754.0,IND,,,,Walker,J. Walker,,,,,,,,Made,11.0,,,,,,,,,,,,,,,,,
576,PT11M17.00S,2026-01-22T02:29:15.6Z,4,REGULAR,3pt,Jump Shot,[],1630573,68.01905387647832,15.931372549019606,1610612738,91,80,2026-01-22T02:29:22Z,5610000,False,-170.0,248.0,1,right,MISS S. Hauser 30' 3PT,[1630573],1610612738.0,BOS,,,,Hauser,S. Hauser,,,,,Above the Break 3,24+ Left Center,30.09,Missed,,,,,,,,,,,,,,,,,,
577,PT11M14.00S,2026-01-22T02:29:19.5Z,4,REGULAR,rebound,offensive,[],1629014,,,1610612738,91,80,2026-01-22T02:29:19Z,5620000,False,,,0,,A. Simons REBOUND (Off:2 Def:2),[1629014],1610612738.0,BOS,,,,Simons,A. Simons,,,,,Above the Break 3,24+ Left Center,,,,,,,576.0,4.0,2.0,2.0,,,,,,,,,,
578,PT11M11.00S,2026-01-22T02:29:22.4Z,4,REGULAR,3pt,Jump Shot,['2ndchance'],1627759,70.64717477003943,23.03921568627451,1610612738,94,80,2026-01-22T02:29:26Z,5630000,False,-135.0,223.0,1,right,J. Brown 26' 3PT  (26 PTS) (S. Hauser 3 AST),"[1627759, 1630573]",1610612738.0,BOS,,,,Brown,J. Brown,,,,,Above the Break 3,24+ Left Center,26.09,Made,26.0,S. Hauser,1630573.0,3.0,,,,,,,,,,,,,,
580,PT10M59.00S,2026-01-22T02:29:33.0Z,4,REGULAR,3pt,Jump Shot,[],1630695,33.590670170827856,47.30392156862745,1610612754,94,80,2026-01-22T02:29:38Z,5650000,False,13.0,263.0,1,left,MISS M. Potter 26' 3PT,[1630695],1610612754.0,IND,,,,Potter,M. Potter,,,,,Above the Break 3,24+ Center,26.36,Missed,,,,,,,,,,,,,,,,,,
581,PT10M57.00S,2026-01-22T02:29:35.0Z,4,REGULAR,rebound,defensive,[],1627759,,,1610612738,94,80,2026-01-22T02:29:38Z,5660000,False,,,0,,J. Brown REBOUND (Off:2 Def:6),[1627759],1610612738.0,BOS,,,,Brown,J. Brown,,,,,Above the Break 3,24+ Center,,,,,,,580.0,8.0,6.0,2.0,,,,,,,,,,
582,PT10M41.00S,2026-01-22T02:29:54.4Z,4,REGULAR,turnover,out-of-bounds,[],1630573,,,1610612738,94,80,2026-01-22T02:30:01Z,5670000,False,,,0,,S. Hauser bad pass out-of-bounds TURNOVER (2 TO),[1630573],1610612738.0,BOS,bad pass,,,Hauser,S. Hauser,,,,,Mid-Range,16-24 Right Center,,,,,,,,,,,2.0,,,,,2534.0,,,,
583,PT10M24.00S,2026-01-22T02:30:25.7Z,4,REGULAR,2pt,Layup,"['pointsinthepaint', 'fromturnover']",1630695,8.886333771353483,56.61764705882353,1610612754,94,82,2026-01-22T02:30:29Z,5680000,False,-33.0,31.0,1,left,M. Potter cutting Layup (7 PTS) (A. Nembhard 6 AST),"[1630695, 1629614]",1610612754.0,IND,cutting,,,Potter,M. Potter,,,,,In The Paint (Non-RA),0-8 Center,4.53,Made,7.0,A. Nembhard,1629614.0,6.0,,,,,,,,,,,,,,
585,PT10M06.00S,2026-01-22T02:30:44.2Z,4,REGULAR,2pt,Layup,['pointsinthepaint'],1630568,93.24901445466492,46.81372549019608,1610612738,96,82,2026-01-22T02:30:51Z,5700000,False,-16.0,11.0,1,right,L. Garza reverse Layup (8 PTS) (P. Pritchard 7 AST),"[1630568, 1630202]",1610612738.0,BOS,reverse,,,Garza,L. Garza,,,,,Restricted Area,0-8 Center,1.93,Made,8.0,P. Pritchard,1630202.0,7.0,,,,,,,,,,,,,,
587,PT09M54.00S,2026-01-22T02:30:55.7Z,4,REGULAR,2pt,Jump Shot,['pointsinthepaint'],204456,14.14257555847569,35.53921568627451,1610612754,96,82,2026-01-22T02:31:32Z,5720000,False,72.0,80.0,1,left,MISS T. McConnell 10' pullup Shot,[204456],1610612754.0,IND,pullup,,,McConnell,T. McConnell,,,,,In The Paint (Non-RA),8-16 Right,10.81,Missed,,,,,,,,,,,,,,,,,,
588,PT09M50.00S,2026-01-22T02:30:59.7Z,4,REGULAR,rebound,offensive,[],204456,,,1610612754,96,82,2026-01-22T02:32:15Z,5730000,False,,,0,,T. McConnell REBOUND (Off:1 Def:2),[204456],1610612754.0,IND,,,,McConnell,T. McConnell,,,,,In The Paint (Non-RA),8-16 Right,,,,,,,587.0,3.0,2.0,1.0,,,,,,,,,,
589,PT09M46.00S,2026-01-22T02:31:03.9Z,4,REGULAR,2pt,Layup,"['pointsinthepaint', '2ndchance']",1641716,5.601182654402102,60.78431372549019,1610612754,96,82,2026-01-22T02:31:07Z,5740000,False,-54.0,0.0,1,left,MISS J. Walker driving Layup,[1641716],1610612754.0,IND,driving,,,Walker,J. Walker,,,,,In The Paint (Non-RA),0-8 Center,5.39,Missed,,,,,,,,,,,,,,,,,,
590,PT09M44.00S,2026-01-22T02:31:05.9Z,4,REGULAR,rebound,defensive,[],1630202,,,1610612738,96,82,2026-01-22T02:38:18Z,5750000,False,,,0,,P. Pritchard REBOUND (Off:1 Def:4),[1630202],1610612738.0,BOS,,,,Pritchard,P. Pritchard,,,,,In The Paint (Non-RA),0-8 Center,,,,,,,589.0,5.0,4.0,1.0,,,,,,,,,,
591,PT09M28.00S,2026-01-22T02:31:22.3Z,4,REGULAR,3pt,Jump Shot,[],1630573,69.46452036793693,75.0,1610612738,99,82,2026-01-22T02:31:28Z,5760000,False,125.0,235.0,1,right,S. Hauser 26' 3PT  (15 PTS) (A. Simons 2 AST),"[1630573, 1629014]",1610612738.0,BOS,,,,Hauser,S. Hauser,,,,,Above the Break 3,24+ Right Center,26.57,Made,15.0,A. Simons,1629014.0,2.0,,,,,,,,,,,,,,
593,PT09M25.00S,2026-01-22T02:31:28.0Z,4,REGULAR,timeout,full,"['team', 'mandatory']",0,,,1610612754,99,82,2026-01-22T02:31:28Z,5780000,False,,,0,,IND Timeout,[],1610612754.0,IND,,,,,,,,,,,,,,,,,,,,,,,,,,,,,,,
594,PT09M25.00S,2026-01-22T02:33:47.2Z,4,REGULAR,substitution,out,[],1641716,,,1610612754,99,82,2026-01-22T02:33:55Z,5790000,False,,,0,,SUB out: J. Walker,[1641716],1610612754.0,IND,,,,Walker,J. Walker,,,,,,,,,,,,,,,,,,,,,,,,,,
595,PT09M25.00S,2026-01-22T02:33:47.2Z,4,REGULAR,substitution,out,[],1630695,,,1610612754,99,82,2026-01-22T02:33:55Z,5800000,False,,,0,,SUB out: M. Potter,[1630695],1610612754.0,IND,,,,Potter,M. Potter,,,,,,,,,,,,,,,,,,,,,,,,,,
596,PT09M25.00S,2026-01-22T02:33:47.2Z,4,REGULAR,substitution,out,[],204456,,,1610612754,99,82,2026-01-22T02:33:55Z,5810000,False,,,0,,SUB out: T. McConnell,[204456],1610612754.0,IND,,,,McConnell,T. McConnell,,,,,,,,,,,,,,,,,,,,,,,,,,
597,PT09M25.00S,2026-01-22T02:33:47.2Z,4,REGULAR,substitution,out,[],1630174,,,1610612754,99,82,2026-01-22T02:33:55Z,5820000,False,,,0,,SUB out: A. Nesmith,[1630174],1610612754.0,IND,,,,Nesmith,A. Nesmith,,,,,,,,,,,,,,,,,,,,,,,,,,
598,PT09M25.00S,2026-01-22T02:33:47.2Z,4,REGULAR,substitution,in,[],1642277,,,1610612754,99,82,2026-01-22T02:33:55Z,5830000,False,,,0,,SUB in: J. Furphy,[1642277],1610612754.0,IND,,,,Furphy,J. Furphy,,,,,,,,,,,,,,,,,,,,,,,,,,
599,PT09M25.00S,2026-01-22T02:33:47.2Z,4,REGULAR,substitution,in,[],1628396,,,1610612754,99,82,2026-01-22T02:33:55Z,5840000,False,,,0,,SUB in: T. Bradley,[1628396],1610612754.0,IND,,,,Bradley,T. Bradley,,,,,,,,,,,,,,,,,,,,,,,,,,
600,PT09M25.00S,2026-01-22T02:33:47.2Z,4,REGULAR,substitution,in,[],1641767,,,1610612754,99,82,2026-01-22T02:33:55Z,5850000,False,,,0,,SUB in: B. Sheppard,[1641767],1610612754.0,IND,,,,Sheppard,B. Sheppard,,,,,,,,,,,,,,,,,,,,,,,,,,
601,PT09M25.00S,2026-01-22T02:33:47.2Z,4,REGULAR,substitution,in,[],1627783,,,1610612754,99,82,2026-01-22T02:33:55Z,5860000,False,,,0,,SUB in: P. Siakam,[1627783],1610612754.0,IND,,,,Siakam,P. Siakam,,,,,,,,,,,,,,,,,,,,,,,,,,
602,PT09M25.00S,2026-01-22T02:34:24.4Z,4,REGULAR,substitution,out,[],1630568,,,1610612754,99,82,2026-01-22T02:34:32Z,5870000,False,,,0,,SUB out: L. Garza,[1630568],1610612738.0,BOS,,,,Garza,L. Garza,,,,,,,,,,,,,,,,,,,,,,,,,,
603,PT09M25.00S,2026-01-22T02:34:24.4Z,4,REGULAR,substitution,in,[],1629674,,,1610612754,99,82,2026-01-22T02:34:32Z,5880000,False,,,0,,SUB in: N. Queta,[1629674],1610612738.0,BOS,,,,Queta,N. Queta,,,,,,,,,,,,,,,,,,,,,,,,,,
604,PT09M08.00S,2026-01-22T02:34:52.4Z,4,REGULAR,2pt,Layup,['pointsinthepaint'],1627783,12.697109067017081,35.294117647058826,1610612754,99,82,2026-01-22T02:35:26Z,5890000,False,74.0,67.0,1,left,MISS P. Siakam 9' driving Layup - blocked,"[1627783, 1629674]",1610612754.0,IND,driving,,,Siakam,P. Siakam,,,,,In The Paint (Non-RA),8-16 Right,9.94,Missed,,,,,,,,,,,,Queta,1629674.0,,,,,
605,PT09M08.00S,2026-01-22T02:34:52.4Z,4,REGULAR,block,,[],1629674,,,1610612754,99,82,2026-01-22T02:34:54Z,5900000,False,,,0,,N. Queta BLOCK (4 BLK),[1629674],1610612738.0,BOS,,,,Queta,N. Queta,,,,,In The Paint (Non-RA),8-16 Right,,,,,,,,,,,,,,,,,,,,
606,PT09M05.00S,2026-01-22T02:34:55.4Z,4,REGULAR,rebound,offensive,[],1629614,,,1610612754,99,82,2026-01-22T02:35:04Z,5910000,False,,,0,,A. Nembhard REBOUND (Off:2 Def:2),[1629614],1610612754.0,IND,,,,Nembhard,A. Nembhard,,,,,In The Paint (Non-RA),8-16 Right,,,,,,,604.0,4.0,2.0,2.0,,,,,,,,,,
607,PT09M04.00S,2026-01-22T02:34:56.4Z,4,REGULAR,2pt,Layup,"['pointsinthepaint', '2ndchance']",1628396,9.674770039421814,40.931372549019606,1610612754,99,82,2026-01-22T02:35:42Z,5920000,False,45.0,38.0,1,left,MISS T. Bradley Layup,[1628396],1610612754.0,IND,,,,Bradley,T. Bradley,,,,,In The Paint (Non-RA),0-8 Center,5.94,Missed,,,,,,,,,,,,,,,,,,
608,PT09M01.00S,2026-01-22T02:34:59.4Z,4,REGULAR,rebound,defensive,[],1630573,,,1610612738,99,82,2026-01-22T02:35:42Z,5930000,False,,,0,,S. Hauser REBOUND (Off:0 Def:5),[1630573],1610612738.0,BOS,,,,Hauser,S. Hauser,,,,,In The Paint (Non-RA),0-8 Center,,,,,,,607.0,5.0,5.0,0.0,,,,,,,,,,
609,PT08M52.00S,2026-01-22T02:35:07.9Z,4,REGULAR,3pt,Jump Shot,[],1629014,65.65374507227332,60.049019607843135,1610612738,99,82,2026-01-22T02:35:15Z,5940000,False,50.0,270.0,1,right,MISS A. Simons 27' step back 3PT,[1629014],1610612738.0,BOS,step back,,,Simons,A. Simons,,,,,Above the Break 3,24+ Center,27.5,Missed,,,,,,,,,,,,,,,,,,
610,PT08M49.00S,2026-01-22T02:35:10.9Z,4,REGULAR,rebound,defensive,[],1642277,,,1610612754,99,82,2026-01-22T02:35:15Z,5950000,False,,,0,,J. Furphy REBOUND (Off:1 Def:6),[1642277],1610612754.0,IND,,,,Furphy,J. Furphy,,,,,Above the Break 3,24+ Center,,,,,,,609.0,7.0,6.0,1.0,,,,,,,,,,
611,PT08M43.00S,2026-01-22T02:35:17.0Z,4,REGULAR,3pt,Jump Shot,[],1641767,24.129434954007884,14.460784313725492,1610612754,99,85,2026-01-22T02:35:21Z,5960000,False,178.0,174.0,1,left,B. Sheppard 24' 3PT  (6 PTS) (A. Nembhard 7 AST),"[1641767, 1629614]",1610612754.0,IND,,,,Sheppard,B. Sheppard,,,,,Above the Break 3,24+ Right Center,24.89,Made,6.0,A. Nembhard,1629614.0,7.0,,,,,,,,,,,,,,
613,PT08M26.00S,2026-01-22T02:35:34.9Z,4,REGULAR,turnover,bad pass,[],1629674,,,1610612738,99,85,2026-01-22T02:35:39Z,5980000,False,,,0,,N. Queta bad pass TURNOVER (2 TO),"[1629674, 1628396]",1610612738.0,BOS,,,,Queta,N. Queta,,,,,Above the Break 3,24+ Right Center,,,,,,,,,,,2.0,Bradley,1628396.0,,,,,,,
614,PT08M26.00S,2026-01-22T02:35:34.9Z,4,REGULAR,steal,,[],1628396,,,1610612754,99,85,2026-01-22T02:55:52Z,5990000,False,,,0,,T. Bradley STEAL (1 STL),[1628396],1610612754.0,IND,,,,Bradley,T. Bradley,,,,,Above the Break 3,24+ Right Center,,,,,,,,,,,,,,,,,,,,
615,PT08M21.00S,2026-01-22T02:35:39.6Z,4,REGULAR,3pt,Jump Shot,"['fromturnover', 'fastbreak']",1627783,8.886333771353483,96.32352941176471,1610612754,99,88,2026-01-22T02:36:54Z,6000000,False,-232.0,31.0,1,left,P. Siakam 3PT running (30 PTS) (A. Nembhard 8 AST),"[1627783, 1629614]",1610612754.0,IND,running,,,Siakam,P. Siakam,,,,,Left Corner 3,24+ Left,23.37,Made,30.0,A. Nembhard,1629614.0,8.0,,,,,,,,,,,,,,
617,PT07M57.00S,2026-01-22T02:36:02.7Z,4,REGULAR,2pt,Jump Shot,[],1630202,82.21090670170827,32.1078431372549,1610612738,101,88,2026-01-22T02:36:07Z,6020000,False,-89.0,115.0,1,right,P. Pritchard 14' pullup Jump Shot (8 PTS),[1630202],1610612738.0,BOS,pullup,,,Pritchard,P. Pritchard,,,,,Mid-Range,8-16 Left,14.55,Made,8.0,,,,,,,,,,,,,,,,,
618,PT07M47.00S,2026-01-22T02:36:13.5Z,4,REGULAR,3pt,Jump Shot,[],1627783,32.933639947437584,27.941176470588236,1610612754,101,88,2026-01-22T02:36:18Z,6030000,False,110.0,257.0,1,left,MISS P. Siakam 27' 3PT,[1627783],1610612754.0,IND,,,,Siakam,P. Siakam,,,,,Above the Break 3,24+ Right Center,27.98,Missed,,,,,,,,,,,,,,,,,,
619,PT07M44.00S,2026-01-22T02:36:16.5Z,4,REGULAR,rebound,defensive,[],1629674,,,1610612738,101,88,2026-01-22T02:36:18Z,6040000,False,,,0,,N. Queta REBOUND (Off:2 Def:5),[1629674],1610612738.0,BOS,,,,Queta,N. Queta,,,,,Above the Break 3,24+ Right Center,,,,,,,618.0,7.0,5.0,2.0,,,,,,,,,,
620,PT07M28.00S,2026-01-22T02:36:32.0Z,4,REGULAR,2pt,Hook,['pointsinthepaint'],1629674,89.96386333771353,42.8921568627451,1610612738,103,88,2026-01-22T02:37:43Z,6050000,False,-36.0,42.0,1,right,N. Queta driving Hook (15 PTS) (P. Pritchard 8 AST),"[1629674, 1630202]",1610612738.0,BOS,driving,,,Queta,N. Queta,,,,,In The Paint (Non-RA),0-8 Center,5.48,Made,15.0,P. Pritchard,1630202.0,8.0,,,,,,,,,,,,,,
622,PT07M24.00S,2026-01-22T02:36:39.0Z,4,REGULAR,foul,personal,['2freethrow'],1627759,,,1610612754,103,88,2026-01-22T02:36:47Z,6070000,False,,,0,,J. Brown shooting personal FOUL (2 PF) (Siakam 2 FT),"[1627759, 1627783]",1610612738.0,BOS,shooting,,,Brown,J. Brown,,,,,Restricted Area,0-8 Center,,,,,,,,,,,,,,,,2534.0,2.0,0.0,Siakam,1627783.0
624,PT07M24.00S,2026-01-22T02:37:11.6Z,4,REGULAR,freethrow,1 of 2,[],1627783,,,1610612754,103,88,2026-01-22T02:37:32Z,6090000,False,,,0,,MISS P. Siakam Free Throw 1 of 2,[1627783],1610612754.0,IND,,,,Siakam,P. Siakam,,,,,,,,Missed,,,,,,,,,,,,,,,,,,
625,PT07M24.00S,2026-01-22T02:37:11.6Z,4,REGULAR,rebound,offensive,"['team', 'deadball']",0,,,1610612754,103,88,2026-01-22T02:37:32Z,6100000,False,,,0,,TEAM offensive REBOUND,[],1610612754.0,IND,,,,,,,,,,,,,,,,,,624.0,,,,,,,,,,,,,
626,PT07M24.00S,2026-01-22T02:37:11.6Z,4,REGULAR,freethrow,2 of 2,[],1627783,,,1610612754,103,88,2026-01-22T02:37:32Z,6110000,False,,,0,,MISS P. Siakam Free Throw 2 of 2,[1627783],1610612754.0,IND,,,,Siakam,P. Siakam,,,,,,,,Missed,,,,,,,,,,,,,,,,,,
627,PT07M23.00S,2026-01-22T02:37:12.6Z,4,REGULAR,rebound,defensive,[],1627759,,,1610612738,103,88,2026-01-22T02:37:36Z,6120000,False,,,0,,J. Brown REBOUND (Off:2 Def:7),[1627759],1610612738.0,BOS,,,,Brown,J. Brown,,,,,,,,,,,,,626.0,9.0,7.0,2.0,,,,,,,,,,
628,PT07M12.00S,2026-01-22T02:37:41.2Z,4,REGULAR,2pt,Jump Shot,[],1627759,78.40013140604468,46.568627450980394,1610612738,103,88,2026-01-22T02:38:32Z,6130000,False,-17.0,151.0,1,right,MISS J. Brown 15' fadeaway Shot,[1627759],1610612738.0,BOS,fadeaway,,,Brown,J. Brown,,,,,Mid-Range,8-16 Center,15.15,Missed,,,,,,,,,,,,,,,,,,
629,PT07M09.00S,2026-01-22T02:37:49.0Z,4,REGULAR,rebound,offensive,[],1629674,,,1610612738,103,88,2026-01-22T02:37:49Z,6140000,False,,,0,,N. Queta REBOUND (Off:3 Def:5),[1629674],1610612738.0,BOS,,,,Queta,N. Queta,,,,,Mid-Range,8-16 Center,,,,,,,628.0,8.0,5.0,3.0,,,,,,,,,,
630,PT07M09.00S,2026-01-22T02:37:54.1Z,4,REGULAR,timeout,full,"['team', 'mandatory']",0,,,1610612738,103,88,2026-01-22T02:37:54Z,6150000,False,,,0,,BOS Timeout,[],1610612738.0,BOS,,,,,,,,,,,,,,,,,,,,,,,,,,,,,,,
631,PT07M09.00S,2026-01-22T02:39:48.7Z,4,REGULAR,substitution,out,[],1629014,,,1610612738,103,88,2026-01-22T02:40:09Z,6160000,False,,,0,,SUB out: A. Simons,[1629014],1610612738.0,BOS,,,,Simons,A. Simons,,,,,,,,,,,,,,,,,,,,,,,,,,
632,PT07M09.00S,2026-01-22T02:39:48.7Z,4,REGULAR,substitution,out,[],1628396,,,1610612738,103,88,2026-01-22T02:40:09Z,6170000,False,,,0,,SUB out: T. Bradley,[1628396],1610612754.0,IND,,,,Bradley,T. Bradley,,,,,,,,,,,,,,,,,,,,,,,,,,
633,PT07M09.00S,2026-01-22T02:39:48.7Z,4,REGULAR,substitution,in,[],1628401,,,1610612738,103,88,2026-01-22T02:40:09Z,6180000,False,,,0,,SUB in: D. White,[1628401],1610612738.0,BOS,,,,White,D. White,,,,,,,,,,,,,,,,,,,,,,,,,,
634,PT07M09.00S,2026-01-22T02:39:48.7Z,4,REGULAR,substitution,in,[],1630695,,,1610612738,103,88,2026-01-22T02:40:09Z,6190000,False,,,0,,SUB in: M. Potter,[1630695],1610612754.0,IND,,,,Potter,M. Potter,,,,,,,,,,,,,,,,,,,,,,,,,,
635,PT07M05.00S,2026-01-22T02:40:46.8Z,4,REGULAR,2pt,Jump Shot,['2ndchance'],1630573,79.84559789750328,22.54901960784314,1610612738,105,88,2026-01-22T02:40:56Z,6200000,False,-137.0,137.0,1,right,S. Hauser 19' pullup Jump Shot (17 PTS) (D. White 5 AST),"[1630573, 1628401]",1610612738.0,BOS,pullup,,,Hauser,S. Hauser,,,,,Mid-Range,16-24 Left Center,19.4,Made,17.0,D. White,1628401.0,5.0,,,,,,,,,,,,,,
637,PT06M52.00S,2026-01-22T02:40:59.1Z,4,REGULAR,3pt,Jump Shot,[],1641767,24.26084099868594,84.55882352941177,1610612754,105,88,2026-01-22T02:41:05Z,6220000,False,-173.0,176.0,1,left,MISS B. Sheppard 24' 3PT,[1641767],1610612754.0,IND,,,,Sheppard,B. Sheppard,,,,,Above the Break 3,24+ Left Center,24.64,Missed,,,,,,,,,,,,,,,,,,
638,PT06M50.00S,2026-01-22T02:41:01.1Z,4,REGULAR,rebound,offensive,[],1642277,,,1610612754,105,88,2026-01-22T02:41:25Z,6230000,False,,,0,,J. Furphy REBOUND (Off:2 Def:6),[1642277],1610612754.0,IND,,,,Furphy,J. Furphy,,,,,Above the Break 3,24+ Left Center,,,,,,,637.0,8.0,6.0,2.0,,,,,,,,,,
639,PT06M49.00S,2026-01-22T02:41:03.1Z,4,REGULAR,3pt,Jump Shot,['2ndchance'],1641767,11.12023653088042,96.32352941176471,1610612754,105,88,2026-01-22T02:42:19Z,6240000,False,-232.0,52.0,1,left,MISS B. Sheppard 3PT,[1641767],1610612754.0,IND,,,,Sheppard,B. Sheppard,,,,,Left Corner 3,24+ Left,23.74,Missed,,,,,,,,,,,,,,,,,,
640,PT06M48.00S,2026-01-22T02:41:04.1Z,4,REGULAR,rebound,defensive,[],1630573,,,1610612738,105,88,2026-01-22T02:42:19Z,6250000,False,,,0,,S. Hauser REBOUND (Off:0 Def:6),[1630573],1610612738.0,BOS,,,,Hauser,S. Hauser,,,,,Left Corner 3,24+ Left,,,,,,,639.0,6.0,6.0,0.0,,,,,,,,,,
642,PT06M25.00S,2026-01-22T02:41:28.9Z,4,REGULAR,2pt,Jump Shot,[],1627759,78.9257555847569,62.99019607843137,1610612738,105,88,2026-01-22T02:42:02Z,6260000,False,65.0,146.0,1,right,MISS J. Brown 15' fadeaway Shot,[1627759],1610612738.0,BOS,fadeaway,,,Brown,J. Brown,,,,,Mid-Range,8-16 Center,15.95,Missed,,,,,,,,,,,,,,,,,,
643,PT06M24.00S,2026-01-22T02:41:29.9Z,4,REGULAR,rebound,offensive,['team'],0,,,1610612738,105,88,2026-01-22T02:42:02Z,6270000,False,,,0,,TEAM offensive REBOUND,[],1610612738.0,BOS,,,,,,,,,,Mid-Range,8-16 Center,,,,,,,642.0,,,,,,,,,,,,,
644,PT06M24.00S,2026-01-22T02:41:34.0Z,4,REGULAR,turnover,shot clock,['team'],0,,,1610612738,105,88,2026-01-22T02:41:48Z,6280000,False,,,0,,BOS shot clock Team TURNOVER,[],1610612738.0,BOS,,,,,,,,,,In The Paint (Non-RA),0-8 Center,,,,,,,,,,,,,,,,1627541.0,,,,
645,PT06M24.00S,2026-01-22T02:41:40.7Z,4,REGULAR,substitution,out,[],1641767,,,1610612754,105,88,2026-01-22T02:41:46Z,6290000,False,,,0,,SUB out: B. Sheppard,[1641767],1610612754.0,IND,,,,Sheppard,B. Sheppard,,,,,,,,,,,,,,,,,,,,,,,,,,
646,PT06M24.00S,2026-01-22T02:41:40.7Z,4,REGULAR,substitution,in,[],1630174,,,1610612754,105,88,2026-01-22T02:41:46Z,6300000,False,,,0,,SUB in: A. Nesmith,[1630174],1610612754.0,IND,,,,Nesmith,A. Nesmith,,,,,,,,,,,,,,,,,,,,,,,,,,
647,PT06M10.00S,2026-01-22T02:42:01.3Z,4,REGULAR,turnover,bad pass,[],1630174,,,1610612754,105,88,2026-01-22T02:42:04Z,6310000,False,,,0,,A. Nesmith bad pass TURNOVER (1 TO),"[1630174, 1627759]",1610612754.0,IND,,,,Nesmith,A. Nesmith,,,,,Above the Break 3,24+ Left Center,,,,,,,,,,,1.0,Brown,1627759.0,,,,,,,
648,PT06M10.00S,2026-01-22T02:42:01.3Z,4,REGULAR,steal,,[],1627759,,,1610612738,105,88,2026-01-22T02:42:03Z,6320000,False,,,0,,J. Brown STEAL (3 STL),[1627759],1610612738.0,BOS,,,,Brown,J. Brown,,,,,Above the Break 3,24+ Left Center,,,,,,,,,,,,,,,,,,,,
649,PT06M07.00S,2026-01-22T02:42:04.9Z,4,REGULAR,2pt,Layup,"['pointsinthepaint', 'fromturnover', 'fastbreak']",1627759,92.59198423127464,53.67647058823529,1610612738,107,88,2026-01-22T02:42:11Z,6330000,False,18.0,17.0,1,right,J. Brown running Layup (28 PTS),[1627759],1610612738.0,BOS,running,,,Brown,J. Brown,,,,,Restricted Area,0-8 Center,2.51,Made,28.0,,,,,,,,,,,,,,,,,
650,PT05M57.00S,2026-01-22T02:42:17.9Z,4,REGULAR,foul,personal,['2freethrow'],1630573,,,1610612754,107,88,2026-01-22T02:43:36Z,6340000,False,,,0,,S. Hauser shooting personal FOUL (4 PF) (Potter 2 FT),"[1630573, 1630695]",1610612738.0,BOS,shooting,,,Hauser,S. Hauser,,,,,In The Paint (Non-RA),8-16 Right,,,,,,,,,,,,,,,,1627541.0,4.0,0.0,Potter,1630695.0
652,PT05M57.00S,2026-01-22T02:42:58.0Z,4,REGULAR,freethrow,1 of 2,[],1630695,,,1610612754,107,89,2026-01-22T02:42:58Z,6360000,False,,,0,,M. Potter Free Throw 1 of 2 (8 PTS),[1630695],1610612754.0,IND,,,,Potter,M. Potter,,,,,,,,Made,8.0,,,,,,,,,,,,,,,,,
653,PT05M57.00S,2026-01-22T02:43:20.6Z,4,REGULAR,freethrow,2 of 2,[],1630695,,,1610612754,107,90,2026-01-22T02:43:20Z,6370000,False,,,0,,M. Potter Free Throw 2 of 2 (9 PTS),[1630695],1610612754.0,IND,,,,Potter,M. Potter,,,,,,,,Made,9.0,,,,,,,,,,,,,,,,,
654,PT05M44.00S,2026-01-22T02:43:38.2Z,4,REGULAR,turnover,traveling,[],1630202,,,1610612738,107,90,2026-01-22T02:43:43Z,6380000,False,,,0,,P. Pritchard traveling TURNOVER (2 TO),[1630202],1610612738.0,BOS,,,,Pritchard,P. Pritchard,,,,,Mid-Range,16-24 Right Center,,,,,,,,,,,2.0,,,,,2534.0,,,,
655,PT05M36.00S,2026-01-22T02:43:56.5Z,4,REGULAR,2pt,Layup,['fromturnover'],1627783,12.040078843626807,33.82352941176471,1610612754,107,92,2026-01-22T02:44:01Z,6390000,False,81.0,61.0,1,left,P. Siakam 10' driving Layup (32 PTS) (A. Nembhard 9 AST),"[1627783, 1629614]",1610612754.0,IND,driving,,,Siakam,P. Siakam,,,,,Mid-Range,8-16 Right,10.11,Made,32.0,A. Nembhard,1629614.0,9.0,,,,,,,,,,,,,,
656,PT05M22.00S,2026-01-22T02:44:09.8Z,4,REGULAR,2pt,Layup,['pointsinthepaint'],1627759,93.51182654402102,43.627450980392155,1610612738,107,92,2026-01-22T02:45:53Z,6400000,False,-32.0,8.0,1,right,MISS J. Brown driving Layup,[1627759],1610612738.0,BOS,driving,,,Brown,J. Brown,,,,,Restricted Area,0-8 Center,3.3,Missed,,,,,,,,,,,,,,,,,,
657,PT05M20.00S,2026-01-22T02:44:11.8Z,4,REGULAR,rebound,offensive,[],1629674,,,1610612738,107,92,2026-01-22T02:44:16Z,6410000,False,,,0,,N. Queta REBOUND (Off:4 Def:5),[1629674],1610612738.0,BOS,,,,Queta,N. Queta,,,,,Restricted Area,0-8 Center,,,,,,,656.0,9.0,5.0,4.0,,,,,,,,,,
658,PT05M20.00S,2026-01-22T02:44:13.4Z,4,REGULAR,foul,personal,['2freethrow'],1630695,,,1610612738,107,92,2026-01-22T02:44:27Z,6420000,False,,,0,,M. Potter shooting personal FOUL (1 PF) (Queta 2 FT),"[1630695, 1629674]",1610612754.0,IND,shooting,,,Potter,M. Potter,,,,,In The Paint (Non-RA),0-8 Center,,,,,,,,,,,,,,,,11629177.0,1.0,0.0,Queta,1629674.0
660,PT05M20.00S,2026-01-22T02:44:51.3Z,4,REGULAR,freethrow,1 of 2,['2ndchance'],1629674,,,1610612738,108,92,2026-01-22T02:44:51Z,6440000,False,,,0,,N. Queta Free Throw 1 of 2 (16 PTS),[1629674],1610612738.0,BOS,,,,Queta,N. Queta,,,,,,,,Made,16.0,,,,,,,,,,,,,,,,,
661,PT05M20.00S,2026-01-22T02:44:51.8Z,4,REGULAR,substitution,out,[],1642277,,,1610612738,108,92,2026-01-22T02:44:54Z,6450000,False,,,0,,SUB out: J. Furphy,[1642277],1610612754.0,IND,,,,Furphy,J. Furphy,,,,,,,,,,,,,,,,,,,,,,,,,,
662,PT05M20.00S,2026-01-22T02:44:51.8Z,4,REGULAR,substitution,in,[],1641716,,,1610612738,108,92,2026-01-22T02:44:54Z,6460000,False,,,0,,SUB in: J. Walker,[1641716],1610612754.0,IND,,,,Walker,J. Walker,,,,,,,,,,,,,,,,,,,,,,,,,,
663,PT05M20.00S,2026-01-22T02:45:08.1Z,4,REGULAR,freethrow,2 of 2,['2ndchance'],1629674,,,1610612738,109,92,2026-01-22T02:45:08Z,6470000,False,,,0,,N. Queta Free Throw 2 of 2 (17 PTS),[1629674],1610612738.0,BOS,,,,Queta,N. Queta,,,,,,,,Made,17.0,,,,,,,,,,,,,,,,,
664,PT05M01.00S,2026-01-22T02:45:27.8Z,4,REGULAR,3pt,Jump Shot,[],1629614,24.52365308804205,83.33333333333334,1610612754,109,92,2026-01-22T02:45:33Z,6480000,False,-167.0,178.0,1,left,MISS A. Nembhard 24' 3PT,[1629614],1610612754.0,IND,,,,Nembhard,A. Nembhard,,,,,Above the Break 3,24+ Left Center,24.39,Missed,,,,,,,,,,,,,,,,,,
665,PT04M59.00S,2026-01-22T02:45:29.8Z,4,REGULAR,rebound,defensive,[],1628401,,,1610612738,109,92,2026-01-22T02:45:33Z,6490000,False,,,0,,D. White REBOUND (Off:0 Def:5),[1628401],1610612738.0,BOS,,,,White,D. White,,,,,Above the Break 3,24+ Left Center,,,,,,,664.0,5.0,5.0,0.0,,,,,,,,,,
666,PT04M52.00S,2026-01-22T02:45:37.6Z,4,REGULAR,2pt,Layup,['pointsinthepaint'],1627759,89.30683311432325,37.5,1610612738,111,92,2026-01-22T02:45:44Z,6500000,False,-62.0,48.0,1,right,J. Brown 7' driving Layup (30 PTS),[1627759],1610612738.0,BOS,driving,,,Brown,J. Brown,,,,,In The Paint (Non-RA),0-8 Center,7.88,Made,30.0,,,,,,,,,,,,,,,,,
667,PT04M40.00S,2026-01-22T02:45:49.0Z,4,REGULAR,3pt,Jump Shot,[],1630695,30.436925098554536,70.34313725490196,1610612754,111,92,2026-01-22T02:45:57Z,6510000,False,-102.0,234.0,1,left,MISS M. Potter 25' 3PT,[1630695],1610612754.0,IND,,,,Potter,M. Potter,,,,,Above the Break 3,24+ Left Center,25.48,Missed,,,,,,,,,,,,,,,,,,
668,PT04M38.00S,2026-01-22T02:45:51.0Z,4,REGULAR,rebound,defensive,[],1627759,,,1610612738,111,92,2026-01-22T02:45:57Z,6520000,False,,,0,,J. Brown REBOUND (Off:2 Def:8),[1627759],1610612738.0,BOS,,,,Brown,J. Brown,,,,,Above the Break 3,24+ Left Center,,,,,,,667.0,10.0,8.0,2.0,,,,,,,,,,
669,PT04M15.00S,2026-01-22T02:46:14.1Z,4,REGULAR,2pt,Layup,['pointsinthepaint'],1628401,90.22667542706965,64.70588235294117,1610612738,113,92,2026-01-22T02:47:26Z,6530000,False,74.0,39.0,1,right,D. White 8' driving Layup (13 PTS),[1628401],1610612738.0,BOS,driving,,,White,D. White,,,,,In The Paint (Non-RA),8-16 Right,8.34,Made,13.0,,,,,,,,,,,,,,,,,
670,PT04M15.00S,2026-01-22T02:46:18.4Z,4,REGULAR,timeout,full,['team'],0,,,1610612754,113,92,2026-01-22T02:46:18Z,6540000,False,,,0,,IND Timeout,[],1610612754.0,IND,,,,,,,,,,,,,,,,,,,,,,,,,,,,,,,
671,PT04M15.00S,2026-01-22T02:47:13.6Z,4,REGULAR,substitution,out,[],1627759,,,1610612754,113,92,2026-01-22T02:47:51Z,6550000,False,,,0,,SUB out: J. Brown,[1627759],1610612738.0,BOS,,,,Brown,J. Brown,,,,,,,,,,,,,,,,,,,,,,,,,,
672,PT04M15.00S,2026-01-22T02:47:13.6Z,4,REGULAR,substitution,out,[],1630573,,,1610612754,113,92,2026-01-22T02:47:51Z,6560000,False,,,0,,SUB out: S. Hauser,[1630573],1610612738.0,BOS,,,,Hauser,S. Hauser,,,,,,,,,,,,,,,,,,,,,,,,,,
673,PT04M15.00S,2026-01-22T02:47:13.6Z,4,REGULAR,substitution,out,[],1629614,,,1610612754,113,92,2026-01-22T02:47:51Z,6570000,False,,,0,,SUB out: A. Nembhard,[1629614],1610612754.0,IND,,,,Nembhard,A. Nembhard,,,,,,,,,,,,,,,,,,,,,,,,,,
674,PT04M15.00S,2026-01-22T02:47:13.6Z,4,REGULAR,substitution,out,[],1630695,,,1610612754,113,92,2026-01-22T02:47:51Z,6580000,False,,,0,,SUB out: M. Potter,[1630695],1610612754.0,IND,,,,Potter,M. Potter,,,,,,,,,,,,,,,,,,,,,,,,,,
675,PT04M15.00S,2026-01-22T02:47:13.6Z,4,REGULAR,substitution,out,[],1630174,,,1610612754,113,92,2026-01-22T02:47:51Z,6590000,False,,,0,,SUB out: A. Nesmith,[1630174],1610612754.0,IND,,,,Nesmith,A. Nesmith,,,,,,,,,,,,,,,,,,,,,,,,,,
676,PT04M15.00S,2026-01-22T02:47:13.6Z,4,REGULAR,substitution,out,[],1627783,,,1610612754,113,92,2026-01-22T02:47:51Z,6600000,False,,,0,,SUB out: P. Siakam,[1627783],1610612754.0,IND,,,,Siakam,P. Siakam,,,,,,,,,,,,,,,,,,,,,,,,,,
677,PT04M15.00S,2026-01-22T02:47:13.6Z,4,REGULAR,substitution,in,[],1631248,,,1610612754,113,92,2026-01-22T02:47:51Z,6610000,False,,,0,,SUB in: B. Scheierman,[1631248],1610612738.0,BOS,,,,Scheierman,B. Scheierman,,,,,,,,,,,,,,,,,,,,,,,,,,
678,PT04M15.00S,2026-01-22T02:47:13.6Z,4,REGULAR,substitution,in,[],1641775,,,1610612754,113,92,2026-01-22T02:47:51Z,6620000,False,,,0,,SUB in: J. Walsh,[1641775],1610612738.0,BOS,,,,Walsh,J. Walsh,,,,,,,,,,,,,,,,,,,,,,,,,,
679,PT04M15.00S,2026-01-22T02:47:13.6Z,4,REGULAR,substitution,in,[],1642880,,,1610612754,113,92,2026-01-22T02:47:51Z,6630000,False,,,0,,SUB in: K. Jones,[1642880],1610612754.0,IND,,,,Jones,K. Jones,,,,,,,,,,,,,,,,,,,,,,,,,,
680,PT04M15.00S,2026-01-22T02:47:13.6Z,4,REGULAR,substitution,in,[],1642277,,,1610612754,113,92,2026-01-22T02:47:51Z,6640000,False,,,0,,SUB in: J. Furphy,[1642277],1610612754.0,IND,,,,Furphy,J. Furphy,,,,,,,,,,,,,,,,,,,,,,,,,,
681,PT04M15.00S,2026-01-22T02:47:13.6Z,4,REGULAR,substitution,in,[],1641767,,,1610612754,113,92,2026-01-22T02:47:51Z,6650000,False,,,0,,SUB in: B. Sheppard,[1641767],1610612754.0,IND,,,,Sheppard,B. Sheppard,,,,,,,,,,,,,,,,,,,,,,,,,,
682,PT04M15.00S,2026-01-22T02:47:13.6Z,4,REGULAR,substitution,in,[],1630543,,,1610612754,113,92,2026-01-22T02:47:51Z,6660000,False,,,0,,SUB in: I. Jackson,[1630543],1610612754.0,IND,,,,Jackson,I. Jackson,,,,,,,,,,,,,,,,,,,,,,,,,,
683,PT03M52.00S,2026-01-22T02:48:23.4Z,4,REGULAR,3pt,Jump Shot,[],1641767,33.196452036793694,31.61764705882353,1610612754,113,92,2026-01-22T02:48:45Z,6670000,False,92.0,260.0,1,left,MISS B. Sheppard 27' fadeaway 3PT - blocked,"[1641767, 1629674]",1610612754.0,IND,fadeaway,,,Sheppard,B. Sheppard,,,,,Above the Break 3,24+ Right Center,27.53,Missed,,,,,,,,,,,,Queta,1629674.0,,,,,
732,PT03M52.00S,2026-01-22T02:48:23.4Z,4,REGULAR,block,,[],1629674,,,1610612754,113,92,2026-01-22T02:57:58Z,6675000,False,,,0,,N. Queta BLOCK (5 BLK),[1629674],1610612738.0,BOS,,,,Queta,N. Queta,,,,,Above the Break 3,24+ Right Center,,,,,,,,,,,,,,,,,,,,
684,PT03M51.00S,2026-01-22T02:48:24.4Z,4,REGULAR,rebound,offensive,['team'],0,,,1610612754,113,92,2026-01-22T02:48:45Z,6680000,False,,,0,,TEAM offensive REBOUND,[],1610612754.0,IND,,,,,,,,,,Above the Break 3,24+ Right Center,,,,,,,683.0,,,,,,,,,,,,,
685,PT03M51.00S,2026-01-22T02:48:27.1Z,4,REGULAR,turnover,shot clock,['team'],0,,,1610612754,113,92,2026-01-22T02:48:36Z,6690000,False,,,0,,IND shot clock Team TURNOVER,[],1610612754.0,IND,,,,,,,,,,Restricted Area,0-8 Center,,,,,,,,,,,,,,,,1627541.0,,,,
686,PT03M51.00S,2026-01-22T02:48:29.1Z,4,REGULAR,substitution,out,[],1629674,,,1610612738,113,92,2026-01-22T02:48:33Z,6700000,False,,,0,,SUB out: N. Queta,[1629674],1610612738.0,BOS,,,,Queta,N. Queta,,,,,,,,,,,,,,,,,,,,,,,,,,
687,PT03M51.00S,2026-01-22T02:48:29.1Z,4,REGULAR,substitution,in,[],1642873,,,1610612738,113,92,2026-01-22T02:48:33Z,6710000,False,,,0,,SUB in: A. Williams,[1642873],1610612738.0,BOS,,,,Williams,A. Williams,,,,,,,,,,,,,,,,,,,,,,,,,,
688,PT03M35.00S,2026-01-22T02:48:53.1Z,4,REGULAR,3pt,Jump Shot,['fromturnover'],1628401,71.82982917214193,75.73529411764706,1610612738,113,92,2026-01-22T02:48:57Z,6720000,False,129.0,212.0,1,right,MISS D. White 24' 3PT,[1628401],1610612738.0,BOS,,,,White,D. White,,,,,Above the Break 3,24+ Right Center,24.83,Missed,,,,,,,,,,,,,,,,,,
689,PT03M32.00S,2026-01-22T02:48:56.1Z,4,REGULAR,rebound,defensive,[],1641716,,,1610612754,113,92,2026-01-22T02:48:57Z,6730000,False,,,0,,J. Walker REBOUND (Off:0 Def:3),[1641716],1610612754.0,IND,,,,Walker,J. Walker,,,,,Above the Break 3,24+ Right Center,,,,,,,688.0,3.0,3.0,0.0,,,,,,,,,,
694,PT03M23.00S,2026-01-22T02:49:01.0Z,4,REGULAR,turnover,out-of-bounds,[],1642880,,,1610612754,113,92,2026-01-22T02:49:42Z,6735000,False,,,0,,K. Jones lost ball out-of-bounds TURNOVER (1 TO),[1642880],1610612754.0,IND,lost ball,,,Jones,K. Jones,,,,,Mid-Range,8-16 Left,,,,,,,,,,,1.0,,,,,2534.0,,,,
691,PT03M23.00S,2026-01-22T02:49:10.9Z,4,REGULAR,substitution,out,[],1628401,,,1610612738,113,92,2026-01-22T02:49:42Z,6750000,False,,,0,,SUB out: D. White,[1628401],1610612738.0,BOS,,,,White,D. White,,,,,,,,,,,,,,,,,,,,,,,,,,
692,PT03M23.00S,2026-01-22T02:49:10.9Z,4,REGULAR,substitution,in,[],1642864,,,1610612738,113,92,2026-01-22T02:49:42Z,6760000,False,,,0,,SUB in: H. González,[1642864],1610612738.0,BOS,,,,González,H. González,,,,,,,,,,,,,,,,,,,,,,,,,,
693,PT03M06.00S,2026-01-22T02:49:38.6Z,4,REGULAR,3pt,Jump Shot,['fromturnover'],1631248,66.17936925098554,23.284313725490197,1610612738,113,92,2026-01-22T02:49:51Z,6770000,False,-134.0,265.0,1,right,MISS B. Scheierman 29' 3PT,[1631248],1610612738.0,BOS,,,,Scheierman,B. Scheierman,,,,,Above the Break 3,24+ Left Center,29.71,Missed,,,,,,,,,,,,,,,,,,
695,PT03M01.00S,2026-01-22T02:49:43.2Z,4,REGULAR,rebound,defensive,[],1630543,,,1610612754,113,92,2026-01-22T02:49:43Z,6780000,False,,,0,,I. Jackson REBOUND (Off:1 Def:1),[1630543],1610612754.0,IND,,,,Jackson,I. Jackson,,,,,Above the Break 3,24+ Left Center,,,,,,,693.0,2.0,1.0,1.0,,,,,,,,,,
696,PT02M56.00S,2026-01-22T02:49:49.1Z,4,REGULAR,2pt,DUNK,['pointsinthepaint'],1642277,6.1268068331143235,50.0,1610612754,113,94,2026-01-22T02:50:03Z,6790000,False,0.0,5.0,1,left,J. Furphy cutting DUNK (10 PTS) (J. Walker 2 AST),"[1642277, 1641716]",1610612754.0,IND,cutting,,,Furphy,J. Furphy,,,,,Restricted Area,0-8 Center,0.51,Made,10.0,J. Walker,1641716.0,2.0,,,,,,,,,,,,,,
698,PT02M39.00S,2026-01-22T02:50:05.8Z,4,REGULAR,2pt,Layup,['pointsinthepaint'],1630202,92.06636005256242,57.107843137254896,1610612738,115,94,2026-01-22T02:50:12Z,6810000,False,36.0,22.0,1,right,P. Pritchard driving Layup (10 PTS),[1630202],1610612738.0,BOS,driving,,,Pritchard,P. Pritchard,,,,,Restricted Area,0-8 Center,4.18,Made,10.0,,,,,,,,,,,,,,,,,
699,PT02M26.00S,2026-01-22T02:50:20.4Z,4,REGULAR,foul,personal,['2freethrow'],1642873,,,1610612754,115,94,2026-01-22T02:50:27Z,6820000,False,,,0,,A. Williams shooting personal FOUL (1 PF) (Sheppard 2 FT),"[1642873, 1641767]",1610612738.0,BOS,shooting,,,Williams,A. Williams,,,,,In The Paint (Non-RA),0-8 Center,,,,,,,,,,,,,,,,11629177.0,1.0,0.0,Sheppard,1641767.0
701,PT02M26.00S,2026-01-22T02:50:45.0Z,4,REGULAR,freethrow,1 of 2,[],1641767,,,1610612754,115,95,2026-01-22T02:50:45Z,6840000,False,,,0,,B. Sheppard Free Throw 1 of 2 (7 PTS),[1641767],1610612754.0,IND,,,,Sheppard,B. Sheppard,,,,,,,,Made,7.0,,,,,,,,,,,,,,,,,
702,PT02M26.00S,2026-01-22T02:50:45.7Z,4,REGULAR,substitution,out,[],1630202,,,1610612754,115,95,2026-01-22T02:50:48Z,6850000,False,,,0,,SUB out: P. Pritchard,[1630202],1610612738.0,BOS,,,,Pritchard,P. Pritchard,,,,,,,,,,,,,,,,,,,,,,,,,,
703,PT02M26.00S,2026-01-22T02:50:45.7Z,4,REGULAR,substitution,in,[],1631199,,,1610612754,115,95,2026-01-22T02:50:48Z,6860000,False,,,0,,SUB in: R. Harper Jr.,[1631199],1610612738.0,BOS,,,,Harper Jr.,R. Harper Jr.,,,,,,,,,,,,,,,,,,,,,,,,,,
704,PT02M26.00S,2026-01-22T02:51:10.1Z,4,REGULAR,freethrow,2 of 2,[],1641767,,,1610612754,115,96,2026-01-22T02:51:10Z,6870000,False,,,0,,B. Sheppard Free Throw 2 of 2 (8 PTS),[1641767],1610612754.0,IND,,,,Sheppard,B. Sheppard,,,,,,,,Made,8.0,,,,,,,,,,,,,,,,,
705,PT02M24.00S,2026-01-22T02:51:22.1Z,4,REGULAR,foul,personal,[],1642277,,,1610612738,115,96,2026-01-22T02:57:06Z,6880000,False,,,0,,J. Furphy take personal FOUL (4 PF),"[1642277, 1631248]",1610612754.0,IND,take,,,Furphy,J. Furphy,,,,,Above the Break 3,24+ Center,,,,,,,,,,,,,,,,1627541.0,4.0,0.0,Scheierman,1631248.0
707,PT02M24.00S,2026-01-22T02:51:28.2Z,4,REGULAR,substitution,out,[],1641767,,,1610612738,115,96,2026-01-22T02:51:30Z,6900000,False,,,0,,SUB out: B. Sheppard,[1641767],1610612754.0,IND,,,,Sheppard,B. Sheppard,,,,,,,,,,,,,,,,,,,,,,,,,,
708,PT02M24.00S,2026-01-22T02:51:28.2Z,4,REGULAR,substitution,in,[],1630695,,,1610612738,115,96,2026-01-22T02:51:30Z,6910000,False,,,0,,SUB in: M. Potter,[1630695],1610612754.0,IND,,,,Potter,M. Potter,,,,,,,,,,,,,,,,,,,,,,,,,,
709,PT02M08.00S,2026-01-22T02:51:48.2Z,4,REGULAR,turnover,lost ball,[],1642864,,,1610612738,115,96,2026-01-22T02:51:51Z,6920000,False,,,0,,H. González lost ball TURNOVER (1 TO),"[1642864, 1641716]",1610612738.0,BOS,,,,González,H. González,,,,,Mid-Range,8-16 Center,,,,,,,,,,,1.0,Walker,1641716.0,,,,,,,
710,PT02M08.00S,2026-01-22T02:51:48.2Z,4,REGULAR,steal,,[],1641716,,,1610612754,115,96,2026-01-22T02:51:50Z,6930000,False,,,0,,J. Walker STEAL (2 STL),[1641716],1610612754.0,IND,,,,Walker,J. Walker,,,,,Mid-Range,8-16 Center,,,,,,,,,,,,,,,,,,,,
711,PT02M02.00S,2026-01-22T02:51:54.6Z,4,REGULAR,3pt,Jump Shot,"['fromturnover', 'fastbreak']",1641716,31.488173455978973,31.61764705882353,1610612754,115,99,2026-01-22T02:53:30Z,6940000,False,92.0,243.0,1,left,J. Walker 26' 3PT running (14 PTS) (K. Jones 1 AST),"[1641716, 1642880]",1610612754.0,IND,running,,,Walker,J. Walker,,,,,Above the Break 3,24+ Right Center,26.03,Made,14.0,K. Jones,1642880.0,1.0,,,,,,,,,,,,,,
713,PT01M43.00S,2026-01-22T02:52:14.5Z,4,REGULAR,2pt,Jump Shot,['pointsinthepaint'],1631199,79.71419185282524,50.73529411764706,1610612738,117,99,2026-01-22T02:52:19Z,6960000,False,4.0,138.0,1,right,R. Harper Jr. 13' step back Jump Shot (2 PTS),[1631199],1610612738.0,BOS,step back,,,Harper Jr.,R. Harper Jr.,,,,,In The Paint (Non-RA),8-16 Center,13.82,Made,2.0,,,,,,,,,,,,,,,,,
714,PT01M33.00S,2026-01-22T02:52:28.3Z,4,REGULAR,2pt,Jump Shot,['pointsinthepaint'],1642880,9.806176084099869,63.48039215686274,1610612754,117,99,2026-01-22T02:52:41Z,6970000,False,-67.0,40.0,1,left,MISS K. Jones 7' driving floating Shot,[1642880],1610612754.0,IND,driving floating,,,Jones,K. Jones,,,,,In The Paint (Non-RA),0-8 Center,7.82,Missed,,,,,,,,,,,,,,,,,,
715,PT01M30.00S,2026-01-22T02:52:31.1Z,4,REGULAR,rebound,offensive,[],1642880,,,1610612754,117,99,2026-01-22T02:52:31Z,6980000,False,,,0,,K. Jones REBOUND (Off:1 Def:0),[1642880],1610612754.0,IND,,,,Jones,K. Jones,,,,,In The Paint (Non-RA),0-8 Center,,,,,,,714.0,1.0,0.0,1.0,,,,,,,,,,
716,PT01M29.00S,2026-01-22T02:52:32.2Z,4,REGULAR,3pt,Jump Shot,['2ndchance'],1642277,29.25427069645204,75.73529411764706,1610612754,117,99,2026-01-22T02:52:43Z,6990000,False,-129.0,222.0,1,left,MISS J. Furphy 25' 3PT,[1642277],1610612754.0,IND,,,,Furphy,J. Furphy,,,,,Above the Break 3,24+ Left Center,25.7,Missed,,,,,,,,,,,,,,,,,,
717,PT01M26.00S,2026-01-22T02:52:35.2Z,4,REGULAR,rebound,defensive,[],1641775,,,1610612738,117,99,2026-01-22T02:52:43Z,7000000,False,,,0,,J. Walsh REBOUND (Off:1 Def:4),[1641775],1610612738.0,BOS,,,,Walsh,J. Walsh,,,,,Above the Break 3,24+ Left Center,,,,,,,716.0,5.0,4.0,1.0,,,,,,,,,,
718,PT01M13.00S,2026-01-22T02:52:48.2Z,4,REGULAR,3pt,Jump Shot,[],1631199,80.89684625492772,92.64705882352942,1610612738,117,99,2026-01-22T02:52:55Z,7010000,False,213.0,127.0,1,right,MISS R. Harper Jr. 24' 3PT,[1631199],1610612738.0,BOS,,,,Harper Jr.,R. Harper Jr.,,,,,Above the Break 3,24+ Right Center,24.82,Missed,,,,,,,,,,,,,,,,,,
719,PT01M12.00S,2026-01-22T02:52:49.2Z,4,REGULAR,rebound,defensive,['team'],0,,,1610612754,117,99,2026-01-22T02:52:55Z,7020000,False,,,0,,TEAM defensive REBOUND,[],1610612754.0,IND,,,,,,,,,,Above the Break 3,24+ Right Center,,,,,,,718.0,,,,,,,,,,,,,
721,PT00M51.30S,2026-01-22T02:53:22.3Z,4,REGULAR,2pt,Layup,['pointsinthepaint'],1641716,8.09789750328515,61.029411764705884,1610612754,117,101,2026-01-22T02:53:36Z,7040000,False,-55.0,24.0,1,left,J. Walker driving Layup (16 PTS) (M. Potter 1 AST),"[1641716, 1630695]",1610612754.0,IND,driving,,,Walker,J. Walker,,,,,In The Paint (Non-RA),0-8 Center,5.99,Made,16.0,M. Potter,1630695.0,1.0,,,,,,,,,,,,,,
723,PT00M43.70S,2026-01-22T02:53:33.5Z,4,REGULAR,2pt,Jump Shot,['pointsinthepaint'],1631248,83.39356110381078,48.03921568627451,1610612738,119,101,2026-01-22T02:53:40Z,7060000,False,-10.0,104.0,1,right,B. Scheierman 10' driving floating Jump Shot (5 PTS),[1631248],1610612738.0,BOS,driving floating,,,Scheierman,B. Scheierman,,,,,In The Paint (Non-RA),8-16 Center,10.41,Made,5.0,,,,,,,,,,,,,,,,,
724,PT00M30.80S,2026-01-22T02:53:50.1Z,4,REGULAR,3pt,Jump Shot,[],1641716,32.802233902759525,23.03921568627451,1610612754,119,104,2026-01-22T02:53:53Z,7070000,False,135.0,256.0,1,left,J. Walker 28' 3PT  (19 PTS) (K. Jones 2 AST),"[1641716, 1642880]",1610612754.0,IND,,,,Walker,J. Walker,,,,,Above the Break 3,24+ Right Center,28.91,Made,19.0,K. Jones,1642880.0,2.0,,,,,,,,,,,,,,
726,PT00M06.10S,2026-01-22T02:54:20.1Z,4,REGULAR,turnover,shot clock,['team'],0,,,1610612738,119,104,2026-01-22T02:54:33Z,7090000,False,,,0,,BOS shot clock Team TURNOVER,[],1610612738.0,BOS,,,,,,,,,,Above the Break 3,24+ Center,,,,,,,,,,,,,,,,1627541.0,,,,
727,PT00M00.30S,2026-01-22T02:55:03.5Z,4,REGULAR,3pt,Jump Shot,['fromturnover'],1630543,35.03613666228647,44.85294117647059,1610612754,119,104,2026-01-22T02:58:39Z,7100000,False,26.0,277.0,1,left,MISS I. Jackson 27' pullup 3PT,[1630543],1610612754.0,IND,pullup,,,Jackson,I. Jackson,,,,,Above the Break 3,24+ Center,27.8,Missed,,,,,,,,,,,,,,,,,,
728,PT00M00.10S,2026-01-22T02:55:03.7Z,4,REGULAR,rebound,offensive,['team'],0,,,1610612754,119,104,2026-01-22T02:55:16Z,7110000,False,,,0,,TEAM offensive REBOUND,[],1610612754.0,IND,,,,,,,,,,Above the Break 3,24+ Center,,,,,,,727.0,,,,,,,,,,,,,
729,PT00M00.00S,2026-01-22T02:55:06.9Z,4,REGULAR,period,end,[],0,,,1610612754,119,104,2026-01-22T02:55:06Z,7120000,False,,,0,,Period End,[],,,,,,,,,,,,,,,,,,,,,,,,,,,,,,,,,
730,PT00M00.00S,2026-01-22T02:55:13.0Z,4,REGULAR,game,end,[],0,,,0,119,104,2026-01-22T02:55:13Z,7130000,False,,,0,,Game End,[],,,,,,,,,,,,,,,,,,,,,,,,,,,,,,,,,
