actionNumber,clock,timeActual,period,periodType,actionType,subType,qualifiers,personId,x,y,possession,scoreHome,scoreAway,edited,orderNumber,isTargetScoreLastPeriod,xLegacy,yLegacy,isFieldGoal,side,description,personIdsFilter,teamId,teamTricode,descriptor,jumpBallRecoveredName,jumpBallRecoverdPersonId,playerName,playerNameI,jumpBallWonPlayerName,jumpBallWonPersonId,jumpBallLostPlayerName,jumpBallLostPersonId,area,areaDetail,shotDistance,shotResult,shotActionNumber,reboundTotal,reboundDefensiveTotal,reboundOffensiveTotal,pointsTotal,assistPlayerNameInitial,assistPersonId,assistTotal,officialId,turnoverTotal,stealPlayerName,stealPersonId,foulPersonalTotal,foulTechnicalTotal,foulDrawnPlayerName,foulDrawnPersonId,blockPlayerName,blockPersonId
2,PT12M00.00S,2025-04-08T23:36:30.7Z,1,REGULAR,period,start,[],0,,,0,0,0,2025-04-08T23:36:30Z,20000,False,,,0,,Period Start,[],,,,,,,,,,,,,,,,,,,,,,,,,,,,,,,,,
4,PT11M56.00S,2025-04-08T23:36:33.1Z,1,REGULAR,jumpball,recovered,[],1628384,,,1610612752,0,0,2025-04-08T23:36:33Z,40000,False,,,0,,Jump Ball K. Towns vs. K. Porziņģis: Tip to O. Anunoby,"[1628384, 1626157, 204001]",1610612752.0,NYK,startperiod,O. Anunoby,1628384.0,Anunoby,O. Anunoby,Towns,1626157.0,Porziņģis,204001.0,,,,,,,,,,,,,,,,,,,,,,
8,PT11M48.00S,2025-04-08T23:36:58.0Z,1,REGULAR,2pt,Jump Shot,['pointsinthepaint'],1628969,82.60512483574244,46.568627450980394,1610612752,0,0,2025-04-08T23:37:02Z,80000,False,-17.0,111.0,1,right,MISS M. Bridges 11' step back Shot,[1628969],1610612752.0,NYK,step back,,,Bridges,M. Bridges,,,,,In The Paint (Non-RA),8-16 Center,11.23,Missed,,,,,,,,,,,,,,,,,,
9,PT11M45.00S,2025-04-08T23:37:01.0Z,1,REGULAR,rebound,defensive,[],1628369,,,1610612738,0,0,2025-04-08T23:37:02Z,90000,False,,,0,,J. Tatum REBOUND (Off:0 Def:1),[1628369],1610612738.0,BOS,,,,Tatum,J. Tatum,,,,,In The Paint (Non-RA),8-16 Center,,,8.0,1.0,1.0,0.0,,,,,,,,,,,,,,
10,PT11M33.00S,2025-04-08T23:37:12.2Z,1,REGULAR,2pt,Jump Shot,[],1627759,7.178055190538765,75.98039215686273,1610612738,0,0,2025-04-08T23:37:55Z,100000,False,-130.0,15.0,1,left,MISS J. Brown 13' step back Shot,[1627759],1610612738.0,BOS,step back,,,Brown,J. Brown,,,,,Mid-Range,8-16 Left,13.08,Missed,,,,,,,,,,,,,,,,,,
11,PT11M31.00S,2025-04-08T23:37:14.2Z,1,REGULAR,rebound,defensive,[],1628384,,,1610612752,0,0,2025-04-08T23:37:16Z,110000,False,,,0,,O. Anunoby REBOUND (Off:0 Def:1),[1628384],1610612752.0,NYK,,,,Anunoby,O. Anunoby,,,,,Mid-Range,8-16 Left,,,10.0,1.0,1.0,0.0,,,,,,,,,,,,,,
13,PT11M10.00S,2025-04-08T23:37:50.1Z,1,REGULAR,2pt,Jump Shot,['pointsinthepaint'],1628973,85.3646517739816,49.26470588235294,1610612752,2,0,2025-04-08T23:37:53Z,130000,False,-4.0,85.0,1,right,J. Brunson 8' driving floating Jump Shot (2 PTS),[1628973],1610612752.0,NYK,driving floating,,,Brunson,J. Brunson,,,,,In The Paint (Non-RA),8-16 Center,8.52,Made,,,,,2.0,,,,,,,,,,,,,
15,PT10M43.00S,2025-04-08T23:38:17.0Z,1,REGULAR,2pt,Jump Shot,[],204001,24.655059132720105,57.107843137254896,1610612738,2,2,2025-04-08T23:38:23Z,150000,False,-36.0,179.0,1,left,K. Porziņģis 18' fadeaway Jump Shot (2 PTS) (J. Tatum 1 AST),"[204001, 1628369]",1610612738.0,BOS,fadeaway,,,Porziņģis,K. Porziņģis,,,,,Mid-Range,16-24 Center,18.28,Made,,,,,2.0,J. Tatum,1628369.0,1.0,,,,,,,,,,
17,PT10M20.00S,2025-04-08T23:38:39.5Z,1,REGULAR,3pt,Jump Shot,[],1628973,95.3515111695138,96.07843137254902,1610612752,2,2,2025-04-08T23:39:36Z,170000,False,230.0,-9.0,1,right,MISS J. Brunson 3PT,[1628973],1610612752.0,NYK,,,,Brunson,J. Brunson,,,,,Right Corner 3,24+ Right,23.06,Missed,,,,,,,,,,,,,,,,,,
18,PT10M18.00S,2025-04-08T23:38:41.5Z,1,REGULAR,rebound,defensive,['team'],0,,,1610612738,2,2,2025-04-08T23:38:45Z,180000,False,,,0,,TEAM defensive REBOUND,[],1610612738.0,BOS,,,,,,,,,,Right Corner 3,24+ Right,,,17.0,,,,,,,,,,,,,,,,,
20,PT10M11.00S,2025-04-08T23:38:58.7Z,1,REGULAR,violation,kicked ball,[],1626157,,,1610612738,2,2,2025-04-08T23:39:13Z,200000,False,,,0,,K. Towns kicked ball VIOLATION,[1626157],1610612752.0,NYK,,,,Towns,K. Towns,,,,,,,,,,,,,,,,,101283.0,,,,,,,,,
21,PT10M05.00S,2025-04-08T23:39:15.4Z,1,REGULAR,3pt,Jump Shot,[],204001,35.167542706964525,37.00980392156863,1610612738,2,2,2025-04-08T23:39:21Z,210000,False,65.0,278.0,1,left,MISS K. Porziņģis 28' 3PT,[204001],1610612738.0,BOS,,,,Porziņģis,K. Porziņģis,,,,,Above the Break 3,24+ Center,28.56,Missed,,,,,,,,,,,,,,,,,,
22,PT10M02.00S,2025-04-08T23:39:18.4Z,1,REGULAR,rebound,offensive,[],201950,,,1610612738,2,2,2025-04-08T23:39:27Z,220000,False,,,0,,J. Holiday REBOUND (Off:1 Def:0),[201950],1610612738.0,BOS,,,,Holiday,J. Holiday,,,,,Above the Break 3,24+ Center,,,21.0,1.0,0.0,1.0,,,,,,,,,,,,,,
23,PT09M59.00S,2025-04-08T23:39:21.8Z,1,REGULAR,3pt,Jump Shot,['2ndchance'],1628369,33.065045992115635,47.794117647058826,1610612738,2,5,2025-04-08T23:39:24Z,230000,False,11.0,258.0,1,left,J. Tatum 25' 3PT  (3 PTS) (J. Holiday 1 AST),"[1628369, 201950]",1610612738.0,BOS,,,,Tatum,J. Tatum,,,,,Above the Break 3,24+ Center,25.85,Made,,,,,3.0,J. Holiday,201950.0,1.0,,,,,,,,,,
25,PT09M38.00S,2025-04-08T23:39:42.6Z,1,REGULAR,2pt,Jump Shot,[],1628404,79.45137976346912,47.549019607843135,1610612752,4,5,2025-04-08T23:41:23Z,250000,False,-12.0,141.0,1,right,J. Hart 14' Jump Shot (2 PTS) (J. Brunson 1 AST),"[1628404, 1628973]",1610612752.0,NYK,,,,Hart,J. Hart,,,,,Mid-Range,8-16 Center,14.12,Made,,,,,2.0,J. Brunson,1628973.0,1.0,,,,,,,,,,
27,PT09M26.00S,2025-04-08T23:39:54.6Z,1,REGULAR,turnover,lost ball,[],1627759,,,1610612738,4,5,2025-04-08T23:39:58Z,270000,False,,,0,,J. Brown lost ball TURNOVER (1 TO),"[1627759, 1628404]",1610612738.0,BOS,,,,Brown,J. Brown,,,,,Mid-Range,16-24 Center,,,,,,,,,,,,1.0,Hart,1628404.0,,,,,,
28,PT09M26.00S,2025-04-08T23:39:54.6Z,1,REGULAR,steal,,[],1628404,,,1610612752,4,5,2025-04-08T23:39:56Z,280000,False,,,0,,J. Hart STEAL (1 STL),[1628404],1610612752.0,NYK,,,,Hart,J. Hart,,,,,Mid-Range,16-24 Center,,,,,,,,,,,,,,,,,,,,
29,PT09M20.00S,2025-04-08T23:40:00.4Z,1,REGULAR,2pt,Jump Shot,"['pointsinthepaint', 'fromturnover', 'fastbreak']",1628969,93.51182654402102,37.254901960784316,1610612752,4,5,2025-04-08T23:43:17Z,290000,False,-64.0,8.0,1,right,MISS M. Bridges 6' running Shot,[1628969],1610612752.0,NYK,running,,,Bridges,M. Bridges,,,,,In The Paint (Non-RA),0-8 Center,6.43,Missed,,,,,,,,,,,,,,,,,,
30,PT09M17.00S,2025-04-08T23:40:03.4Z,1,REGULAR,rebound,offensive,[],1626157,,,1610612752,4,5,2025-04-08T23:40:08Z,300000,False,,,0,,K. Towns REBOUND (Off:1 Def:0),[1626157],1610612752.0,NYK,,,,Towns,K. Towns,,,,,In The Paint (Non-RA),0-8 Center,,,29.0,1.0,0.0,1.0,,,,,,,,,,,,,,
31,PT09M17.00S,2025-04-08T23:40:04.9Z,1,REGULAR,2pt,Layup,"['2ndchance', 'fastbreak', 'pointsinthepaint', 'fromturnover']",1626157,94.40999984741211,50.0,1610612752,6,5,2025-04-08T23:43:59Z,310000,False,0.0,0.0,1,right,K. Towns tip Layup (2 PTS),[1626157],1610612752.0,NYK,tip,,,Towns,K. Towns,,,,,Restricted Area,0-8 Center,0.0,Made,,,,,2.0,,,,,,,,,,,,,
32,PT09M05.00S,2025-04-08T23:40:15.6Z,1,REGULAR,2pt,Jump Shot,[],201950,7.5722733245729295,72.54901960784314,1610612738,6,5,2025-04-08T23:44:29Z,320000,False,-113.0,19.0,1,left,MISS J. Holiday 11' turnaround fadeaway Shot,[201950],1610612738.0,BOS,turnaround fadeaway,,,Holiday,J. Holiday,,,,,Mid-Range,8-16 Left,11.42,Missed,,,,,,,,,,,,,,,,,,
33,PT09M03.00S,2025-04-08T23:40:17.6Z,1,REGULAR,rebound,defensive,[],1626157,,,1610612752,6,5,2025-04-08T23:40:19Z,330000,False,,,0,,K. Towns REBOUND (Off:1 Def:1),[1626157],1610612752.0,NYK,,,,Towns,K. Towns,,,,,Mid-Range,8-16 Left,,,32.0,2.0,1.0,1.0,,,,,,,,,,,,,,
34,PT08M55.00S,2025-04-08T23:40:25.3Z,1,REGULAR,3pt,Jump Shot,[],1626157,64.86530880420499,42.8921568627451,1610612752,9,5,2025-04-08T23:40:28Z,340000,False,-36.0,278.0,1,right,K. Towns 28' 3PT  (5 PTS) (J. Hart 1 AST),"[1626157, 1628404]",1610612752.0,NYK,,,,Towns,K. Towns,,,,,Above the Break 3,24+ Center,28.01,Made,,,,,5.0,J. Hart,1628404.0,1.0,,,,,,,,,,
36,PT08M39.00S,2025-04-08T23:40:41.2Z,1,REGULAR,3pt,Jump Shot,[],201950,5.995400788436268,3.6764705882352944,1610612738,9,5,2025-04-08T23:40:44Z,360000,False,232.0,4.0,1,left,MISS J. Holiday 3PT,[201950],1610612738.0,BOS,,,,Holiday,J. Holiday,,,,,Right Corner 3,24+ Right,23.16,Missed,,,,,,,,,,,,,,,,,,
37,PT08M38.00S,2025-04-08T23:40:42.2Z,1,REGULAR,rebound,defensive,[],1628404,,,1610612752,9,5,2025-04-08T23:40:44Z,370000,False,,,0,,J. Hart REBOUND (Off:0 Def:1),[1628404],1610612752.0,NYK,,,,Hart,J. Hart,,,,,Right Corner 3,24+ Right,,,36.0,1.0,1.0,0.0,,,,,,,,,,,,,,
38,PT08M32.00S,2025-04-08T23:40:51.1Z,1,REGULAR,foul,personal,['2freethrow'],1627759,,,1610612752,9,5,2025-04-08T23:41:01Z,380000,False,,,0,,J. Brown shooting personal FOUL (1 PF) (Towns 2 FT),"[1627759, 1626157]",1610612738.0,BOS,shooting,,,Brown,J. Brown,,,,,Restricted Area,0-8 Center,,,,,,,,,,,101283.0,,,,1.0,0.0,Towns,1626157.0,,
40,PT08M32.00S,2025-04-08T23:41:28.6Z,1,REGULAR,freethrow,1 of 2,[],1626157,,,1610612752,9,5,2025-04-08T23:41:28Z,400000,False,,,0,,MISS K. Towns Free Throw 1 of 2,[1626157],1610612752.0,NYK,,,,Towns,K. Towns,,,,,,,,Missed,,,,,,,,,,,,,,,,,,
41,PT08M32.00S,2025-04-08T23:41:28.6Z,1,REGULAR,rebound,offensive,"['deadball', 'team']",0,,,1610612752,9,5,2025-04-08T23:41:28Z,410000,False,,,0,,TEAM offensive REBOUND,[],1610612752.0,NYK,,,,,,,,,,,,,,40.0,,,,,,,,,,,,,,,,,
42,PT08M32.00S,2025-04-08T23:41:52.0Z,1,REGULAR,freethrow,2 of 2,[],1626157,,,1610612752,10,5,2025-04-08T23:41:52Z,420000,False,,,0,,K. Towns Free Throw 2 of 2 (6 PTS),[1626157],1610612752.0,NYK,,,,Towns,K. Towns,,,,,,,,Made,,,,,6.0,,,,,,,,,,,,,
43,PT08M17.00S,2025-04-08T23:42:08.9Z,1,REGULAR,3pt,Jump Shot,[],204001,32.53942181340342,32.1078431372549,1610612738,10,5,2025-04-08T23:45:43Z,430000,False,89.0,253.0,1,left,MISS K. Porziņģis 26' 3PT,[204001],1610612738.0,BOS,,,,Porziņģis,K. Porziņģis,,,,,Above the Break 3,24+ Right Center,26.87,Missed,,,,,,,,,,,,,,,,,,
44,PT08M14.00S,2025-04-08T23:42:11.9Z,1,REGULAR,rebound,defensive,[],1628969,,,1610612752,10,5,2025-04-08T23:42:15Z,440000,False,,,0,,M. Bridges REBOUND (Off:0 Def:1),[1628969],1610612752.0,NYK,,,,Bridges,M. Bridges,,,,,Above the Break 3,24+ Right Center,,,43.0,1.0,1.0,0.0,,,,,,,,,,,,,,
45,PT08M05.00S,2025-04-08T23:42:20.3Z,1,REGULAR,2pt,Jump Shot,['pointsinthepaint'],1626157,92.9862023653088,39.705882352941174,1610612752,12,5,2025-04-08T23:42:24Z,450000,False,-51.0,13.0,1,right,K. Towns driving floating bank Jump Shot (8 PTS) (M. Bridges 1 AST),"[1626157, 1628969]",1610612752.0,NYK,driving floating bank,,,Towns,K. Towns,,,,,In The Paint (Non-RA),0-8 Center,5.32,Made,,,,,8.0,M. Bridges,1628969.0,1.0,,,,,,,,,,
47,PT07M49.00S,2025-04-08T23:42:36.6Z,1,REGULAR,3pt,Jump Shot,[],1628369,22.552562417871222,85.29411764705883,1610612738,12,5,2025-04-08T23:42:40Z,470000,False,-176.0,159.0,1,left,MISS J. Tatum step back 3PT,[1628369],1610612738.0,BOS,step back,,,Tatum,J. Tatum,,,,,Above the Break 3,24+ Left Center,23.79,Missed,,,,,,,,,,,,,,,,,,
48,PT07M46.00S,2025-04-08T23:42:39.6Z,1,REGULAR,rebound,defensive,[],1626157,,,1610612752,12,5,2025-04-08T23:43:05Z,480000,False,,,0,,K. Towns REBOUND (Off:1 Def:2),[1626157],1610612752.0,NYK,,,,Towns,K. Towns,,,,,Above the Break 3,24+ Left Center,,,47.0,3.0,2.0,1.0,,,,,,,,,,,,,,
49,PT07M42.00S,2025-04-08T23:42:43.2Z,1,REGULAR,3pt,Jump Shot,['fastbreak'],1628969,78.0059132720105,9.558823529411764,1610612752,12,5,2025-04-08T23:47:51Z,490000,False,-202.0,154.0,1,right,MISS M. Bridges 25' running 3PT,[1628969],1610612752.0,NYK,running,,,Bridges,M. Bridges,,,,,Above the Break 3,24+ Left Center,25.43,Missed,,,,,,,,,,,,,,,,,,
50,PT07M39.00S,2025-04-08T23:42:46.2Z,1,REGULAR,rebound,defensive,[],1628369,,,1610612738,12,5,2025-04-08T23:42:51Z,500000,False,,,0,,J. Tatum REBOUND (Off:0 Def:2),[1628369],1610612738.0,BOS,,,,Tatum,J. Tatum,,,,,Above the Break 3,24+ Left Center,,,49.0,2.0,2.0,0.0,,,,,,,,,,,,,,
51,PT07M30.00S,2025-04-08T23:42:55.2Z,1,REGULAR,2pt,Layup,['pointsinthepaint'],1627759,6.915243101182654,49.50980392156863,1610612738,12,7,2025-04-08T23:43:03Z,510000,False,2.0,13.0,1,left,J. Brown driving reverse Layup (2 PTS),[1627759],1610612738.0,BOS,driving reverse,,,Brown,J. Brown,,,,,Restricted Area,0-8 Center,1.27,Made,,,,,2.0,,,,,,,,,,,,,
52,PT07M14.00S,2025-04-08T23:43:11.9Z,1,REGULAR,2pt,Jump Shot,['pointsinthepaint'],1626157,85.3646517739816,51.470588235294116,1610612752,14,7,2025-04-08T23:43:24Z,520000,False,7.0,85.0,1,right,K. Towns 8' turnaround Jump Shot (10 PTS),[1626157],1610612752.0,NYK,turnaround,,,Towns,K. Towns,,,,,In The Paint (Non-RA),8-16 Center,8.54,Made,,,,,10.0,,,,,,,,,,,,,
53,PT06M52.00S,2025-04-08T23:43:34.2Z,1,REGULAR,3pt,Jump Shot,[],1628401,3.7614980289093296,1.2254901960784315,1610612738,14,7,2025-04-08T23:43:38Z,530000,False,244.0,-17.0,1,left,MISS D. White 24' 3PT,[1628401],1610612738.0,BOS,,,,White,D. White,,,,,Right Corner 3,24+ Right,24.45,Missed,,,,,,,,,,,,,,,,,,
54,PT06M49.00S,2025-04-08T23:43:37.2Z,1,REGULAR,rebound,defensive,[],1628384,,,1610612752,14,7,2025-04-08T23:43:38Z,540000,False,,,0,,O. Anunoby REBOUND (Off:0 Def:2),[1628384],1610612752.0,NYK,,,,Anunoby,O. Anunoby,,,,,Right Corner 3,24+ Right,,,53.0,2.0,2.0,0.0,,,,,,,,,,,,,,
55,PT06M47.00S,2025-04-08T23:43:38.8Z,1,REGULAR,turnover,bad pass,[],1628384,,,1610612752,14,7,2025-04-08T23:49:33Z,550000,False,,,0,,O. Anunoby bad pass TURNOVER (1 TO),"[1628384, 204001]",1610612752.0,NYK,,,,Anunoby,O. Anunoby,,,,,Restricted Area,0-8 Center,,,,,,,,,,,,1.0,Porziņģis,204001.0,,,,,,
56,PT06M47.00S,2025-04-08T23:43:38.8Z,1,REGULAR,steal,,[],204001,,,1610612738,14,7,2025-04-08T23:43:41Z,560000,False,,,0,,K. Porziņģis STEAL (1 STL),[204001],1610612738.0,BOS,,,,Porziņģis,K. Porziņģis,,,,,Restricted Area,0-8 Center,,,,,,,,,,,,,,,,,,,,
57,PT06M40.00S,2025-04-08T23:43:45.3Z,1,REGULAR,3pt,Jump Shot,['fromturnover'],1628369,31.61957950065703,36.51960784313725,1610612738,14,7,2025-04-08T23:43:51Z,570000,False,67.0,245.0,1,left,MISS J. Tatum 25' 3PT,[1628369],1610612738.0,BOS,,,,Tatum,J. Tatum,,,,,Above the Break 3,24+ Center,25.38,Missed,,,,,,,,,,,,,,,,,,
58,PT06M37.00S,2025-04-08T23:43:48.6Z,1,REGULAR,rebound,offensive,[],1628401,,,1610612738,14,7,2025-04-08T23:43:48Z,580000,False,,,0,,D. White REBOUND (Off:1 Def:0),[1628401],1610612738.0,BOS,,,,White,D. White,,,,,Above the Break 3,24+ Center,,,57.0,1.0,0.0,1.0,,,,,,,,,,,,,,
59,PT06M36.00S,2025-04-08T23:43:49.9Z,1,REGULAR,2pt,Layup,"['pointsinthepaint', 'fromturnover', '2ndchance']",1628401,6.1268068331143235,50.98039215686274,1610612738,14,9,2025-04-08T23:43:54Z,590000,False,-5.0,5.0,1,left,D. White putback Layup (2 PTS),[1628401],1610612738.0,BOS,putback,,,White,D. White,,,,,Restricted Area,0-8 Center,0.71,Made,,,,,2.0,,,,,,,,,,,,,
60,PT06M19.00S,2025-04-08T23:44:06.7Z,1,REGULAR,2pt,Layup,['pointsinthepaint'],1626157,89.83245729303549,43.872549019607845,1610612752,14,9,2025-04-08T23:52:13Z,600000,False,-31.0,43.0,1,right,MISS K. Towns driving Layup - blocked,"[1626157, 1628369]",1610612752.0,NYK,driving,,,Towns,K. Towns,,,,,In The Paint (Non-RA),0-8 Center,5.29,Missed,,,,,,,,,,,,,,,,,Tatum,1628369.0
61,PT06M19.00S,2025-04-08T23:44:06.7Z,1,REGULAR,block,,[],1628369,,,1610612752,14,9,2025-04-08T23:44:08Z,610000,False,,,0,,J. Tatum BLOCK (1 BLK),[1628369],1610612738.0,BOS,,,,Tatum,J. Tatum,,,,,In The Paint (Non-RA),0-8 Center,,,,,,,,,,,,,,,,,,,,
62,PT06M17.00S,2025-04-08T23:44:08.7Z,1,REGULAR,rebound,defensive,[],1628401,,,1610612738,14,9,2025-04-08T23:44:09Z,620000,False,,,0,,D. White REBOUND (Off:1 Def:1),[1628401],1610612738.0,BOS,,,,White,D. White,,,,,In The Paint (Non-RA),0-8 Center,,,60.0,2.0,1.0,1.0,,,,,,,,,,,,,,
63,PT06M15.00S,2025-04-08T23:44:14.4Z,1,REGULAR,2pt,Layup,"['fastbreak', 'pointsinthepaint']",204001,8.623521681997373,52.69607843137255,1610612738,14,9,2025-04-08T23:53:24Z,630000,False,-13.0,29.0,1,left,MISS K. Porziņģis running Layup - blocked,"[204001, 1628384]",1610612738.0,BOS,running,,,Porziņģis,K. Porziņģis,,,,,Restricted Area,0-8 Center,3.16,Missed,,,,,,,,,,,,,,,,,Anunoby,1628384.0
64,PT06M15.00S,2025-04-08T23:44:14.4Z,1,REGULAR,block,,[],1628384,,,1610612738,14,9,2025-04-08T23:44:17Z,640000,False,,,0,,O. Anunoby BLOCK (1 BLK),[1628384],1610612752.0,NYK,,,,Anunoby,O. Anunoby,,,,,Restricted Area,0-8 Center,,,,,,,,,,,,,,,,,,,,
65,PT06M14.00S,2025-04-08T23:44:15.4Z,1,REGULAR,rebound,offensive,['team'],0,,,1610612738,14,9,2025-04-08T23:44:21Z,650000,False,,,0,,TEAM offensive REBOUND,[],1610612738.0,BOS,,,,,,,,,,Restricted Area,0-8 Center,,,63.0,,,,,,,,,,,,,,,,,
67,PT06M14.00S,2025-04-08T23:44:22.8Z,1,REGULAR,timeout,full,"['team', 'mandatory']",0,,,1610612738,14,9,2025-04-08T23:44:22Z,670000,False,,,0,,NYK Timeout,[],1610612752.0,NYK,,,,,,,,,,,,,,,,,,,,,,,,,,,,,,,
68,PT06M03.00S,2025-04-08T23:48:04.0Z,1,REGULAR,3pt,Jump Shot,['2ndchance'],1628401,29.38567674113009,24.264705882352942,1610612738,14,12,2025-04-08T23:48:08Z,680000,False,129.0,224.0,1,left,D. White 25' 3PT  (5 PTS) (J. Holiday 2 AST),"[1628401, 201950]",1610612738.0,BOS,,,,White,D. White,,,,,Above the Break 3,24+ Right Center,25.81,Made,,,,,5.0,J. Holiday,201950.0,2.0,,,,,,,,,,
70,PT05M39.00S,2025-04-08T23:48:27.4Z,1,REGULAR,2pt,Jump Shot,[],1628384,93.38042049934296,78.92156862745098,1610612752,16,12,2025-04-08T23:48:32Z,700000,False,145.0,10.0,1,right,O. Anunoby 14' step back Jump Shot (2 PTS) (M. Bridges 2 AST),"[1628384, 1628969]",1610612752.0,NYK,step back,,,Anunoby,O. Anunoby,,,,,Mid-Range,8-16 Right,14.49,Made,,,,,2.0,M. Bridges,1628969.0,2.0,,,,,,,,,,
71,PT05M20.00S,2025-04-08T23:48:46.4Z,1,REGULAR,2pt,Jump Shot,['pointsinthepaint'],1627759,15.850854139290407,50.0,1610612738,16,12,2025-04-08T23:48:50Z,710000,False,0.0,96.0,1,left,MISS J. Brown 9' driving floating Shot,[1627759],1610612738.0,BOS,driving floating,,,Brown,J. Brown,,,,,In The Paint (Non-RA),8-16 Center,9.65,Missed,,,,,,,,,,,,,,,,,,
72,PT05M18.00S,2025-04-08T23:48:48.4Z,1,REGULAR,rebound,defensive,[],1628384,,,1610612752,16,12,2025-04-08T23:48:50Z,720000,False,,,0,,O. Anunoby REBOUND (Off:0 Def:3),[1628384],1610612752.0,NYK,,,,Anunoby,O. Anunoby,,,,,In The Paint (Non-RA),8-16 Center,,,71.0,3.0,3.0,0.0,,,,,,,,,,,,,,
74,PT05M12.00S,2025-04-08T23:48:54.6Z,1,REGULAR,2pt,Jump Shot,"['fastbreak', 'pointsinthepaint']",1628973,85.23324572930355,53.18627450980392,1610612752,18,12,2025-04-08T23:55:14Z,730000,False,16.0,86.0,1,right,J. Brunson 8' driving floating Jump Shot (4 PTS),[1628973],1610612752.0,NYK,driving floating,,,Brunson,J. Brunson,,,,,In The Paint (Non-RA),8-16 Center,8.78,Made,,,,,4.0,,,,,,,,,,,,,
75,PT05M00.00S,2025-04-08T23:49:06.2Z,1,REGULAR,3pt,Jump Shot,[],204001,32.14520367936925,66.17647058823529,1610612738,18,12,2025-04-08T23:49:13Z,740000,False,-81.0,250.0,1,left,MISS K. Porziņģis 26' 3PT,[204001],1610612738.0,BOS,,,,Porziņģis,K. Porziņģis,,,,,Above the Break 3,24+ Center,26.25,Missed,,,,,,,,,,,,,,,,,,
76,PT04M57.00S,2025-04-08T23:49:09.2Z,1,REGULAR,rebound,defensive,[],1628973,,,1610612752,18,12,2025-04-08T23:49:13Z,750000,False,,,0,,J. Brunson REBOUND (Off:0 Def:1),[1628973],1610612752.0,NYK,,,,Brunson,J. Brunson,,,,,Above the Break 3,24+ Center,,,75.0,1.0,1.0,0.0,,,,,,,,,,,,,,
77,PT04M51.00S,2025-04-08T23:49:18.1Z,1,REGULAR,foul,personal,['2freethrow'],1628401,,,1610612752,18,12,2025-04-08T23:49:28Z,760000,False,,,0,,D. White shooting personal FOUL (1 PF) (Towns 2 FT),"[1628401, 1626157]",1610612738.0,BOS,shooting,,,White,D. White,,,,,Restricted Area,0-8 Center,,,,,,,,,,,202901.0,,,,1.0,0.0,Towns,1626157.0,,
79,PT04M51.00S,2025-04-08T23:49:53.2Z,1,REGULAR,freethrow,1 of 2,[],1626157,,,1610612752,19,12,2025-04-08T23:49:53Z,780000,False,,,0,,K. Towns Free Throw 1 of 2 (11 PTS),[1626157],1610612752.0,NYK,,,,Towns,K. Towns,,,,,,,,Made,,,,,11.0,,,,,,,,,,,,,
80,PT04M51.00S,2025-04-08T23:49:53.3Z,1,REGULAR,substitution,out,[],1628969,,,1610612752,19,12,2025-04-08T23:50:13Z,790000,False,,,0,,SUB out: M. Bridges,[1628969],1610612752.0,NYK,,,,Bridges,M. Bridges,,,,,,,,,,,,,,,,,,,,,,,,,,
81,PT04M51.00S,2025-04-08T23:49:53.3Z,1,REGULAR,substitution,out,[],1627759,,,1610612752,19,12,2025-04-08T23:50:13Z,800000,False,,,0,,SUB out: J. Brown,[1627759],1610612738.0,BOS,,,,Brown,J. Brown,,,,,,,,,,,,,,,,,,,,,,,,,,
82,PT04M51.00S,2025-04-08T23:49:53.3Z,1,REGULAR,substitution,out,[],204001,,,1610612752,19,12,2025-04-08T23:50:13Z,810000,False,,,0,,SUB out: K. Porziņģis,[204001],1610612738.0,BOS,,,,Porziņģis,K. Porziņģis,,,,,,,,,,,,,,,,,,,,,,,,,,
83,PT04M51.00S,2025-04-08T23:49:53.3Z,1,REGULAR,substitution,out,[],1628401,,,1610612752,19,12,2025-04-08T23:50:13Z,820000,False,,,0,,SUB out: D. White,[1628401],1610612738.0,BOS,,,,White,D. White,,,,,,,,,,,,,,,,,,,,,,,,,,
84,PT04M51.00S,2025-04-08T23:49:53.3Z,1,REGULAR,substitution,in,[],1630540,,,1610612752,19,12,2025-04-08T23:50:13Z,830000,False,,,0,,SUB in: M. McBride,[1630540],1610612752.0,NYK,,,,McBride,M. McBride,,,,,,,,,,,,,,,,,,,,,,,,,,
85,PT04M51.00S,2025-04-08T23:49:53.3Z,1,REGULAR,substitution,in,[],1628436,,,1610612752,19,12,2025-04-08T23:50:13Z,840000,False,,,0,,SUB in: L. Kornet,[1628436],1610612738.0,BOS,,,,Kornet,L. Kornet,,,,,,,,,,,,,,,,,,,,,,,,,,
86,PT04M51.00S,2025-04-08T23:49:53.3Z,1,REGULAR,substitution,in,[],1630202,,,1610612752,19,12,2025-04-08T23:50:13Z,850000,False,,,0,,SUB in: P. Pritchard,[1630202],1610612738.0,BOS,,,,Pritchard,P. Pritchard,,,,,,,,,,,,,,,,,,,,,,,,,,
87,PT04M51.00S,2025-04-08T23:49:53.3Z,1,REGULAR,substitution,in,[],1630573,,,1610612752,19,12,2025-04-08T23:50:13Z,860000,False,,,0,,SUB in: S. Hauser,[1630573],1610612738.0,BOS,,,,Hauser,S. Hauser,,,,,,,,,,,,,,,,,,,,,,,,,,
88,PT04M51.00S,2025-04-08T23:50:25.1Z,1,REGULAR,freethrow,2 of 2,[],1626157,,,1610612752,20,12,2025-04-08T23:50:25Z,870000,False,,,0,,K. Towns Free Throw 2 of 2 (12 PTS),[1626157],1610612752.0,NYK,,,,Towns,K. Towns,,,,,,,,Made,,,,,12.0,,,,,,,,,,,,,
89,PT04M39.00S,2025-04-08T23:50:40.9Z,1,REGULAR,2pt,Jump Shot,['pointsinthepaint'],1628369,10.5946123521682,60.5392156862745,1610612738,20,14,2025-04-08T23:50:44Z,880000,False,-53.0,47.0,1,left,J. Tatum 7' fadeaway Jump Shot (5 PTS),[1628369],1610612738.0,BOS,fadeaway,,,Tatum,J. Tatum,,,,,In The Paint (Non-RA),0-8 Center,7.07,Made,,,,,5.0,,,,,,,,,,,,,
90,PT04M23.00S,2025-04-08T23:50:56.1Z,1,REGULAR,3pt,Jump Shot,[],1628973,69.85873850197109,73.52941176470588,1610612752,23,14,2025-04-08T23:50:59Z,890000,False,118.0,231.0,1,right,J. Brunson 25' 3PT pullup (7 PTS),[1628973],1610612752.0,NYK,pullup,,,Brunson,J. Brunson,,,,,Above the Break 3,24+ Right Center,25.9,Made,,,,,7.0,,,,,,,,,,,,,
91,PT04M09.00S,2025-04-08T23:51:10.8Z,1,REGULAR,2pt,Jump Shot,[],1628369,23.47240473061761,33.33333333333333,1610612738,23,14,2025-04-08T23:51:18Z,900000,False,83.0,168.0,1,left,MISS J. Tatum 18' step back Shot,[1628369],1610612738.0,BOS,step back,,,Tatum,J. Tatum,,,,,Mid-Range,16-24 Right Center,18.76,Missed,,,,,,,,,,,,,,,,,,
92,PT04M07.00S,2025-04-08T23:51:12.8Z,1,REGULAR,rebound,defensive,[],1626157,,,1610612752,23,14,2025-04-08T23:51:18Z,910000,False,,,0,,K. Towns REBOUND (Off:1 Def:3),[1626157],1610612752.0,NYK,,,,Towns,K. Towns,,,,,Mid-Range,16-24 Right Center,,,91.0,4.0,3.0,1.0,,,,,,,,,,,,,,
93,PT03M49.00S,2025-04-08T23:51:30.7Z,1,REGULAR,3pt,Jump Shot,[],1628973,94.1688567674113,96.07843137254902,1610612752,23,14,2025-04-08T23:58:39Z,920000,False,230.0,2.0,1,right,MISS J. Brunson 3PT,[1628973],1610612752.0,NYK,,,,Brunson,J. Brunson,,,,,Right Corner 3,24+ Right,23.04,Missed,,,,,,,,,,,,,,,,,,
94,PT03M47.00S,2025-04-08T23:51:32.7Z,1,REGULAR,rebound,defensive,[],1628369,,,1610612738,23,14,2025-04-08T23:51:34Z,930000,False,,,0,,J. Tatum REBOUND (Off:0 Def:3),[1628369],1610612738.0,BOS,,,,Tatum,J. Tatum,,,,,Right Corner 3,24+ Right,,,93.0,3.0,3.0,0.0,,,,,,,,,,,,,,
95,PT03M43.00S,2025-04-08T23:51:37.2Z,1,REGULAR,3pt,Jump Shot,['fastbreak'],1630573,29.77989487516426,75.73529411764706,1610612738,23,17,2025-04-08T23:59:55Z,940000,False,-129.0,227.0,1,left,S. Hauser 26' 3PT running (3 PTS) (J. Tatum 2 AST),"[1630573, 1628369]",1610612738.0,BOS,running,,,Hauser,S. Hauser,,,,,Above the Break 3,24+ Left Center,26.13,Made,,,,,3.0,J. Tatum,1628369.0,2.0,,,,,,,,,,
97,PT03M25.00S,2025-04-08T23:51:54.1Z,1,REGULAR,3pt,Jump Shot,[],1630540,72.22404730617609,20.833333333333336,1610612752,23,17,2025-04-08T23:51:57Z,960000,False,-146.0,209.0,1,right,MISS M. McBride 25' 3PT,[1630540],1610612752.0,NYK,,,,McBride,M. McBride,,,,,Above the Break 3,24+ Left Center,25.45,Missed,,,,,,,,,,,,,,,,,,
98,PT03M23.00S,2025-04-08T23:51:56.1Z,1,REGULAR,rebound,defensive,[],1628369,,,1610612738,23,17,2025-04-08T23:51:57Z,970000,False,,,0,,J. Tatum REBOUND (Off:0 Def:4),[1628369],1610612738.0,BOS,,,,Tatum,J. Tatum,,,,,Above the Break 3,24+ Left Center,,,97.0,4.0,4.0,0.0,,,,,,,,,,,,,,
99,PT03M15.00S,2025-04-08T23:52:04.3Z,1,REGULAR,3pt,Jump Shot,[],1630573,23.078186596583443,10.294117647058822,1610612738,23,17,2025-04-08T23:52:08Z,980000,False,199.0,164.0,1,left,MISS S. Hauser 25' 3PT,[1630573],1610612738.0,BOS,,,,Hauser,S. Hauser,,,,,Above the Break 3,24+ Right Center,25.77,Missed,,,,,,,,,,,,,,,,,,
100,PT03M13.00S,2025-04-08T23:52:06.3Z,1,REGULAR,rebound,defensive,[],1626157,,,1610612752,23,17,2025-04-08T23:52:08Z,990000,False,,,0,,K. Towns REBOUND (Off:1 Def:4),[1626157],1610612752.0,NYK,,,,Towns,K. Towns,,,,,Above the Break 3,24+ Right Center,,,99.0,5.0,4.0,1.0,,,,,,,,,,,,,,
101,PT03M01.00S,2025-04-08T23:52:20.4Z,1,REGULAR,foul,personal,[],201950,,,1610612752,23,17,2025-04-08T23:52:33Z,1000000,False,,,0,,J. Holiday personal FOUL (1 PF),"[201950, 1626157]",1610612738.0,BOS,,,,Holiday,J. Holiday,,,,,Mid-Range,8-16 Left,,,,,,,,,,,101284.0,,,,1.0,0.0,Towns,1626157.0,,
103,PT03M01.00S,2025-04-08T23:52:20.5Z,1,REGULAR,substitution,out,[],1626157,,,1610612752,23,17,2025-04-08T23:52:38Z,1020000,False,,,0,,SUB out: K. Towns,[1626157],1610612752.0,NYK,,,,Towns,K. Towns,,,,,,,,,,,,,,,,,,,,,,,,,,
104,PT03M01.00S,2025-04-08T23:52:20.5Z,1,REGULAR,substitution,in,[],1629011,,,1610612752,23,17,2025-04-08T23:52:38Z,1030000,False,,,0,,SUB in: M. Robinson,[1629011],1610612752.0,NYK,,,,Robinson,M. Robinson,,,,,,,,,,,,,,,,,,,,,,,,,,
105,PT02M47.00S,2025-04-08T23:53:07.7Z,1,REGULAR,turnover,bad pass,[],1628973,,,1610612752,23,17,2025-04-08T23:53:10Z,1040000,False,,,0,,J. Brunson bad pass TURNOVER (1 TO),"[1628973, 1628369]",1610612752.0,NYK,,,,Brunson,J. Brunson,,,,,In The Paint (Non-RA),0-8 Center,,,,,,,,,,,,1.0,Tatum,1628369.0,,,,,,
106,PT02M47.00S,2025-04-08T23:53:07.7Z,1,REGULAR,steal,,[],1628369,,,1610612738,23,17,2025-04-08T23:53:09Z,1050000,False,,,0,,J. Tatum STEAL (1 STL),[1628369],1610612738.0,BOS,,,,Tatum,J. Tatum,,,,,In The Paint (Non-RA),0-8 Center,,,,,,,,,,,,,,,,,,,,
107,PT02M45.00S,2025-04-08T23:53:12.4Z,1,REGULAR,2pt,Layup,"['pointsinthepaint', 'fromturnover', 'fastbreak']",1628369,6.915243101182654,50.245098039215684,1610612738,23,19,2025-04-08T23:53:18Z,1060000,False,-1.0,13.0,1,left,J. Tatum running finger roll Layup (7 PTS) (P. Pritchard 1 AST),"[1628369, 1630202]",1610612738.0,BOS,running finger roll,,,Tatum,J. Tatum,,,,,Restricted Area,0-8 Center,1.26,Made,,,,,7.0,P. Pritchard,1630202.0,1.0,,,,,,,,,,
109,PT02M45.00S,2025-04-08T23:53:14.7Z,1,REGULAR,foul,personal,['1freethrow'],1630540,,,1610612738,23,19,2025-04-08T23:53:24Z,1080000,False,,,0,,M. McBride shooting personal FOUL (1 PF) (Tatum 1 FT),"[1630540, 1628369]",1610612752.0,NYK,shooting,,,McBride,M. McBride,,,,,Restricted Area,0-8 Center,,,,,,,,,,,101284.0,,,,1.0,0.0,Tatum,1628369.0,,
111,PT02M45.00S,2025-04-08T23:53:28.3Z,1,REGULAR,timeout,full,"['team', 'mandatory']",0,,,1610612738,23,19,2025-04-08T23:53:28Z,1100000,False,,,0,,BOS Timeout,[],1610612738.0,BOS,,,,,,,,,,,,,,,,,,,,,,,,,,,,,,,
112,PT02M45.00S,2025-04-08T23:56:55.2Z,1,REGULAR,freethrow,1 of 1,"['fromturnover', 'fastbreak']",1628369,,,1610612738,23,20,2025-04-08T23:56:55Z,1110000,False,,,0,,J. Tatum Free Throw 1 of 1 (8 PTS),[1628369],1610612738.0,BOS,,,,Tatum,J. Tatum,,,,,,,,Made,,,,,8.0,,,,,,,,,,,,,
113,PT02M23.00S,2025-04-08T23:57:19.5Z,1,REGULAR,2pt,Jump Shot,['pointsinthepaint'],1628973,86.02168199737189,52.20588235294118,1610612752,23,20,2025-04-08T23:57:23Z,1120000,False,11.0,79.0,1,right,MISS J. Brunson 7' driving floating Shot,[1628973],1610612752.0,NYK,driving floating,,,Brunson,J. Brunson,,,,,In The Paint (Non-RA),8-16 Center,7.97,Missed,,,,,,,,,,,,,,,,,,
114,PT02M22.00S,2025-04-08T23:57:20.5Z,1,REGULAR,rebound,defensive,['team'],0,,,1610612738,23,20,2025-04-08T23:57:23Z,1130000,False,,,0,,TEAM defensive REBOUND,[],1610612738.0,BOS,,,,,,,,,,In The Paint (Non-RA),8-16 Center,,,113.0,,,,,,,,,,,,,,,,,
116,PT02M05.00S,2025-04-08T23:57:45.8Z,1,REGULAR,turnover,offensive goaltending,[],1628436,,,1610612738,23,20,2025-04-08T23:57:58Z,1150000,False,,,0,,L. Kornet offensive goaltending TURNOVER (1 TO),[1628436],1610612738.0,BOS,,,,Kornet,L. Kornet,,,,,Restricted Area,0-8 Center,,,,,,,,,,,202901.0,1.0,,,,,,,,
117,PT01M41.00S,2025-04-08T23:58:21.5Z,1,REGULAR,2pt,Jump Shot,['fromturnover'],1628404,81.8166885676741,31.61764705882353,1610612752,25,20,2025-04-08T23:58:24Z,1160000,False,-92.0,118.0,1,right,J. Hart 14' fadeaway Jump Shot (4 PTS) (J. Brunson 2 AST),"[1628404, 1628973]",1610612752.0,NYK,fadeaway,,,Hart,J. Hart,,,,,Mid-Range,8-16 Left,14.99,Made,,,,,4.0,J. Brunson,1628973.0,2.0,,,,,,,,,,
119,PT01M24.00S,2025-04-08T23:58:40.6Z,1,REGULAR,foul,personal,['2freethrow'],1628404,,,1610612738,25,20,2025-04-08T23:58:48Z,1180000,False,,,0,,J. Hart shooting personal FOUL (1 PF) (Kornet 2 FT),"[1628404, 1628436]",1610612752.0,NYK,shooting,,,Hart,J. Hart,,,,,Restricted Area,0-8 Center,,,,,,,,,,,101283.0,,,,1.0,0.0,Kornet,1628436.0,,
121,PT01M24.00S,2025-04-08T23:59:06.2Z,1,REGULAR,freethrow,1 of 2,[],1628436,,,1610612738,25,21,2025-04-08T23:59:06Z,1200000,False,,,0,,L. Kornet Free Throw 1 of 2 (1 PTS),[1628436],1610612738.0,BOS,,,,Kornet,L. Kornet,,,,,,,,Made,,,,,1.0,,,,,,,,,,,,,
122,PT01M24.00S,2025-04-08T23:59:22.1Z,1,REGULAR,freethrow,2 of 2,[],1628436,,,1610612738,25,22,2025-04-08T23:59:22Z,1210000,False,,,0,,L. Kornet Free Throw 2 of 2 (2 PTS),[1628436],1610612738.0,BOS,,,,Kornet,L. Kornet,,,,,,,,Made,,,,,2.0,,,,,,,,,,,,,
123,PT01M11.00S,2025-04-08T23:59:37.7Z,1,REGULAR,3pt,Jump Shot,[],1628973,74.19513797634691,86.27450980392157,1610612752,28,22,2025-04-08T23:59:41Z,1220000,False,181.0,190.0,1,right,J. Brunson 26' 3PT  (10 PTS) (J. Hart 2 AST),"[1628973, 1628404]",1610612752.0,NYK,,,,Brunson,J. Brunson,,,,,Above the Break 3,24+ Right Center,26.28,Made,,,,,10.0,J. Hart,1628404.0,2.0,,,,,,,,,,
125,PT01M00.00S,2025-04-08T23:59:50.8Z,1,REGULAR,2pt,Layup,['pointsinthepaint'],201950,5.732588699080158,52.69607843137255,1610612738,28,24,2025-04-08T23:59:55Z,1240000,False,-13.0,1.0,1,left,J. Holiday driving Layup (2 PTS),[201950],1610612738.0,BOS,driving,,,Holiday,J. Holiday,,,,,Restricted Area,0-8 Center,1.36,Made,,,,,2.0,,,,,,,,,,,,,
126,PT01M00.00S,2025-04-08T23:59:53.8Z,1,REGULAR,foul,personal,"['inpenalty', '1freethrow']",1630540,,,1610612738,28,24,2025-04-08T23:59:59Z,1250000,False,,,0,,M. McBride shooting personal FOUL (2 PF) (Holiday 1 FT),"[1630540, 201950]",1610612752.0,NYK,shooting,,,McBride,M. McBride,,,,,Restricted Area,0-8 Center,,,,,,,,,,,101284.0,,,,2.0,0.0,Holiday,201950.0,,
128,PT01M00.00S,2025-04-09T00:00:20.1Z,1,REGULAR,freethrow,1 of 1,[],201950,,,1610612738,28,24,2025-04-09T00:00:22Z,1270000,False,,,0,,MISS J. Holiday Free Throw 1 of 1,[201950],1610612738.0,BOS,,,,Holiday,J. Holiday,,,,,,,,Missed,,,,,,,,,,,,,,,,,,
129,PT00M58.90S,2025-04-09T00:00:21.2Z,1,REGULAR,rebound,defensive,[],1629011,,,1610612752,28,24,2025-04-09T00:00:22Z,1280000,False,,,0,,M. Robinson REBOUND (Off:0 Def:1),[1629011],1610612752.0,NYK,,,,Robinson,M. Robinson,,,,,,,,,128.0,1.0,1.0,0.0,,,,,,,,,,,,,,
130,PT00M40.10S,2025-04-09T00:00:39.6Z,1,REGULAR,2pt,Jump Shot,['pointsinthepaint'],1628404,83.919185282523,44.6078431372549,1610612752,28,24,2025-04-09T00:00:46Z,1290000,False,-27.0,99.0,1,right,MISS J. Hart 10' fadeaway Shot,[1628404],1610612752.0,NYK,fadeaway,,,Hart,J. Hart,,,,,In The Paint (Non-RA),8-16 Center,10.23,Missed,,,,,,,,,,,,,,,,,,
131,PT00M35.40S,2025-04-09T00:00:44.3Z,1,REGULAR,rebound,offensive,[],1630540,,,1610612752,28,24,2025-04-09T00:00:46Z,1300000,False,,,0,,M. McBride REBOUND (Off:1 Def:0),[1630540],1610612752.0,NYK,,,,McBride,M. McBride,,,,,In The Paint (Non-RA),8-16 Center,,,130.0,1.0,0.0,1.0,,,,,,,,,,,,,,
132,PT00M34.90S,2025-04-09T00:01:19.2Z,1,REGULAR,jumpball,recovered,[],1629011,,,1610612752,28,24,2025-04-09T00:06:24Z,1310000,False,,,0,,Jump Ball M. McBride vs. J. Tatum: Tip to M. Robinson,"[1629011, 1630540, 1628369]",1610612752.0,NYK,heldball,M. Robinson,1629011.0,Robinson,M. Robinson,McBride,1630540.0,Tatum,1628369.0,,,,,,,,,,,,,,,,,,,,,,
135,PT00M21.00S,2025-04-09T00:01:30.9Z,1,REGULAR,2pt,Jump Shot,['2ndchance'],1628384,86.67871222076215,16.176470588235293,1610612752,28,24,2025-04-09T00:08:43Z,1340000,False,-169.0,73.0,1,right,MISS O. Anunoby 18' fadeaway Shot,[1628384],1610612752.0,NYK,fadeaway,,,Anunoby,O. Anunoby,,,,,Mid-Range,16-24 Left,18.41,Missed,,,,,,,,,,,,,,,,,,
136,PT00M17.90S,2025-04-09T00:01:34.4Z,1,REGULAR,rebound,offensive,[],1629011,,,1610612752,28,24,2025-04-09T00:01:34Z,1350000,False,,,0,,M. Robinson REBOUND (Off:1 Def:1),[1629011],1610612752.0,NYK,,,,Robinson,M. Robinson,,,,,Mid-Range,16-24 Left,,,135.0,2.0,1.0,1.0,,,,,,,,,,,,,,
137,PT00M17.90S,2025-04-09T00:01:34.9Z,1,REGULAR,2pt,Layup,"['pointsinthepaint', '2ndchance']",1629011,94.56307490144546,50.73529411764706,1610612752,30,24,2025-04-09T00:01:40Z,1360000,False,4.0,-1.0,1,right,M. Robinson putback Layup (2 PTS),[1629011],1610612752.0,NYK,putback,,,Robinson,M. Robinson,,,,,Restricted Area,0-8 Center,0.4,Made,,,,,2.0,,,,,,,,,,,,,
138,PT00M03.30S,2025-04-09T00:01:51.7Z,1,REGULAR,3pt,Jump Shot,[],1628369,33.327858081471746,57.35294117647059,1610612738,30,27,2025-04-09T00:01:55Z,1370000,False,-37.0,261.0,1,left,J. Tatum 26' 3PT pullup (11 PTS),[1628369],1610612738.0,BOS,pullup,,,Tatum,J. Tatum,,,,,Above the Break 3,24+ Center,26.34,Made,,,,,11.0,,,,,,,,,,,,,
139,PT00M00.00S,2025-04-09T00:02:02.9Z,1,REGULAR,period,end,[],0,,,1610612752,30,27,2025-04-09T00:02:02Z,1380000,False,,,0,,Period End,[],,,,,,,,,,,,,,,,,,,,,,,,,,,,,,,,,
140,PT12M00.00S,2025-04-09T00:04:54.9Z,2,REGULAR,substitution,out,['startperiod'],1628384,,,1610612752,30,27,2025-04-09T00:05:29Z,1390000,False,,,0,,SUB out: O. Anunoby,[1628384],1610612752.0,NYK,,,,Anunoby,O. Anunoby,,,,,,,,,,,,,,,,,,,,,,,,,,
141,PT12M00.00S,2025-04-09T00:04:54.9Z,2,REGULAR,substitution,out,['startperiod'],1628973,,,1610612752,30,27,2025-04-09T00:05:29Z,1400000,False,,,0,,SUB out: J. Brunson,[1628973],1610612752.0,NYK,,,,Brunson,J. Brunson,,,,,,,,,,,,,,,,,,,,,,,,,,
142,PT12M00.00S,2025-04-09T00:04:54.9Z,2,REGULAR,substitution,out,['startperiod'],1628404,,,1610612752,30,27,2025-04-09T00:05:29Z,1410000,False,,,0,,SUB out: J. Hart,[1628404],1610612752.0,NYK,,,,Hart,J. Hart,,,,,,,,,,,,,,,,,,,,,,,,,,
143,PT12M00.00S,2025-04-09T00:04:54.9Z,2,REGULAR,substitution,out,['startperiod'],201950,,,1610612752,30,27,2025-04-09T00:05:29Z,1420000,False,,,0,,SUB out: J. Holiday,[201950],1610612738.0,BOS,,,,Holiday,J. Holiday,,,,,,,,,,,,,,,,,,,,,,,,,,
144,PT12M00.00S,2025-04-09T00:04:54.9Z,2,REGULAR,substitution,out,['startperiod'],1628369,,,1610612752,30,27,2025-04-09T00:05:29Z,1430000,False,,,0,,SUB out: J. Tatum,[1628369],1610612738.0,BOS,,,,Tatum,J. Tatum,,,,,,,,,,,,,,,,,,,,,,,,,,
145,PT12M00.00S,2025-04-09T00:04:54.9Z,2,REGULAR,substitution,out,['startperiod'],1628436,,,1610612752,30,27,2025-04-09T00:05:29Z,1440000,False,,,0,,SUB out: L. Kornet,[1628436],1610612738.0,BOS,,,,Kornet,L. Kornet,,,,,,,,,,,,,,,,,,,,,,,,,,
146,PT12M00.00S,2025-04-09T00:04:54.9Z,2,REGULAR,substitution,in,['startperiod'],1626166,,,1610612752,30,27,2025-04-09T00:05:29Z,1450000,False,,,0,,SUB in: C. Payne,[1626166],1610612752.0,NYK,,,,Payne,C. Payne,,,,,,,,,,,,,,,,,,,,,,,,,,
147,PT12M00.00S,2025-04-09T00:04:54.9Z,2,REGULAR,substitution,in,['startperiod'],1626157,,,1610612752,30,27,2025-04-09T00:05:29Z,1460000,False,,,0,,SUB in: K. Towns,[1626157],1610612752.0,NYK,,,,Towns,K. Towns,,,,,,,,,,,,,,,,,,,,,,,,,,
148,PT12M00.00S,2025-04-09T00:04:54.9Z,2,REGULAR,substitution,in,['startperiod'],1629013,,,1610612752,30,27,2025-04-09T00:05:29Z,1470000,False,,,0,,SUB in: L. Shamet,[1629013],1610612752.0,NYK,,,,Shamet,L. Shamet,,,,,,,,,,,,,,,,,,,,,,,,,,
149,PT12M00.00S,2025-04-09T00:04:54.9Z,2,REGULAR,substitution,in,['startperiod'],1628401,,,1610612752,30,27,2025-04-09T00:05:29Z,1480000,False,,,0,,SUB in: D. White,[1628401],1610612738.0,BOS,,,,White,D. White,,,,,,,,,,,,,,,,,,,,,,,,,,
150,PT12M00.00S,2025-04-09T00:04:54.9Z,2,REGULAR,substitution,in,['startperiod'],204001,,,1610612752,30,27,2025-04-09T00:05:29Z,1490000,False,,,0,,SUB in: K. Porziņģis,[204001],1610612738.0,BOS,,,,Porziņģis,K. Porziņģis,,,,,,,,,,,,,,,,,,,,,,,,,,
151,PT12M00.00S,2025-04-09T00:04:54.9Z,2,REGULAR,substitution,in,['startperiod'],1627759,,,1610612752,30,27,2025-04-09T00:05:29Z,1500000,False,,,0,,SUB in: J. Brown,[1627759],1610612738.0,BOS,,,,Brown,J. Brown,,,,,,,,,,,,,,,,,,,,,,,,,,
152,PT12M00.00S,2025-04-09T00:05:39.4Z,2,REGULAR,period,start,[],0,,,1610612738,30,27,2025-04-09T00:05:39Z,1510000,False,,,0,,Period Start,[],,,,,,,,,,,,,,,,,,,,,,,,,,,,,,,,,
153,PT11M37.00S,2025-04-09T00:06:00.9Z,2,REGULAR,2pt,Jump Shot,['pointsinthepaint'],204001,10.068988173455978,43.872549019607845,1610612738,30,27,2025-04-09T00:10:02Z,1520000,False,31.0,42.0,1,left,MISS K. Porziņģis fadeaway Shot,[204001],1610612738.0,BOS,fadeaway,,,Porziņģis,K. Porziņģis,,,,,In The Paint (Non-RA),0-8 Center,5.2,Missed,,,,,,,,,,,,,,,,,,
154,PT11M36.00S,2025-04-09T00:06:01.9Z,2,REGULAR,rebound,defensive,[],1626157,,,1610612752,30,27,2025-04-09T00:06:04Z,1530000,False,,,0,,K. Towns REBOUND (Off:1 Def:5),[1626157],1610612752.0,NYK,,,,Towns,K. Towns,,,,,In The Paint (Non-RA),0-8 Center,,,153.0,6.0,5.0,1.0,,,,,,,,,,,,,,
155,PT11M28.00S,2025-04-09T00:06:10.6Z,2,REGULAR,2pt,Jump Shot,['pointsinthepaint'],1626157,92.72339027595268,54.90196078431373,1610612752,30,27,2025-04-09T00:06:15Z,1540000,False,25.0,16.0,1,right,MISS K. Towns driving floating bank Shot,[1626157],1610612752.0,NYK,driving floating bank,,,Towns,K. Towns,,,,,Restricted Area,0-8 Center,2.92,Missed,,,,,,,,,,,,,,,,,,
156,PT11M25.00S,2025-04-09T00:06:13.6Z,2,REGULAR,rebound,offensive,[],1629011,,,1610612752,30,27,2025-04-09T00:06:15Z,1550000,False,,,0,,M. Robinson REBOUND (Off:2 Def:1),[1629011],1610612752.0,NYK,,,,Robinson,M. Robinson,,,,,Restricted Area,0-8 Center,,,155.0,3.0,1.0,2.0,,,,,,,,,,,,,,
157,PT11M25.00S,2025-04-09T00:06:13.3Z,2,REGULAR,2pt,Layup,"['pointsinthepaint', '2ndchance']",1629011,94.40999984741211,50.0,1610612752,32,27,2025-04-09T00:06:13Z,1560000,False,0.0,0.0,1,right,M. Robinson tip Layup (4 PTS),[1629011],1610612752.0,NYK,tip,,,Robinson,M. Robinson,,,,,Mid-Range,8-16 Left,0.0,Made,,,,,4.0,,,,,,,,,,,,,
158,PT11M19.00S,2025-04-09T00:06:19.2Z,2,REGULAR,3pt,Jump Shot,[],1628401,13.748357424441524,4.6568627450980395,1610612738,32,27,2025-04-09T00:06:22Z,1570000,False,227.0,77.0,1,left,MISS D. White 3PT,[1628401],1610612738.0,BOS,,,,White,D. White,,,,,Right Corner 3,24+ Right,23.93,Missed,,,,,,,,,,,,,,,,,,
159,PT11M16.00S,2025-04-09T00:06:22.2Z,2,REGULAR,rebound,defensive,[],1629011,,,1610612752,32,27,2025-04-09T00:06:22Z,1580000,False,,,0,,M. Robinson REBOUND (Off:2 Def:2),[1629011],1610612752.0,NYK,,,,Robinson,M. Robinson,,,,,Right Corner 3,24+ Right,,,158.0,4.0,2.0,2.0,,,,,,,,,,,,,,
160,PT11M10.00S,2025-04-09T00:06:28.0Z,2,REGULAR,3pt,Jump Shot,[],1626157,60.13469119579501,57.59803921568627,1610612752,32,27,2025-04-09T00:06:34Z,1590000,False,38.0,322.0,1,right,MISS K. Towns 32' 3PT,[1626157],1610612752.0,NYK,,,,Towns,K. Towns,,,,,Above the Break 3,24+ Center,32.44,Missed,,,,,,,,,,,,,,,,,,
161,PT11M07.00S,2025-04-09T00:06:31.0Z,2,REGULAR,rebound,offensive,[],1630540,,,1610612752,32,27,2025-04-09T00:06:34Z,1600000,False,,,0,,M. McBride REBOUND (Off:2 Def:0),[1630540],1610612752.0,NYK,,,,McBride,M. McBride,,,,,Above the Break 3,24+ Center,,,160.0,2.0,0.0,2.0,,,,,,,,,,,,,,
162,PT11M07.00S,2025-04-09T00:06:31.8Z,2,REGULAR,2pt,Layup,"['pointsinthepaint', '2ndchance']",1630540,93.38042049934296,49.26470588235294,1610612752,34,27,2025-04-09T00:06:36Z,1610000,False,-4.0,10.0,1,right,M. McBride putback Layup (2 PTS),[1630540],1610612752.0,NYK,putback,,,McBride,M. McBride,,,,,Restricted Area,0-8 Center,1.04,Made,,,,,2.0,,,,,,,,,,,,,
163,PT10M58.00S,2025-04-09T00:06:40.9Z,2,REGULAR,3pt,Jump Shot,[],1627759,27.283180026281208,80.14705882352942,1610612738,34,27,2025-04-09T00:12:08Z,1620000,False,-151.0,204.0,1,left,MISS J. Brown 25' step back 3PT,[1627759],1610612738.0,BOS,step back,,,Brown,J. Brown,,,,,Above the Break 3,24+ Left Center,25.36,Missed,,,,,,,,,,,,,,,,,,
164,PT10M57.00S,2025-04-09T00:06:41.9Z,2,REGULAR,rebound,offensive,['team'],0,,,1610612738,34,27,2025-04-09T00:06:49Z,1630000,False,,,0,,TEAM offensive REBOUND,[],1610612738.0,BOS,,,,,,,,,,Above the Break 3,24+ Left Center,,,163.0,,,,,,,,,,,,,,,,,
165,PT10M57.00S,2025-04-09T00:06:47.7Z,2,REGULAR,foul,personal,[],1626166,,,1610612738,34,27,2025-04-09T00:06:53Z,1640000,False,,,0,,C. Payne loose ball personal FOUL (1 PF),"[1626166, 1630573]",1610612752.0,NYK,loose ball,,,Payne,C. Payne,,,,,In The Paint (Non-RA),0-8 Center,,,,,,,,,,,101284.0,,,,1.0,0.0,Hauser,1630573.0,,
167,PT10M50.00S,2025-04-09T00:07:06.7Z,2,REGULAR,3pt,Jump Shot,['2ndchance'],1627759,33.065045992115635,38.23529411764706,1610612738,34,27,2025-04-09T00:07:10Z,1660000,False,59.0,258.0,1,left,MISS J. Brown 26' 3PT,[1627759],1610612738.0,BOS,,,,Brown,J. Brown,,,,,Above the Break 3,24+ Center,26.49,Missed,,,,,,,,,,,,,,,,,,
168,PT10M47.00S,2025-04-09T00:07:09.7Z,2,REGULAR,rebound,defensive,[],1629013,,,1610612752,34,27,2025-04-09T00:07:10Z,1670000,False,,,0,,L. Shamet REBOUND (Off:0 Def:1),[1629013],1610612752.0,NYK,,,,Shamet,L. Shamet,,,,,Above the Break 3,24+ Center,,,167.0,1.0,1.0,0.0,,,,,,,,,,,,,,
169,PT10M40.00S,2025-04-09T00:07:20.0Z,2,REGULAR,foul,personal,[],1627759,,,1610612752,34,27,2025-04-09T00:07:25Z,1680000,False,,,0,,J. Brown personal FOUL (2 PF),"[1627759, 1626157]",1610612738.0,BOS,,,,Brown,J. Brown,,,,,In The Paint (Non-RA),0-8 Center,,,,,,,,,,,101284.0,,,,2.0,0.0,Towns,1626157.0,,
171,PT10M25.00S,2025-04-09T00:07:51.6Z,2,REGULAR,2pt,Hook,['pointsinthepaint'],1626157,86.41590013140605,48.03921568627451,1610612752,34,27,2025-04-09T00:07:56Z,1700000,False,-10.0,75.0,1,right,MISS K. Towns 7' driving Hook,[1626157],1610612752.0,NYK,driving,,,Towns,K. Towns,,,,,In The Paint (Non-RA),0-8 Center,7.58,Missed,,,,,,,,,,,,,,,,,,
172,PT10M22.00S,2025-04-09T00:07:54.6Z,2,REGULAR,rebound,defensive,[],1630202,,,1610612738,34,27,2025-04-09T00:07:56Z,1710000,False,,,0,,P. Pritchard REBOUND (Off:0 Def:1),[1630202],1610612738.0,BOS,,,,Pritchard,P. Pritchard,,,,,In The Paint (Non-RA),0-8 Center,,,171.0,1.0,1.0,0.0,,,,,,,,,,,,,,
173,PT10M19.00S,2025-04-09T00:08:00.8Z,2,REGULAR,foul,offensive,[],1627759,,,1610612738,34,27,2025-04-09T00:08:12Z,1720000,False,,,0,,J. Brown charge offensive FOUL (3 PF),"[1627759, 1626166]",1610612738.0,BOS,charge,,,Brown,J. Brown,,,,,In The Paint (Non-RA),0-8 Center,,,,,,,,,,,202901.0,,,,3.0,0.0,Payne,1626166.0,,
175,PT10M19.00S,2025-04-09T00:08:00.8Z,2,REGULAR,turnover,offensive foul,[],1627759,,,1610612738,34,27,2025-04-09T00:08:00Z,1740000,False,,,0,,J. Brown offensive foul TURNOVER (2 TO),[1627759],1610612738.0,BOS,,,,Brown,J. Brown,,,,,In The Paint (Non-RA),0-8 Center,,,,,,,,,,,202901.0,2.0,,,,,,,,
176,PT10M10.00S,2025-04-09T00:08:28.7Z,2,REGULAR,2pt,Jump Shot,"['pointsinthepaint', 'fromturnover']",1626166,82.7365308804205,48.28431372549019,1610612752,36,27,2025-04-09T00:08:32Z,1750000,False,-9.0,110.0,1,right,C. Payne 11' driving floating Jump Shot (2 PTS),[1626166],1610612752.0,NYK,driving floating,,,Payne,C. Payne,,,,,In The Paint (Non-RA),8-16 Center,11.01,Made,,,,,2.0,,,,,,,,,,,,,
177,PT09M58.00S,2025-04-09T00:08:42.8Z,2,REGULAR,foul,personal,['2freethrow'],1626166,,,1610612738,36,27,2025-04-09T00:08:57Z,1760000,False,,,0,,C. Payne shooting personal FOUL (2 PF) (Pritchard 2 FT),"[1626166, 1630202]",1610612752.0,NYK,shooting,,,Payne,C. Payne,,,,,Restricted Area,0-8 Center,,,,,,,,,,,202901.0,,,,2.0,0.0,Pritchard,1630202.0,,
179,PT09M58.00S,2025-04-09T00:09:11.0Z,2,REGULAR,freethrow,1 of 2,[],1630202,,,1610612738,36,28,2025-04-09T00:09:11Z,1780000,False,,,0,,P. Pritchard Free Throw 1 of 2 (1 PTS),[1630202],1610612738.0,BOS,,,,Pritchard,P. Pritchard,,,,,,,,Made,,,,,1.0,,,,,,,,,,,,,
180,PT09M58.00S,2025-04-09T00:09:26.5Z,2,REGULAR,freethrow,2 of 2,[],1630202,,,1610612738,36,29,2025-04-09T00:09:26Z,1790000,False,,,0,,P. Pritchard Free Throw 2 of 2 (2 PTS),[1630202],1610612738.0,BOS,,,,Pritchard,P. Pritchard,,,,,,,,Made,,,,,2.0,,,,,,,,,,,,,
181,PT09M48.00S,2025-04-09T00:09:37.8Z,2,REGULAR,3pt,Jump Shot,[],1626166,68.15045992115637,75.73529411764706,1610612752,36,29,2025-04-09T00:15:02Z,1800000,False,129.0,247.0,1,right,MISS C. Payne 27' step back 3PT,[1626166],1610612752.0,NYK,step back,,,Payne,C. Payne,,,,,Above the Break 3,24+ Right Center,27.84,Missed,,,,,,,,,,,,,,,,,,
182,PT09M45.00S,2025-04-09T00:09:40.8Z,2,REGULAR,rebound,defensive,[],1628401,,,1610612738,36,29,2025-04-09T00:09:41Z,1810000,False,,,0,,D. White REBOUND (Off:1 Def:2),[1628401],1610612738.0,BOS,,,,White,D. White,,,,,Above the Break 3,24+ Right Center,,,181.0,3.0,2.0,1.0,,,,,,,,,,,,,,
183,PT09M35.00S,2025-04-09T00:09:49.9Z,2,REGULAR,2pt,Layup,['pointsinthepaint'],1630573,6.389618922470433,48.28431372549019,1610612738,36,31,2025-04-09T00:09:53Z,1820000,False,9.0,8.0,1,left,S. Hauser cutting Layup (5 PTS) (K. Porziņģis 1 AST),"[1630573, 204001]",1610612738.0,BOS,cutting,,,Hauser,S. Hauser,,,,,Restricted Area,0-8 Center,1.15,Made,,,,,5.0,K. Porziņģis,204001.0,1.0,,,,,,,,,,
185,PT09M14.00S,2025-04-09T00:10:10.8Z,2,REGULAR,2pt,Hook,['pointsinthepaint'],1626157,92.06636005256242,56.372549019607845,1610612752,38,31,2025-04-09T00:10:14Z,1840000,False,32.0,22.0,1,right,K. Towns turnaround Hook (14 PTS),[1626157],1610612752.0,NYK,turnaround,,,Towns,K. Towns,,,,,Restricted Area,0-8 Center,3.88,Made,,,,,14.0,,,,,,,,,,,,,
186,PT09M01.00S,2025-04-09T00:10:24.6Z,2,REGULAR,2pt,Layup,['pointsinthepaint'],1630202,6.783837056504599,48.28431372549019,1610612738,38,33,2025-04-09T00:10:28Z,1850000,False,9.0,11.0,1,left,P. Pritchard driving Layup (4 PTS),[1630202],1610612738.0,BOS,driving,,,Pritchard,P. Pritchard,,,,,Restricted Area,0-8 Center,1.42,Made,,,,,4.0,,,,,,,,,,,,,
187,PT08M41.00S,2025-04-09T00:10:43.7Z,2,REGULAR,2pt,Hook,['pointsinthepaint'],1626157,86.81011826544021,42.64705882352941,1610612752,40,33,2025-04-09T00:10:47Z,1860000,False,-37.0,71.0,1,right,K. Towns 8' driving Hook (16 PTS) (C. Payne 1 AST),"[1626157, 1626166]",1610612752.0,NYK,driving,,,Towns,K. Towns,,,,,In The Paint (Non-RA),8-16 Center,8.04,Made,,,,,16.0,C. Payne,1626166.0,1.0,,,,,,,,,,
189,PT08M20.00S,2025-04-09T00:11:04.6Z,2,REGULAR,3pt,Jump Shot,[],1628401,9.280551905387648,96.32352941176471,1610612738,40,33,2025-04-09T00:11:07Z,1880000,False,-232.0,35.0,1,left,MISS D. White 3PT,[1628401],1610612738.0,BOS,,,,White,D. White,,,,,Left Corner 3,24+ Left,23.42,Missed,,,,,,,,,,,,,,,,,,
190,PT08M18.00S,2025-04-09T00:11:06.6Z,2,REGULAR,rebound,defensive,[],1626157,,,1610612752,40,33,2025-04-09T00:11:07Z,1890000,False,,,0,,K. Towns REBOUND (Off:1 Def:6),[1626157],1610612752.0,NYK,,,,Towns,K. Towns,,,,,Left Corner 3,24+ Left,,,189.0,7.0,6.0,1.0,,,,,,,,,,,,,,
195,PT08M02.00S,2025-04-09T00:11:42.0Z,2,REGULAR,2pt,Jump Shot,[],1626157,77.34888304862024,44.11764705882353,1610612752,42,33,2025-04-09T00:13:11Z,1940000,False,-29.0,160.0,1,right,K. Towns 16' driving floating bank Jump Shot (18 PTS) (M. Robinson 1 AST),"[1626157, 1629011]",1610612752.0,NYK,driving floating bank,,,Towns,K. Towns,,,,,Mid-Range,16-24 Center,16.31,Made,,,,,18.0,M. Robinson,1629011.0,1.0,,,,,,,,,,
197,PT07M50.00S,2025-04-09T00:11:54.1Z,2,REGULAR,3pt,Jump Shot,[],204001,32.013797634691194,28.431372549019606,1610612738,42,36,2025-04-09T00:11:57Z,1960000,False,108.0,248.0,1,left,K. Porziņģis 27' 3PT  (5 PTS) (P. Pritchard 2 AST),"[204001, 1630202]",1610612738.0,BOS,,,,Porziņģis,K. Porziņģis,,,,,Above the Break 3,24+ Right Center,27.08,Made,,,,,5.0,P. Pritchard,1630202.0,2.0,,,,,,,,,,
199,PT07M27.00S,2025-04-09T00:12:16.4Z,2,REGULAR,2pt,Layup,['pointsinthepaint'],1629013,91.67214191852825,54.41176470588235,1610612752,42,36,2025-04-09T00:12:19Z,1980000,False,22.0,26.0,1,right,MISS L. Shamet driving Layup - blocked,"[1629013, 1630573]",1610612752.0,NYK,driving,,,Shamet,L. Shamet,,,,,Restricted Area,0-8 Center,3.4,Missed,,,,,,,,,,,,,,,,,Hauser,1630573.0
200,PT07M27.00S,2025-04-09T00:12:16.4Z,2,REGULAR,block,,[],1630573,,,1610612752,42,36,2025-04-09T00:21:19Z,1990000,False,,,0,,S. Hauser BLOCK (1 BLK),[1630573],1610612738.0,BOS,,,,Hauser,S. Hauser,,,,,Restricted Area,0-8 Center,,,,,,,,,,,,,,,,,,,,
201,PT07M26.00S,2025-04-09T00:12:17.4Z,2,REGULAR,rebound,defensive,[],1630202,,,1610612738,42,36,2025-04-09T00:12:19Z,2000000,False,,,0,,P. Pritchard REBOUND (Off:0 Def:2),[1630202],1610612738.0,BOS,,,,Pritchard,P. Pritchard,,,,,Restricted Area,0-8 Center,,,199.0,2.0,2.0,0.0,,,,,,,,,,,,,,
202,PT07M23.00S,2025-04-09T00:12:21.4Z,2,REGULAR,3pt,Jump Shot,['fastbreak'],1628401,7.5722733245729295,95.83333333333334,1610612738,42,36,2025-04-09T00:12:25Z,2010000,False,-229.0,19.0,1,left,MISS D. White running 3PT,[1628401],1610612738.0,BOS,running,,,White,D. White,,,,,Left Corner 3,24+ Left,23.0,Missed,,,,,,,,,,,,,,,,,,
203,PT07M21.00S,2025-04-09T00:12:23.4Z,2,REGULAR,rebound,defensive,[],1629011,,,1610612752,42,36,2025-04-09T00:22:46Z,2020000,False,,,0,,M. Robinson REBOUND (Off:2 Def:3),[1629011],1610612752.0,NYK,,,,Robinson,M. Robinson,,,,,Left Corner 3,24+ Left,,,202.0,5.0,3.0,2.0,,,,,,,,,,,,,,
206,PT07M09.00S,2025-04-09T00:12:35.3Z,2,REGULAR,turnover,bad pass,[],1626166,,,1610612752,42,36,2025-04-09T00:12:38Z,2050000,False,,,0,,C. Payne bad pass TURNOVER (1 TO),"[1626166, 1628401]",1610612752.0,NYK,,,,Payne,C. Payne,,,,,Above the Break 3,24+ Center,,,,,,,,,,,,1.0,White,1628401.0,,,,,,
207,PT07M09.00S,2025-04-09T00:12:35.3Z,2,REGULAR,steal,,[],1628401,,,1610612738,42,36,2025-04-09T00:12:36Z,2060000,False,,,0,,D. White STEAL (1 STL),[1628401],1610612738.0,BOS,,,,White,D. White,,,,,Above the Break 3,24+ Center,,,,,,,,,,,,,,,,,,,,
208,PT07M08.00S,2025-04-09T00:12:38.5Z,2,REGULAR,foul,personal,[],1626166,,,1610612738,42,36,2025-04-09T00:12:51Z,2070000,False,,,0,,C. Payne personal FOUL (3 PF),"[1626166, 1628401]",1610612752.0,NYK,,,,Payne,C. Payne,,,,,Above the Break 3,24+ Left Center,,,,,,,,,,,202901.0,,,,3.0,0.0,White,1628401.0,,
210,PT07M08.00S,2025-04-09T00:12:38.6Z,2,REGULAR,substitution,out,[],1630540,,,1610612738,42,36,2025-04-09T00:12:56Z,2090000,False,,,0,,SUB out: M. McBride,[1630540],1610612752.0,NYK,,,,McBride,M. McBride,,,,,,,,,,,,,,,,,,,,,,,,,,
211,PT07M08.00S,2025-04-09T00:12:38.6Z,2,REGULAR,substitution,in,[],1628969,,,1610612738,42,36,2025-04-09T00:12:56Z,2100000,False,,,0,,SUB in: M. Bridges,[1628969],1610612752.0,NYK,,,,Bridges,M. Bridges,,,,,,,,,,,,,,,,,,,,,,,,,,
212,PT06M55.00S,2025-04-09T00:13:23.2Z,2,REGULAR,3pt,Jump Shot,['fromturnover'],204001,8.492115637319317,4.411764705882353,1610612738,42,39,2025-04-09T00:13:26Z,2110000,False,228.0,27.0,1,left,K. Porziņģis 3PT  (8 PTS) (P. Pritchard 3 AST),"[204001, 1630202]",1610612738.0,BOS,,,,Porziņģis,K. Porziņģis,,,,,Right Corner 3,24+ Right,22.95,Made,,,,,8.0,P. Pritchard,1630202.0,3.0,,,,,,,,,,
214,PT06M44.00S,2025-04-09T00:13:36.8Z,2,REGULAR,turnover,out-of-bounds,[],1626166,,,1610612752,42,39,2025-04-09T00:13:41Z,2130000,False,,,0,,C. Payne bad pass out-of-bounds TURNOVER (2 TO),[1626166],1610612752.0,NYK,bad pass,,,Payne,C. Payne,,,,,In The Paint (Non-RA),8-16 Right,,,,,,,,,,,101284.0,2.0,,,,,,,,
215,PT06M44.00S,2025-04-09T00:13:40.6Z,2,REGULAR,timeout,full,"['team', 'mandatory']",0,,,1610612738,42,39,2025-04-09T00:13:40Z,2140000,False,,,0,,NYK Timeout,[],1610612752.0,NYK,,,,,,,,,,,,,,,,,,,,,,,,,,,,,,,
216,PT06M44.00S,2025-04-09T00:13:40.7Z,2,REGULAR,substitution,out,[],1629011,,,1610612738,42,39,2025-04-09T00:16:42Z,2150000,False,,,0,,SUB out: M. Robinson,[1629011],1610612752.0,NYK,,,,Robinson,M. Robinson,,,,,,,,,,,,,,,,,,,,,,,,,,
217,PT06M44.00S,2025-04-09T00:13:40.7Z,2,REGULAR,substitution,out,[],1627759,,,1610612738,42,39,2025-04-09T00:16:42Z,2160000,False,,,0,,SUB out: J. Brown,[1627759],1610612738.0,BOS,,,,Brown,J. Brown,,,,,,,,,,,,,,,,,,,,,,,,,,
218,PT06M44.00S,2025-04-09T00:13:40.7Z,2,REGULAR,substitution,in,[],1628404,,,1610612738,42,39,2025-04-09T00:16:42Z,2170000,False,,,0,,SUB in: J. Hart,[1628404],1610612752.0,NYK,,,,Hart,J. Hart,,,,,,,,,,,,,,,,,,,,,,,,,,
219,PT06M44.00S,2025-04-09T00:13:40.7Z,2,REGULAR,substitution,in,[],1628369,,,1610612738,42,39,2025-04-09T00:16:42Z,2180000,False,,,0,,SUB in: J. Tatum,[1628369],1610612738.0,BOS,,,,Tatum,J. Tatum,,,,,,,,,,,,,,,,,,,,,,,,,,
220,PT06M28.00S,2025-04-09T00:17:26.9Z,2,REGULAR,3pt,Jump Shot,['fromturnover'],1630202,7.440867279894875,99.01960784313727,1610612738,42,39,2025-04-09T00:17:30Z,2190000,False,-245.0,17.0,1,left,MISS P. Pritchard 24' 3PT,[1630202],1610612738.0,BOS,,,,Pritchard,P. Pritchard,,,,,Left Corner 3,24+ Left,24.57,Missed,,,,,,,,,,,,,,,,,,
221,PT06M26.00S,2025-04-09T00:17:28.9Z,2,REGULAR,rebound,defensive,[],1629013,,,1610612752,42,39,2025-04-09T00:17:30Z,2200000,False,,,0,,L. Shamet REBOUND (Off:0 Def:2),[1629013],1610612752.0,NYK,,,,Shamet,L. Shamet,,,,,Left Corner 3,24+ Left,,,220.0,2.0,2.0,0.0,,,,,,,,,,,,,,
222,PT06M14.00S,2025-04-09T00:17:40.9Z,2,REGULAR,3pt,Jump Shot,[],1629013,94.03745072273325,95.34313725490196,1610612752,45,39,2025-04-09T00:17:44Z,2210000,False,227.0,4.0,1,right,L. Shamet 3PT  (3 PTS) (M. Bridges 3 AST),"[1629013, 1628969]",1610612752.0,NYK,,,,Shamet,L. Shamet,,,,,Right Corner 3,24+ Right,22.67,Made,,,,,3.0,M. Bridges,1628969.0,3.0,,,,,,,,,,
224,PT05M55.00S,2025-04-09T00:18:01.3Z,2,REGULAR,3pt,Jump Shot,[],204001,31.750985545335087,72.79411764705883,1610612738,45,39,2025-04-09T00:18:07Z,2230000,False,-114.0,246.0,1,left,MISS K. Porziņģis 27' 3PT,[204001],1610612738.0,BOS,,,,Porziņģis,K. Porziņģis,,,,,Above the Break 3,24+ Left Center,27.11,Missed,,,,,,,,,,,,,,,,,,
225,PT05M53.00S,2025-04-09T00:18:03.3Z,2,REGULAR,rebound,defensive,['team'],0,,,1610612752,45,39,2025-04-09T00:18:07Z,2240000,False,,,0,,TEAM defensive REBOUND,[],1610612752.0,NYK,,,,,,,,,,Above the Break 3,24+ Left Center,,,224.0,,,,,,,,,,,,,,,,,
227,PT05M38.00S,2025-04-09T00:18:22.6Z,2,REGULAR,3pt,Jump Shot,[],1628404,67.62483574244416,65.19607843137256,1610612752,45,39,2025-04-09T00:18:25Z,2260000,False,76.0,252.0,1,right,MISS J. Hart 26' 3PT,[1628404],1610612752.0,NYK,,,,Hart,J. Hart,,,,,Above the Break 3,24+ Center,26.3,Missed,,,,,,,,,,,,,,,,,,
228,PT05M35.00S,2025-04-09T00:18:25.6Z,2,REGULAR,rebound,defensive,[],1630202,,,1610612738,45,39,2025-04-09T00:18:25Z,2270000,False,,,0,,P. Pritchard REBOUND (Off:0 Def:3),[1630202],1610612738.0,BOS,,,,Pritchard,P. Pritchard,,,,,Above the Break 3,24+ Center,,,227.0,3.0,3.0,0.0,,,,,,,,,,,,,,
229,PT05M30.00S,2025-04-09T00:18:34.2Z,2,REGULAR,foul,personal,[],1628969,,,1610612738,45,39,2025-04-09T00:18:38Z,2280000,False,,,0,,M. Bridges personal FOUL (1 PF),"[1628969, 204001]",1610612752.0,NYK,,,,Bridges,M. Bridges,,,,,Restricted Area,0-8 Center,,,,,,,,,,,101284.0,,,,1.0,0.0,Porziņģis,204001.0,,
231,PT05M30.00S,2025-04-09T00:18:34.3Z,2,REGULAR,substitution,out,[],1626166,,,1610612738,45,39,2025-04-09T00:18:52Z,2300000,False,,,0,,SUB out: C. Payne,[1626166],1610612752.0,NYK,,,,Payne,C. Payne,,,,,,,,,,,,,,,,,,,,,,,,,,
232,PT05M30.00S,2025-04-09T00:18:34.3Z,2,REGULAR,substitution,out,[],1629013,,,1610612738,45,39,2025-04-09T00:18:52Z,2310000,False,,,0,,SUB out: L. Shamet,[1629013],1610612752.0,NYK,,,,Shamet,L. Shamet,,,,,,,,,,,,,,,,,,,,,,,,,,
233,PT05M30.00S,2025-04-09T00:18:34.3Z,2,REGULAR,substitution,out,[],204001,,,1610612738,45,39,2025-04-09T00:18:52Z,2320000,False,,,0,,SUB out: K. Porziņģis,[204001],1610612738.0,BOS,,,,Porziņģis,K. Porziņģis,,,,,,,,,,,,,,,,,,,,,,,,,,
234,PT05M30.00S,2025-04-09T00:18:34.3Z,2,REGULAR,substitution,in,[],1628973,,,1610612738,45,39,2025-04-09T00:18:52Z,2330000,False,,,0,,SUB in: J. Brunson,[1628973],1610612752.0,NYK,,,,Brunson,J. Brunson,,,,,,,,,,,,,,,,,,,,,,,,,,
235,PT05M30.00S,2025-04-09T00:18:34.3Z,2,REGULAR,substitution,in,[],1628384,,,1610612738,45,39,2025-04-09T00:18:52Z,2340000,False,,,0,,SUB in: O. Anunoby,[1628384],1610612752.0,NYK,,,,Anunoby,O. Anunoby,,,,,,,,,,,,,,,,,,,,,,,,,,
236,PT05M30.00S,2025-04-09T00:18:34.3Z,2,REGULAR,substitution,in,[],1628436,,,1610612738,45,39,2025-04-09T00:18:52Z,2350000,False,,,0,,SUB in: L. Kornet,[1628436],1610612738.0,BOS,,,,Kornet,L. Kornet,,,,,,,,,,,,,,,,,,,,,,,,,,
237,PT05M22.00S,2025-04-09T00:19:03.3Z,2,REGULAR,3pt,Jump Shot,[],1628369,34.510512483574246,57.59803921568627,1610612738,45,39,2025-04-09T00:19:17Z,2360000,False,-38.0,272.0,1,left,MISS J. Tatum 27' pullup 3PT,[1628369],1610612738.0,BOS,pullup,,,Tatum,J. Tatum,,,,,Above the Break 3,24+ Center,27.45,Missed,,,,,,,,,,,,,,,,,,
238,PT05M20.00S,2025-04-09T00:19:05.3Z,2,REGULAR,rebound,offensive,[],1628401,,,1610612738,45,39,2025-04-09T00:19:17Z,2370000,False,,,0,,D. White REBOUND (Off:2 Def:2),[1628401],1610612738.0,BOS,,,,White,D. White,,,,,Above the Break 3,24+ Center,,,237.0,4.0,2.0,2.0,,,,,,,,,,,,,,
239,PT05M17.00S,2025-04-09T00:19:11.6Z,2,REGULAR,turnover,backcourt,[],1630573,,,1610612738,45,39,2025-04-09T00:19:34Z,2380000,False,,,0,,S. Hauser backcourt TURNOVER (1 TO),[1630573],1610612738.0,BOS,,,,Hauser,S. Hauser,,,,,In The Paint (Non-RA),0-8 Center,,,,,,,,,,,101284.0,1.0,,,,,,,,
240,PT05M05.00S,2025-04-09T00:19:41.4Z,2,REGULAR,3pt,Jump Shot,['fromturnover'],1628969,92.9862023653088,3.6764705882352944,1610612752,48,39,2025-04-09T00:19:44Z,2390000,False,-232.0,13.0,1,right,M. Bridges 3PT  (3 PTS) (J. Brunson 3 AST),"[1628969, 1628973]",1610612752.0,NYK,,,,Bridges,M. Bridges,,,,,Left Corner 3,24+ Left,23.2,Made,,,,,3.0,J. Brunson,1628973.0,3.0,,,,,,,,,,
242,PT04M52.00S,2025-04-09T00:19:55.9Z,2,REGULAR,foul,personal,"['inpenalty', '2freethrow']",1628969,,,1610612738,48,39,2025-04-09T00:20:00Z,2410000,False,,,0,,M. Bridges personal FOUL (2 PF) (Tatum 2 FT),"[1628969, 1628369]",1610612752.0,NYK,,,,Bridges,M. Bridges,,,,,Above the Break 3,24+ Right Center,,,,,,,,,,,101284.0,,,,2.0,0.0,Tatum,1628369.0,,
244,PT04M52.00S,2025-04-09T00:20:19.7Z,2,REGULAR,freethrow,1 of 2,[],1628369,,,1610612738,48,40,2025-04-09T00:20:19Z,2430000,False,,,0,,J. Tatum Free Throw 1 of 2 (12 PTS),[1628369],1610612738.0,BOS,,,,Tatum,J. Tatum,,,,,,,,Made,,,,,12.0,,,,,,,,,,,,,
245,PT04M52.00S,2025-04-09T00:20:19.8Z,2,REGULAR,substitution,out,[],1630573,,,1610612738,48,40,2025-04-09T00:20:24Z,2440000,False,,,0,,SUB out: S. Hauser,[1630573],1610612738.0,BOS,,,,Hauser,S. Hauser,,,,,,,,,,,,,,,,,,,,,,,,,,
246,PT04M52.00S,2025-04-09T00:20:19.8Z,2,REGULAR,substitution,in,[],201950,,,1610612738,48,40,2025-04-09T00:20:24Z,2450000,False,,,0,,SUB in: J. Holiday,[201950],1610612738.0,BOS,,,,Holiday,J. Holiday,,,,,,,,,,,,,,,,,,,,,,,,,,
247,PT04M52.00S,2025-04-09T00:20:39.6Z,2,REGULAR,freethrow,2 of 2,[],1628369,,,1610612738,48,41,2025-04-09T00:20:39Z,2460000,False,,,0,,J. Tatum Free Throw 2 of 2 (13 PTS),[1628369],1610612738.0,BOS,,,,Tatum,J. Tatum,,,,,,,,Made,,,,,13.0,,,,,,,,,,,,,
248,PT04M36.00S,2025-04-09T00:21:02.0Z,2,REGULAR,2pt,Hook,['pointsinthepaint'],1626157,94.30026281208936,57.35294117647059,1610612752,50,41,2025-04-09T00:28:10Z,2470000,False,37.0,1.0,1,right,K. Towns turnaround Hook (20 PTS) (O. Anunoby 1 AST),"[1626157, 1628384]",1610612752.0,NYK,turnaround,,,Towns,K. Towns,,,,,Restricted Area,0-8 Center,3.68,Made,,,,,20.0,O. Anunoby,1628384.0,1.0,,,,,,,,,,
249,PT04M17.00S,2025-04-09T00:21:20.4Z,2,REGULAR,3pt,Jump Shot,[],1628401,4.812746386333772,98.0392156862745,1610612738,50,41,2025-04-09T00:21:26Z,2480000,False,-240.0,-7.0,1,left,MISS D. White 24' 3PT,[1628401],1610612738.0,BOS,,,,White,D. White,,,,,Left Corner 3,24+ Left,24.03,Missed,,,,,,,,,,,,,,,,,,
250,PT04M16.00S,2025-04-09T00:21:21.4Z,2,REGULAR,rebound,defensive,[],1626157,,,1610612752,50,41,2025-04-09T00:21:26Z,2490000,False,,,0,,K. Towns REBOUND (Off:1 Def:7),[1626157],1610612752.0,NYK,,,,Towns,K. Towns,,,,,Left Corner 3,24+ Left,,,249.0,8.0,7.0,1.0,,,,,,,,,,,,,,
251,PT04M16.00S,2025-04-09T00:21:25.4Z,2,REGULAR,foul,personal,[],1628369,,,1610612752,50,41,2025-04-09T00:21:31Z,2500000,False,,,0,,J. Tatum personal FOUL (1 PF),"[1628369, 1626157]",1610612738.0,BOS,,,,Tatum,J. Tatum,,,,,Restricted Area,0-8 Center,,,,,,,,,,,101283.0,,,,1.0,0.0,Towns,1626157.0,,
253,PT04M04.00S,2025-04-09T00:21:46.9Z,2,REGULAR,3pt,Jump Shot,[],1628384,90.09526938239159,96.07843137254902,1610612752,50,41,2025-04-09T00:21:51Z,2520000,False,230.0,41.0,1,right,MISS O. Anunoby 3PT,[1628384],1610612752.0,NYK,,,,Anunoby,O. Anunoby,,,,,Right Corner 3,24+ Right,23.39,Missed,,,,,,,,,,,,,,,,,,
254,PT04M01.00S,2025-04-09T00:21:49.9Z,2,REGULAR,rebound,offensive,[],1628969,,,1610612752,50,41,2025-04-09T00:21:51Z,2530000,False,,,0,,M. Bridges REBOUND (Off:1 Def:1),[1628969],1610612752.0,NYK,,,,Bridges,M. Bridges,,,,,Right Corner 3,24+ Right,,,253.0,2.0,1.0,1.0,,,,,,,,,,,,,,
255,PT03M58.00S,2025-04-09T00:21:56.6Z,2,REGULAR,foul,personal,['2freethrow'],1628436,,,1610612752,50,41,2025-04-09T00:22:03Z,2540000,False,,,0,,L. Kornet shooting personal FOUL (1 PF) (Anunoby 2 FT),"[1628436, 1628384]",1610612738.0,BOS,shooting,,,Kornet,L. Kornet,,,,,Restricted Area,0-8 Center,,,,,,,,,,,101284.0,,,,1.0,0.0,Anunoby,1628384.0,,
257,PT03M58.00S,2025-04-09T00:22:19.5Z,2,REGULAR,freethrow,1 of 2,['2ndchance'],1628384,,,1610612752,51,41,2025-04-09T00:22:19Z,2560000,False,,,0,,O. Anunoby Free Throw 1 of 2 (3 PTS),[1628384],1610612752.0,NYK,,,,Anunoby,O. Anunoby,,,,,,,,Made,,,,,3.0,,,,,,,,,,,,,
258,PT03M58.00S,2025-04-09T00:22:36.0Z,2,REGULAR,freethrow,2 of 2,['2ndchance'],1628384,,,1610612752,52,41,2025-04-09T00:22:36Z,2570000,False,,,0,,O. Anunoby Free Throw 2 of 2 (4 PTS),[1628384],1610612752.0,NYK,,,,Anunoby,O. Anunoby,,,,,,,,Made,,,,,4.0,,,,,,,,,,,,,
259,PT03M45.00S,2025-04-09T00:22:56.4Z,2,REGULAR,3pt,Jump Shot,[],1628369,31.488173455978973,65.44117647058823,1610612738,52,41,2025-04-09T00:23:00Z,2580000,False,-77.0,243.0,1,left,MISS J. Tatum 25' 3PT,[1628369],1610612738.0,BOS,,,,Tatum,J. Tatum,,,,,Above the Break 3,24+ Center,25.54,Missed,,,,,,,,,,,,,,,,,,
260,PT03M42.00S,2025-04-09T00:22:59.4Z,2,REGULAR,rebound,defensive,[],1628404,,,1610612752,52,41,2025-04-09T00:23:00Z,2590000,False,,,0,,J. Hart REBOUND (Off:0 Def:2),[1628404],1610612752.0,NYK,,,,Hart,J. Hart,,,,,Above the Break 3,24+ Center,,,259.0,2.0,2.0,0.0,,,,,,,,,,,,,,
261,PT03M38.00S,2025-04-09T00:23:03.8Z,2,REGULAR,3pt,Jump Shot,['fastbreak'],1628969,72.88107752956637,15.931372549019606,1610612752,52,41,2025-04-09T00:32:52Z,2600000,False,-170.0,202.0,1,right,MISS M. Bridges 26' running 3PT,[1628969],1610612752.0,NYK,running,,,Bridges,M. Bridges,,,,,Above the Break 3,24+ Left Center,26.45,Missed,,,,,,,,,,,,,,,,,,
262,PT03M35.00S,2025-04-09T00:23:06.8Z,2,REGULAR,rebound,defensive,['team'],0,,,1610612738,52,41,2025-04-09T00:23:09Z,2610000,False,,,0,,TEAM defensive REBOUND,[],1610612738.0,BOS,,,,,,,,,,Above the Break 3,24+ Left Center,,,261.0,,,,,,,,,,,,,,,,,
264,PT03M35.00S,2025-04-09T00:23:10.1Z,2,REGULAR,substitution,out,[],1630202,,,1610612738,52,41,2025-04-09T00:23:18Z,2630000,False,,,0,,SUB out: P. Pritchard,[1630202],1610612738.0,BOS,,,,Pritchard,P. Pritchard,,,,,,,,,,,,,,,,,,,,,,,,,,
265,PT03M35.00S,2025-04-09T00:23:10.1Z,2,REGULAR,substitution,in,[],204001,,,1610612738,52,41,2025-04-09T00:23:18Z,2640000,False,,,0,,SUB in: K. Porziņģis,[204001],1610612738.0,BOS,,,,Porziņģis,K. Porziņģis,,,,,,,,,,,,,,,,,,,,,,,,,,
266,PT03M23.00S,2025-04-09T00:23:36.2Z,2,REGULAR,3pt,Jump Shot,[],204001,31.882391590013142,35.53921568627451,1610612738,52,44,2025-04-09T00:23:39Z,2650000,False,72.0,247.0,1,left,K. Porziņģis 25' 3PT  (11 PTS) (D. White 1 AST),"[204001, 1628401]",1610612738.0,BOS,,,,Porziņģis,K. Porziņģis,,,,,Above the Break 3,24+ Center,25.76,Made,,,,,11.0,D. White,1628401.0,1.0,,,,,,,,,,
268,PT03M03.00S,2025-04-09T00:23:56.3Z,2,REGULAR,2pt,Layup,['pointsinthepaint'],1628404,89.83245729303549,45.83333333333333,1610612752,52,44,2025-04-09T00:23:59Z,2670000,False,-21.0,43.0,1,right,MISS J. Hart cutting Layup - blocked,"[1628404, 204001]",1610612752.0,NYK,cutting,,,Hart,J. Hart,,,,,In The Paint (Non-RA),0-8 Center,4.79,Missed,,,,,,,,,,,,,,,,,Porziņģis,204001.0
269,PT03M03.00S,2025-04-09T00:23:56.3Z,2,REGULAR,block,,[],204001,,,1610612752,52,44,2025-04-09T00:23:58Z,2680000,False,,,0,,K. Porziņģis BLOCK (1 BLK),[204001],1610612738.0,BOS,,,,Porziņģis,K. Porziņģis,,,,,In The Paint (Non-RA),0-8 Center,,,,,,,,,,,,,,,,,,,,
270,PT03M02.00S,2025-04-09T00:23:57.3Z,2,REGULAR,rebound,offensive,[],1628404,,,1610612752,52,44,2025-04-09T00:24:11Z,2690000,False,,,0,,J. Hart REBOUND (Off:1 Def:2),[1628404],1610612752.0,NYK,,,,Hart,J. Hart,,,,,In The Paint (Non-RA),0-8 Center,,,268.0,3.0,2.0,1.0,,,,,,,,,,,,,,
272,PT02M55.00S,2025-04-09T00:24:21.5Z,2,REGULAR,2pt,Jump Shot,['2ndchance'],1628969,89.43823915900131,31.372549019607842,1610612752,54,44,2025-04-09T00:24:24Z,2710000,False,-93.0,47.0,1,right,M. Bridges 10' fadeaway Jump Shot (5 PTS) (J. Hart 3 AST),"[1628969, 1628404]",1610612752.0,NYK,fadeaway,,,Bridges,M. Bridges,,,,,Mid-Range,8-16 Left,10.42,Made,,,,,5.0,J. Hart,1628404.0,3.0,,,,,,,,,,
274,PT02M46.00S,2025-04-09T00:24:32.0Z,2,REGULAR,foul,personal,"['inpenalty', '2freethrow']",1628969,,,1610612738,54,44,2025-04-09T00:24:41Z,2730000,False,,,0,,M. Bridges personal FOUL (3 PF) (Porziņģis 2 FT),"[1628969, 204001]",1610612752.0,NYK,,,,Bridges,M. Bridges,,,,,Mid-Range,16-24 Left Center,,,,,,,,,,,202901.0,,,,3.0,0.0,Porziņģis,204001.0,,
276,PT02M46.00S,2025-04-09T00:24:44.2Z,2,REGULAR,timeout,full,"['team', 'mandatory']",0,,,1610612738,54,44,2025-04-09T00:40:11Z,2750000,False,,,0,,BOS Timeout,[],1610612738.0,BOS,,,,,,,,,,,,,,,,,,,,,,,,,,,,,,,
277,PT02M46.00S,2025-04-09T00:28:08.1Z,2,REGULAR,freethrow,1 of 2,[],204001,,,1610612738,54,45,2025-04-09T00:28:26Z,2760000,False,,,0,,K. Porziņģis Free Throw 1 of 2 (12 PTS),[204001],1610612738.0,BOS,,,,Porziņģis,K. Porziņģis,,,,,,,,Made,,,,,12.0,,,,,,,,,,,,,
279,PT02M46.00S,2025-04-09T00:28:08.1Z,2,REGULAR,freethrow,2 of 2,[],204001,,,1610612738,54,45,2025-04-09T00:28:26Z,2770000,False,,,0,,MISS K. Porziņģis Free Throw 2 of 2,[204001],1610612738.0,BOS,,,,Porziņģis,K. Porziņģis,,,,,,,,Missed,,,,,,,,,,,,,,,,,,
280,PT02M44.00S,2025-04-09T00:28:10.1Z,2,REGULAR,rebound,defensive,[],1628404,,,1610612752,54,45,2025-04-09T00:28:26Z,2780000,False,,,0,,J. Hart REBOUND (Off:1 Def:3),[1628404],1610612752.0,NYK,,,,Hart,J. Hart,,,,,,,,,279.0,4.0,3.0,1.0,,,,,,,,,,,,,,
287,PT02M26.00S,2025-04-09T00:29:01.5Z,2,REGULAR,2pt,Jump Shot,['pointsinthepaint'],1628404,88.38699080157687,49.754901960784316,1610612752,54,45,2025-04-09T00:39:55Z,2805000,False,-1.0,57.0,1,right,MISS J. Hart driving floating bank Shot,[1628404],1610612752.0,NYK,driving floating bank,,,Hart,J. Hart,,,,,In The Paint (Non-RA),0-8 Center,5.67,Missed,,,,,,,,,,,,,,,,,,
288,PT02M25.00S,2025-04-09T00:29:02.5Z,2,REGULAR,rebound,defensive,['team'],0,,,1610612738,54,45,2025-04-09T00:35:05Z,2817500,False,,,0,,TEAM defensive REBOUND,[],1610612738.0,BOS,,,,,,,,,,In The Paint (Non-RA),0-8 Center,,,287.0,,,,,,,,,,,,,,,,,
285,PT02M25.00S,2025-04-09T00:29:23.1Z,2,REGULAR,timeout,challenge,['team'],0,,,1610612738,54,45,2025-04-09T00:40:20Z,2830000,False,,,0,,BOS Timeout,[],1610612738.0,BOS,,,,,,,,,,,,,,,,,,,,,,,,,,,,,,,
289,PT02M13.00S,2025-04-09T00:33:13.9Z,2,REGULAR,2pt,Jump Shot,['pointsinthepaint'],1628369,7.440867279894875,60.29411764705882,1610612738,54,45,2025-04-09T00:41:45Z,2870000,False,-51.0,17.0,1,left,MISS J. Tatum fadeaway Shot,[1628369],1610612738.0,BOS,fadeaway,,,Tatum,J. Tatum,,,,,In The Paint (Non-RA),0-8 Center,5.44,Missed,,,,,,,,,,,,,,,,,,
290,PT02M10.00S,2025-04-09T00:33:16.9Z,2,REGULAR,rebound,offensive,[],1628401,,,1610612738,54,45,2025-04-09T00:41:45Z,2880000,False,,,0,,D. White REBOUND (Off:3 Def:2),[1628401],1610612738.0,BOS,,,,White,D. White,,,,,In The Paint (Non-RA),0-8 Center,,,289.0,5.0,2.0,3.0,,,,,,,,,,,,,,
291,PT02M09.00S,2025-04-09T00:33:19.5Z,2,REGULAR,2pt,Layup,"['pointsinthepaint', '2ndchance']",204001,6.521024967148489,50.245098039215684,1610612738,54,47,2025-04-09T00:42:07Z,2890000,False,-1.0,9.0,1,left,K. Porziņģis cutting Layup (14 PTS) (D. White 2 AST),"[204001, 1628401]",1610612738.0,BOS,cutting,,,Porziņģis,K. Porziņģis,,,,,Restricted Area,0-8 Center,0.89,Made,,,,,14.0,D. White,1628401.0,2.0,,,,,,,,,,
293,PT01M52.00S,2025-04-09T00:33:35.1Z,2,REGULAR,2pt,Jump Shot,[],1628969,82.47371879106439,69.85294117647058,1610612752,54,47,2025-04-09T00:33:40Z,2910000,False,99.0,112.0,1,right,MISS M. Bridges 14' step back Shot,[1628969],1610612752.0,NYK,step back,,,Bridges,M. Bridges,,,,,Mid-Range,8-16 Right,14.98,Missed,,,,,,,,,,,,,,,,,,
294,PT01M49.00S,2025-04-09T00:33:38.1Z,2,REGULAR,rebound,defensive,[],1628369,,,1610612738,54,47,2025-04-09T00:33:40Z,2920000,False,,,0,,J. Tatum REBOUND (Off:0 Def:5),[1628369],1610612738.0,BOS,,,,Tatum,J. Tatum,,,,,Mid-Range,8-16 Right,,,293.0,5.0,5.0,0.0,,,,,,,,,,,,,,
295,PT01M37.00S,2025-04-09T00:33:51.0Z,2,REGULAR,2pt,Layup,['pointsinthepaint'],1628369,6.389618922470433,56.372549019607845,1610612738,54,49,2025-04-09T00:33:55Z,2930000,False,-32.0,8.0,1,left,J. Tatum driving finger roll Layup (15 PTS) (K. Porziņģis 2 AST),"[1628369, 204001]",1610612738.0,BOS,driving finger roll,,,Tatum,J. Tatum,,,,,Restricted Area,0-8 Center,3.28,Made,,,,,15.0,K. Porziņģis,204001.0,2.0,,,,,,,,,,
297,PT01M23.00S,2025-04-09T00:34:04.3Z,2,REGULAR,3pt,Jump Shot,[],1628384,66.83639947437582,43.627450980392155,1610612752,54,49,2025-04-09T00:34:09Z,2950000,False,-32.0,259.0,1,right,MISS O. Anunoby 26' 3PT,[1628384],1610612752.0,NYK,,,,Anunoby,O. Anunoby,,,,,Above the Break 3,24+ Center,26.12,Missed,,,,,,,,,,,,,,,,,,
298,PT01M20.00S,2025-04-09T00:34:07.3Z,2,REGULAR,rebound,defensive,[],204001,,,1610612738,54,49,2025-04-09T00:34:09Z,2960000,False,,,0,,K. Porziņģis REBOUND (Off:0 Def:1),[204001],1610612738.0,BOS,,,,Porziņģis,K. Porziņģis,,,,,Above the Break 3,24+ Center,,,297.0,1.0,1.0,0.0,,,,,,,,,,,,,,
299,PT01M16.00S,2025-04-09T00:34:11.0Z,2,REGULAR,3pt,Jump Shot,['fastbreak'],1628401,14.273981603153747,3.9215686274509802,1610612738,54,52,2025-04-09T00:34:20Z,2970000,False,230.0,82.0,1,left,D. White 24' 3PT running (8 PTS) (J. Holiday 3 AST),"[1628401, 201950]",1610612738.0,BOS,running,,,White,D. White,,,,,Right Corner 3,24+ Right,24.45,Made,,,,,8.0,J. Holiday,201950.0,3.0,,,,,,,,,,
302,PT00M55.40S,2025-04-09T00:35:06.5Z,2,REGULAR,foul,personal,[],1628436,,,1610612752,54,52,2025-04-09T00:35:18Z,3000000,False,,,0,,L. Kornet personal FOUL (2 PF),"[1628436, 1626157]",1610612738.0,BOS,,,,Kornet,L. Kornet,,,,,Mid-Range,16-24 Left,,,,,,,,,,,202901.0,,,,2.0,0.0,Towns,1626157.0,,
304,PT00M47.90S,2025-04-09T00:35:34.3Z,2,REGULAR,2pt,Jump Shot,"['pointsinthepaint', 'defensivegoaltending']",1626157,85.89027595269383,45.09803921568628,1610612752,56,52,2025-04-09T00:44:02Z,3020000,False,-25.0,80.0,1,right,K. Towns 8' driving floating Jump Shot (22 PTS),[1626157],1610612752.0,NYK,driving floating,,,Towns,K. Towns,,,,,In The Paint (Non-RA),8-16 Center,8.38,Made,,,,,22.0,,,,,,,,,,,,,
305,PT00M47.90S,2025-04-09T00:35:40.7Z,2,REGULAR,violation,defensive goaltending,[],204001,,,1610612752,56,52,2025-04-09T00:35:46Z,3030000,False,,,0,,K. Porziņģis defensive goaltending VIOLATION,[204001],1610612738.0,BOS,,,,Porziņģis,K. Porziņģis,,,,,,,,,,,,,,,,,101284.0,,,,,,,,,
306,PT00M29.00S,2025-04-09T00:36:07.9Z,2,REGULAR,2pt,Jump Shot,[],1628369,11.251642575558476,29.411764705882355,1610612738,56,52,2025-04-09T00:44:51Z,3040000,False,103.0,53.0,1,left,MISS J. Tatum 11' step back Shot,[1628369],1610612738.0,BOS,step back,,,Tatum,J. Tatum,,,,,Mid-Range,8-16 Right,11.59,Missed,,,,,,,,,,,,,,,,,,
307,PT00M26.20S,2025-04-09T00:36:10.7Z,2,REGULAR,rebound,defensive,[],1628969,,,1610612752,56,52,2025-04-09T00:36:11Z,3050000,False,,,0,,M. Bridges REBOUND (Off:1 Def:2),[1628969],1610612752.0,NYK,,,,Bridges,M. Bridges,,,,,Mid-Range,8-16 Right,,,306.0,3.0,2.0,1.0,,,,,,,,,,,,,,
308,PT00M23.00S,2025-04-09T00:36:14.0Z,2,REGULAR,2pt,Layup,"['pointsinthepaint', 'fastbreak']",1628973,94.82588699080158,52.20588235294118,1610612752,58,52,2025-04-09T00:36:18Z,3060000,False,11.0,-4.0,1,right,J. Brunson running Layup (12 PTS) (J. Hart 4 AST),"[1628973, 1628404]",1610612752.0,NYK,running,,,Brunson,J. Brunson,,,,,Restricted Area,0-8 Center,1.17,Made,,,,,12.0,J. Hart,1628404.0,4.0,,,,,,,,,,
310,PT00M02.50S,2025-04-09T00:36:48.0Z,2,REGULAR,2pt,DUNK,['pointsinthepaint'],1628436,7.046649145860711,50.245098039215684,1610612738,58,52,2025-04-09T00:37:00Z,3080000,False,-1.0,14.0,1,left,MISS L. Kornet cutting DUNK - blocked,"[1628436, 1626157]",1610612738.0,BOS,cutting,,,Kornet,L. Kornet,,,,,Restricted Area,0-8 Center,1.38,Missed,,,,,,,,,,,,,,,,,Towns,1626157.0
311,PT00M02.50S,2025-04-09T00:36:48.0Z,2,REGULAR,block,,[],1626157,,,1610612738,58,52,2025-04-09T00:36:49Z,3090000,False,,,0,,K. Towns BLOCK (1 BLK),[1626157],1610612752.0,NYK,,,,Towns,K. Towns,,,,,Restricted Area,0-8 Center,,,,,,,,,,,,,,,,,,,,
312,PT00M01.50S,2025-04-09T00:36:49.0Z,2,REGULAR,rebound,defensive,[],1626157,,,1610612752,58,52,2025-04-09T00:37:00Z,3100000,False,,,0,,K. Towns REBOUND (Off:1 Def:8),[1626157],1610612752.0,NYK,,,,Towns,K. Towns,,,,,Restricted Area,0-8 Center,,,310.0,9.0,8.0,1.0,,,,,,,,,,,,,,
313,PT00M00.00S,2025-04-09T00:36:53.6Z,2,REGULAR,period,end,[],0,,,1610612752,58,52,2025-04-09T00:36:53Z,3110000,False,,,0,,Period End,[],,,,,,,,,,,,,,,,,,,,,,,,,,,,,,,,,
317,PT12M00.00S,2025-04-09T00:52:56.1Z,3,REGULAR,substitution,out,['startperiod'],1628436,,,1610612752,58,52,2025-04-09T00:53:41Z,3120000,False,,,0,,SUB out: L. Kornet,[1628436],1610612738.0,BOS,,,,Kornet,L. Kornet,,,,,,,,,,,,,,,,,,,,,,,,,,
318,PT12M00.00S,2025-04-09T00:52:56.1Z,3,REGULAR,substitution,in,['startperiod'],1627759,,,1610612752,58,52,2025-04-09T00:53:41Z,3130000,False,,,0,,SUB in: J. Brown,[1627759],1610612738.0,BOS,,,,Brown,J. Brown,,,,,,,,,,,,,,,,,,,,,,,,,,
319,PT12M00.00S,2025-04-09T00:53:50.6Z,3,REGULAR,period,start,[],0,,,1610612738,58,52,2025-04-09T00:53:50Z,3140000,False,,,0,,Period Start,[],,,,,,,,,,,,,,,,,,,,,,,,,,,,,,,,,
320,PT11M48.00S,2025-04-09T00:54:01.9Z,3,REGULAR,2pt,Layup,['pointsinthepaint'],201950,94.30026281208936,49.754901960784316,1610612738,58,54,2025-04-09T00:54:05Z,3150000,False,-1.0,1.0,1,right,J. Holiday driving Layup (4 PTS) (D. White 3 AST),"[201950, 1628401]",1610612738.0,BOS,driving,,,Holiday,J. Holiday,,,,,Restricted Area,0-8 Center,0.16,Made,,,,,4.0,D. White,1628401.0,3.0,,,,,,,,,,
322,PT11M21.00S,2025-04-09T00:54:28.5Z,3,REGULAR,2pt,Jump Shot,[],1628404,21.895532194480946,50.245098039215684,1610612752,58,54,2025-04-09T00:56:42Z,3170000,False,-1.0,153.0,1,left,MISS J. Hart 15' fadeaway Shot,[1628404],1610612752.0,NYK,fadeaway,,,Hart,J. Hart,,,,,Mid-Range,8-16 Center,15.33,Missed,,,,,,,,,,,,,,,,,,
323,PT11M19.00S,2025-04-09T00:54:30.5Z,3,REGULAR,rebound,defensive,[],201950,,,1610612738,58,54,2025-04-09T00:54:33Z,3180000,False,,,0,,J. Holiday REBOUND (Off:1 Def:1),[201950],1610612738.0,BOS,,,,Holiday,J. Holiday,,,,,Mid-Range,8-16 Center,,,322.0,2.0,1.0,1.0,,,,,,,,,,,,,,
324,PT11M13.00S,2025-04-09T00:54:36.9Z,3,REGULAR,3pt,Jump Shot,['fastbreak'],1628401,72.22404730617609,14.950980392156863,1610612738,58,54,2025-04-09T00:57:51Z,3190000,False,-175.0,209.0,1,right,MISS D. White 27' running 3PT,[1628401],1610612738.0,BOS,running,,,White,D. White,,,,,Above the Break 3,24+ Left Center,27.24,Missed,,,,,,,,,,,,,,,,,,
325,PT11M10.00S,2025-04-09T00:54:39.9Z,3,REGULAR,rebound,offensive,[],1628401,,,1610612738,58,54,2025-04-09T00:54:43Z,3200000,False,,,0,,D. White REBOUND (Off:4 Def:2),[1628401],1610612738.0,BOS,,,,White,D. White,,,,,Above the Break 3,24+ Left Center,,,324.0,6.0,2.0,4.0,,,,,,,,,,,,,,
326,PT11M08.00S,2025-04-09T00:54:41.5Z,3,REGULAR,3pt,Jump Shot,['2ndchance'],201950,85.75886990801577,4.6568627450980395,1610612738,58,57,2025-04-09T00:54:45Z,3210000,False,-227.0,81.0,1,right,J. Holiday 24' 3PT  (7 PTS) (D. White 4 AST),"[201950, 1628401]",1610612738.0,BOS,,,,Holiday,J. Holiday,,,,,Left Corner 3,24+ Left,24.09,Made,,,,,7.0,D. White,1628401.0,4.0,,,,,,,,,,
328,PT10M38.00S,2025-04-09T00:55:11.6Z,3,REGULAR,2pt,Jump Shot,['pointsinthepaint'],1628973,7.966491458607096,53.18627450980392,1610612752,58,57,2025-04-09T00:55:16Z,3230000,False,-16.0,22.0,1,left,MISS J. Brunson driving floating Shot,[1628973],1610612752.0,NYK,driving floating,,,Brunson,J. Brunson,,,,,Restricted Area,0-8 Center,2.75,Missed,,,,,,,,,,,,,,,,,,
329,PT10M36.00S,2025-04-09T00:55:13.6Z,3,REGULAR,rebound,defensive,[],1628401,,,1610612738,58,57,2025-04-09T00:55:16Z,3240000,False,,,0,,D. White REBOUND (Off:4 Def:3),[1628401],1610612738.0,BOS,,,,White,D. White,,,,,Restricted Area,0-8 Center,,,328.0,7.0,3.0,4.0,,,,,,,,,,,,,,
330,PT10M29.00S,2025-04-09T00:55:19.9Z,3,REGULAR,3pt,Jump Shot,[],204001,73.01248357424441,81.37254901960785,1610612738,58,60,2025-04-09T00:55:23Z,3250000,False,157.0,201.0,1,right,K. Porziņģis 25' 3PT  (17 PTS) (D. White 5 AST),"[204001, 1628401]",1610612738.0,BOS,,,,Porziņģis,K. Porziņģis,,,,,Above the Break 3,24+ Right Center,25.51,Made,,,,,17.0,D. White,1628401.0,5.0,,,,,,,,,,
332,PT10M28.00S,2025-04-09T00:55:24.8Z,3,REGULAR,timeout,full,['team'],0,,,1610612752,58,60,2025-04-09T00:55:24Z,3270000,False,,,0,,NYK Timeout,[],1610612752.0,NYK,,,,,,,,,,,,,,,,,,,,,,,,,,,,,,,
333,PT10M09.00S,2025-04-09T00:59:15.5Z,3,REGULAR,2pt,Layup,['pointsinthepaint'],1626157,4.812746386333772,48.28431372549019,1610612752,60,60,2025-04-09T00:59:50Z,3280000,False,9.0,-7.0,1,left,K. Towns cutting Layup (24 PTS) (J. Brunson 4 AST),"[1626157, 1628973]",1610612752.0,NYK,cutting,,,Towns,K. Towns,,,,,Restricted Area,0-8 Center,1.13,Made,,,,,24.0,J. Brunson,1628973.0,4.0,,,,,,,,,,
335,PT10M01.00S,2025-04-09T00:59:23.8Z,3,REGULAR,3pt,Jump Shot,[],204001,70.90998685939553,80.63725490196079,1610612738,60,63,2025-04-09T00:59:27Z,3300000,False,153.0,221.0,1,right,K. Porziņģis 26' 3PT  (20 PTS) (J. Brown 1 AST),"[204001, 1627759]",1610612738.0,BOS,,,,Porziņģis,K. Porziņģis,,,,,Above the Break 3,24+ Right Center,26.88,Made,,,,,20.0,J. Brown,1627759.0,1.0,,,,,,,,,,
337,PT09M43.00S,2025-04-09T00:59:40.8Z,3,REGULAR,3pt,Jump Shot,[],1628384,29.6484888304862,23.774509803921568,1610612752,60,63,2025-04-09T00:59:44Z,3320000,False,131.0,226.0,1,left,MISS O. Anunoby 26' 3PT,[1628384],1610612752.0,NYK,,,,Anunoby,O. Anunoby,,,,,Above the Break 3,24+ Right Center,26.14,Missed,,,,,,,,,,,,,,,,,,
338,PT09M41.00S,2025-04-09T00:59:42.8Z,3,REGULAR,rebound,defensive,[],1628369,,,1610612738,60,63,2025-04-09T00:59:44Z,3330000,False,,,0,,J. Tatum REBOUND (Off:0 Def:6),[1628369],1610612738.0,BOS,,,,Tatum,J. Tatum,,,,,Above the Break 3,24+ Right Center,,,337.0,6.0,6.0,0.0,,,,,,,,,,,,,,
382,PT09M31.00S,2025-04-09T00:59:50.4Z,3,REGULAR,turnover,lost ball,[],1627759,,,1610612738,60,63,2025-04-09T01:06:09Z,3350000,False,,,0,,J. Brown lost ball TURNOVER (3 TO),"[1627759, 1628384]",1610612738.0,BOS,,,,Brown,J. Brown,,,,,In The Paint (Non-RA),0-8 Center,,,,,,,,,,,,3.0,Anunoby,1628384.0,,,,,,
383,PT09M31.00S,2025-04-09T00:59:50.4Z,3,REGULAR,steal,,[],1628384,,,1610612752,60,63,2025-04-09T01:06:09Z,3360000,False,,,0,,O. Anunoby STEAL (1 STL),[1628384],1610612752.0,NYK,,,,Anunoby,O. Anunoby,,,,,In The Paint (Non-RA),0-8 Center,,,,,,,,,,,,,,,,,,,,
342,PT09M24.00S,2025-04-09T01:00:00.1Z,3,REGULAR,3pt,Jump Shot,['fromturnover'],1626157,33.722076215505915,53.18627450980392,1610612752,60,63,2025-04-09T01:06:09Z,3370000,False,-16.0,264.0,1,left,MISS K. Towns 26' 3PT,[1626157],1610612752.0,NYK,,,,Towns,K. Towns,,,,,Above the Break 3,24+ Center,26.5,Missed,,,,,,,,,,,,,,,,,,
343,PT09M21.00S,2025-04-09T01:00:03.1Z,3,REGULAR,rebound,offensive,[],1628384,,,1610612752,60,63,2025-04-09T01:05:52Z,3380000,False,,,0,,O. Anunoby REBOUND (Off:1 Def:3),[1628384],1610612752.0,NYK,,,,Anunoby,O. Anunoby,,,,,Above the Break 3,24+ Center,,,342.0,4.0,3.0,1.0,,,,,,,,,,,,,,
344,PT09M07.00S,2025-04-09T01:00:16.8Z,3,REGULAR,turnover,bad pass,[],1628384,,,1610612752,60,63,2025-04-09T01:00:19Z,3390000,False,,,0,,O. Anunoby bad pass TURNOVER (2 TO),"[1628384, 201950]",1610612752.0,NYK,,,,Anunoby,O. Anunoby,,,,,Above the Break 3,24+ Right Center,,,,,,,,,,,,2.0,Holiday,201950.0,,,,,,
345,PT09M07.00S,2025-04-09T01:00:16.8Z,3,REGULAR,steal,,[],201950,,,1610612738,60,63,2025-04-09T01:00:18Z,3400000,False,,,0,,J. Holiday STEAL (1 STL),[201950],1610612738.0,BOS,,,,Holiday,J. Holiday,,,,,Above the Break 3,24+ Right Center,,,,,,,,,,,,,,,,,,,,
346,PT09M00.00S,2025-04-09T01:00:23.7Z,3,REGULAR,3pt,Jump Shot,['fromturnover'],201950,66.04796320630749,47.30392156862745,1610612738,60,63,2025-04-09T01:00:28Z,3410000,False,-13.0,267.0,1,right,MISS J. Holiday 26' 3PT,[201950],1610612738.0,BOS,,,,Holiday,J. Holiday,,,,,Above the Break 3,24+ Center,26.69,Missed,,,,,,,,,,,,,,,,,,
347,PT08M57.00S,2025-04-09T01:00:26.7Z,3,REGULAR,rebound,defensive,[],1626157,,,1610612752,60,63,2025-04-09T01:00:28Z,3420000,False,,,0,,K. Towns REBOUND (Off:1 Def:9),[1626157],1610612752.0,NYK,,,,Towns,K. Towns,,,,,Above the Break 3,24+ Center,,,346.0,10.0,9.0,1.0,,,,,,,,,,,,,,
348,PT08M50.00S,2025-04-09T01:00:33.7Z,3,REGULAR,turnover,lost ball,[],1628969,,,1610612752,60,63,2025-04-09T01:00:36Z,3430000,False,,,0,,M. Bridges lost ball TURNOVER (1 TO),"[1628969, 201950]",1610612752.0,NYK,,,,Bridges,M. Bridges,,,,,Mid-Range,8-16 Right,,,,,,,,,,,,1.0,Holiday,201950.0,,,,,,
349,PT08M50.00S,2025-04-09T01:00:33.7Z,3,REGULAR,steal,,[],201950,,,1610612738,60,63,2025-04-09T01:00:35Z,3440000,False,,,0,,J. Holiday STEAL (2 STL),[201950],1610612738.0,BOS,,,,Holiday,J. Holiday,,,,,Mid-Range,8-16 Right,,,,,,,,,,,,,,,,,,,,
351,PT08M38.00S,2025-04-09T01:01:08.7Z,3,REGULAR,2pt,Jump Shot,['fromturnover'],204001,79.05716162943496,33.57843137254902,1610612738,60,63,2025-04-09T01:10:18Z,3460000,False,-82.0,144.0,1,right,MISS K. Porziņģis 16' step back Shot,[204001],1610612738.0,BOS,step back,,,Porziņģis,K. Porziņģis,,,,,Mid-Range,16-24 Left Center,16.61,Missed,,,,,,,,,,,,,,,,,,
352,PT08M37.00S,2025-04-09T01:01:09.7Z,3,REGULAR,rebound,defensive,[],1628404,,,1610612752,60,63,2025-04-09T01:01:11Z,3470000,False,,,0,,J. Hart REBOUND (Off:1 Def:4),[1628404],1610612752.0,NYK,,,,Hart,J. Hart,,,,,Mid-Range,16-24 Left Center,,,351.0,5.0,4.0,1.0,,,,,,,,,,,,,,
353,PT08M29.00S,2025-04-09T01:01:18.3Z,3,REGULAR,3pt,Jump Shot,[],1628973,32.013797634691194,60.5392156862745,1610612752,63,63,2025-04-09T01:01:21Z,3480000,False,-53.0,248.0,1,left,J. Brunson 25' 3PT pullup (15 PTS) (J. Hart 5 AST),"[1628973, 1628404]",1610612752.0,NYK,pullup,,,Brunson,J. Brunson,,,,,Above the Break 3,24+ Center,25.39,Made,,,,,15.0,J. Hart,1628404.0,5.0,,,,,,,,,,
355,PT08M20.00S,2025-04-09T01:01:29.3Z,3,REGULAR,foul,personal,['2freethrow'],1626157,,,1610612738,63,63,2025-04-09T01:01:38Z,3500000,False,,,0,,K. Towns shooting personal FOUL (1 PF) (Brown 2 FT),"[1626157, 1627759]",1610612752.0,NYK,shooting,,,Towns,K. Towns,,,,,Restricted Area,0-8 Center,,,,,,,,,,,101284.0,,,,1.0,0.0,Brown,1627759.0,,
357,PT08M20.00S,2025-04-09T01:02:04.8Z,3,REGULAR,freethrow,1 of 2,[],1627759,,,1610612738,63,64,2025-04-09T01:02:04Z,3520000,False,,,0,,J. Brown Free Throw 1 of 2 (3 PTS),[1627759],1610612738.0,BOS,,,,Brown,J. Brown,,,,,,,,Made,,,,,3.0,,,,,,,,,,,,,
358,PT08M20.00S,2025-04-09T01:02:36.0Z,3,REGULAR,freethrow,2 of 2,[],1627759,,,1610612738,63,65,2025-04-09T01:02:36Z,3530000,False,,,0,,J. Brown Free Throw 2 of 2 (4 PTS),[1627759],1610612738.0,BOS,,,,Brown,J. Brown,,,,,,,,Made,,,,,4.0,,,,,,,,,,,,,
359,PT08M01.00S,2025-04-09T01:03:04.5Z,3,REGULAR,foul,personal,['2freethrow'],201950,,,1610612752,63,65,2025-04-09T01:03:12Z,3540000,False,,,0,,J. Holiday shooting personal FOUL (2 PF) (Anunoby 2 FT),"[201950, 1628384]",1610612738.0,BOS,shooting,,,Holiday,J. Holiday,,,,,Restricted Area,0-8 Center,,,,,,,,,,,101284.0,,,,2.0,0.0,Anunoby,1628384.0,,
361,PT08M01.00S,2025-04-09T01:03:28.7Z,3,REGULAR,freethrow,1 of 2,[],1628384,,,1610612752,63,65,2025-04-09T01:03:28Z,3560000,False,,,0,,MISS O. Anunoby Free Throw 1 of 2,[1628384],1610612752.0,NYK,,,,Anunoby,O. Anunoby,,,,,,,,Missed,,,,,,,,,,,,,,,,,,
362,PT08M01.00S,2025-04-09T01:03:28.7Z,3,REGULAR,rebound,offensive,"['deadball', 'team']",0,,,1610612752,63,65,2025-04-09T01:03:28Z,3570000,False,,,0,,TEAM offensive REBOUND,[],1610612752.0,NYK,,,,,,,,,,,,,,361.0,,,,,,,,,,,,,,,,,
363,PT08M01.00S,2025-04-09T01:03:42.9Z,3,REGULAR,freethrow,2 of 2,[],1628384,,,1610612752,64,65,2025-04-09T01:03:42Z,3580000,False,,,0,,O. Anunoby Free Throw 2 of 2 (5 PTS),[1628384],1610612752.0,NYK,,,,Anunoby,O. Anunoby,,,,,,,,Made,,,,,5.0,,,,,,,,,,,,,
364,PT07M51.00S,2025-04-09T01:03:53.7Z,3,REGULAR,3pt,Jump Shot,[],204001,72.22404730617609,17.647058823529413,1610612738,64,68,2025-04-09T01:03:57Z,3590000,False,-162.0,209.0,1,right,K. Porziņģis 26' 3PT  (23 PTS) (D. White 6 AST),"[204001, 1628401]",1610612738.0,BOS,,,,Porziņģis,K. Porziņģis,,,,,Above the Break 3,24+ Left Center,26.4,Made,,,,,23.0,D. White,1628401.0,6.0,,,,,,,,,,
367,PT07M32.00S,2025-04-09T01:04:30.4Z,3,REGULAR,2pt,Jump Shot,['pointsinthepaint'],1628969,14.536793692509855,48.77450980392157,1610612752,64,68,2025-04-09T01:04:34Z,3620000,False,6.0,84.0,1,left,MISS M. Bridges 8' fadeaway Shot,[1628969],1610612752.0,NYK,fadeaway,,,Bridges,M. Bridges,,,,,In The Paint (Non-RA),8-16 Center,8.43,Missed,,,,,,,,,,,,,,,,,,
368,PT07M29.00S,2025-04-09T01:04:33.4Z,3,REGULAR,rebound,defensive,[],1627759,,,1610612738,64,68,2025-04-09T01:04:34Z,3630000,False,,,0,,J. Brown REBOUND (Off:0 Def:1),[1627759],1610612738.0,BOS,,,,Brown,J. Brown,,,,,In The Paint (Non-RA),8-16 Center,,,367.0,1.0,1.0,0.0,,,,,,,,,,,,,,
369,PT07M23.00S,2025-04-09T01:04:38.5Z,3,REGULAR,2pt,Jump Shot,"['fastbreak', 'pointsinthepaint']",1627759,85.23324572930355,47.549019607843135,1610612738,64,68,2025-04-09T01:12:56Z,3640000,False,-12.0,86.0,1,right,MISS J. Brown 8' running pullup Shot - blocked,"[1627759, 1628969]",1610612738.0,BOS,running pullup,,,Brown,J. Brown,,,,,In The Paint (Non-RA),8-16 Center,8.72,Missed,,,,,,,,,,,,,,,,,Bridges,1628969.0
370,PT07M23.00S,2025-04-09T01:04:38.5Z,3,REGULAR,block,,[],1628969,,,1610612738,64,68,2025-04-09T01:04:40Z,3650000,False,,,0,,M. Bridges BLOCK (1 BLK),[1628969],1610612752.0,NYK,,,,Bridges,M. Bridges,,,,,In The Paint (Non-RA),8-16 Center,,,,,,,,,,,,,,,,,,,,
371,PT07M21.00S,2025-04-09T01:04:40.5Z,3,REGULAR,rebound,defensive,[],1626157,,,1610612752,64,68,2025-04-09T01:04:42Z,3660000,False,,,0,,K. Towns REBOUND (Off:1 Def:10),[1626157],1610612752.0,NYK,,,,Towns,K. Towns,,,,,In The Paint (Non-RA),8-16 Center,,,369.0,11.0,10.0,1.0,,,,,,,,,,,,,,
372,PT07M19.00S,2025-04-09T01:04:44.9Z,3,REGULAR,foul,personal,['2freethrow'],204001,,,1610612752,64,68,2025-04-09T01:05:07Z,3670000,False,,,0,,K. Porziņģis shooting personal FOUL (1 PF) (Anunoby 2 FT),"[204001, 1628384]",1610612738.0,BOS,shooting,,,Porziņģis,K. Porziņģis,,,,,Restricted Area,0-8 Center,,,,,,,,,,,101283.0,,,,1.0,0.0,Anunoby,1628384.0,,
374,PT07M19.00S,2025-04-09T01:05:09.0Z,3,REGULAR,freethrow,1 of 2,['fastbreak'],1628384,,,1610612752,64,68,2025-04-09T01:05:09Z,3690000,False,,,0,,MISS O. Anunoby Free Throw 1 of 2,[1628384],1610612752.0,NYK,,,,Anunoby,O. Anunoby,,,,,,,,Missed,,,,,,,,,,,,,,,,,,
375,PT07M19.00S,2025-04-09T01:05:09.0Z,3,REGULAR,rebound,offensive,"['deadball', 'team']",0,,,1610612752,64,68,2025-04-09T01:05:09Z,3700000,False,,,0,,TEAM offensive REBOUND,[],1610612752.0,NYK,,,,,,,,,,,,,,374.0,,,,,,,,,,,,,,,,,
376,PT07M19.00S,2025-04-09T01:05:09.0Z,3,REGULAR,freethrow,2 of 2,['fastbreak'],1628384,,,1610612752,64,68,2025-04-09T01:05:32Z,3710000,False,,,0,,MISS O. Anunoby Free Throw 2 of 2,[1628384],1610612752.0,NYK,,,,Anunoby,O. Anunoby,,,,,,,,Missed,,,,,,,,,,,,,,,,,,
377,PT07M17.00S,2025-04-09T01:05:11.0Z,3,REGULAR,rebound,defensive,[],1628401,,,1610612738,64,68,2025-04-09T01:05:32Z,3720000,False,,,0,,D. White REBOUND (Off:4 Def:4),[1628401],1610612738.0,BOS,,,,White,D. White,,,,,,,,,376.0,8.0,4.0,4.0,,,,,,,,,,,,,,
378,PT07M01.00S,2025-04-09T01:05:46.3Z,3,REGULAR,2pt,Jump Shot,[],1628369,88.25558475689881,19.11764705882353,1610612738,64,70,2025-04-09T01:13:55Z,3730000,False,-154.0,58.0,1,right,J. Tatum 16' step back Jump Shot (17 PTS),[1628369],1610612738.0,BOS,step back,,,Tatum,J. Tatum,,,,,Mid-Range,16-24 Left,16.49,Made,,,,,17.0,,,,,,,,,,,,,
379,PT06M43.00S,2025-04-09T01:06:03.7Z,3,REGULAR,3pt,Jump Shot,[],1628969,5.732588699080158,4.166666666666666,1610612752,64,70,2025-04-09T01:06:11Z,3740000,False,229.0,1.0,1,left,MISS M. Bridges 3PT,[1628969],1610612752.0,NYK,,,,Bridges,M. Bridges,,,,,Right Corner 3,24+ Right,22.92,Missed,,,,,,,,,,,,,,,,,,
380,PT06M40.00S,2025-04-09T01:06:06.7Z,3,REGULAR,rebound,offensive,[],1628404,,,1610612752,64,70,2025-04-09T01:06:11Z,3750000,False,,,0,,J. Hart REBOUND (Off:2 Def:4),[1628404],1610612752.0,NYK,,,,Hart,J. Hart,,,,,Right Corner 3,24+ Right,,,379.0,6.0,4.0,2.0,,,,,,,,,,,,,,
381,PT06M40.00S,2025-04-09T01:06:09.2Z,3,REGULAR,2pt,Layup,"['2ndchance', 'pointsinthepaint']",1628404,5.590000152587891,50.0,1610612752,66,70,2025-04-09T01:06:15Z,3760000,False,0.0,0.0,1,left,J. Hart tip Layup (6 PTS),[1628404],1610612752.0,NYK,tip,,,Hart,J. Hart,,,,,Restricted Area,0-8 Center,0.0,Made,,,,,6.0,,,,,,,,,,,,,
384,PT06M19.00S,2025-04-09T01:06:27.0Z,3,REGULAR,3pt,Jump Shot,[],204001,55.1412614980289,79.65686274509804,1610612738,66,73,2025-04-09T01:06:32Z,3770000,False,148.0,369.0,1,right,K. Porziņģis 39' 3PT  (26 PTS),[204001],1610612738.0,BOS,,,,Porziņģis,K. Porziņģis,,,,,Above the Break 3,24+ Right Center,39.79,Made,,,,,26.0,,,,,,,,,,,,,
387,PT05M50.00S,2025-04-09T01:07:20.3Z,3,REGULAR,3pt,Jump Shot,[],1628973,33.196452036793694,43.13725490196079,1610612752,69,73,2025-04-09T01:07:24Z,3800000,False,34.0,260.0,1,left,J. Brunson 26' 3PT step back (18 PTS),[1628973],1610612752.0,NYK,step back,,,Brunson,J. Brunson,,,,,Above the Break 3,24+ Center,26.18,Made,,,,,18.0,,,,,,,,,,,,,
388,PT05M32.00S,2025-04-09T01:07:39.7Z,3,REGULAR,foul,personal,['2freethrow'],1628969,,,1610612738,69,73,2025-04-09T01:07:47Z,3810000,False,,,0,,M. Bridges shooting personal FOUL (4 PF) (Porziņģis 2 FT),"[1628969, 204001]",1610612752.0,NYK,shooting,,,Bridges,M. Bridges,,,,,Restricted Area,0-8 Center,,,,,,,,,,,202901.0,,,,4.0,0.0,Porziņģis,204001.0,,
390,PT05M32.00S,2025-04-09T01:08:19.6Z,3,REGULAR,freethrow,1 of 2,[],204001,,,1610612738,69,73,2025-04-09T01:08:19Z,3830000,False,,,0,,MISS K. Porziņģis Free Throw 1 of 2,[204001],1610612738.0,BOS,,,,Porziņģis,K. Porziņģis,,,,,,,,Missed,,,,,,,,,,,,,,,,,,
391,PT05M32.00S,2025-04-09T01:08:19.6Z,3,REGULAR,rebound,offensive,"['deadball', 'team']",0,,,1610612738,69,73,2025-04-09T01:08:19Z,3840000,False,,,0,,TEAM offensive REBOUND,[],1610612738.0,BOS,,,,,,,,,,,,,,390.0,,,,,,,,,,,,,,,,,
392,PT05M32.00S,2025-04-09T01:08:19.7Z,3,REGULAR,substitution,out,[],1628969,,,1610612738,69,73,2025-04-09T01:08:30Z,3850000,False,,,0,,SUB out: M. Bridges,[1628969],1610612752.0,NYK,,,,Bridges,M. Bridges,,,,,,,,,,,,,,,,,,,,,,,,,,
393,PT05M32.00S,2025-04-09T01:08:19.7Z,3,REGULAR,substitution,out,[],1628401,,,1610612738,69,73,2025-04-09T01:08:30Z,3860000,False,,,0,,SUB out: D. White,[1628401],1610612738.0,BOS,,,,White,D. White,,,,,,,,,,,,,,,,,,,,,,,,,,
394,PT05M32.00S,2025-04-09T01:08:19.7Z,3,REGULAR,substitution,in,[],1630540,,,1610612738,69,73,2025-04-09T01:08:30Z,3870000,False,,,0,,SUB in: M. McBride,[1630540],1610612752.0,NYK,,,,McBride,M. McBride,,,,,,,,,,,,,,,,,,,,,,,,,,
395,PT05M32.00S,2025-04-09T01:08:19.7Z,3,REGULAR,substitution,in,[],1630202,,,1610612738,69,73,2025-04-09T01:08:30Z,3880000,False,,,0,,SUB in: P. Pritchard,[1630202],1610612738.0,BOS,,,,Pritchard,P. Pritchard,,,,,,,,,,,,,,,,,,,,,,,,,,
396,PT05M32.00S,2025-04-09T01:08:42.3Z,3,REGULAR,freethrow,2 of 2,[],204001,,,1610612738,69,74,2025-04-09T01:08:42Z,3890000,False,,,0,,K. Porziņģis Free Throw 2 of 2 (27 PTS),[204001],1610612738.0,BOS,,,,Porziņģis,K. Porziņģis,,,,,,,,Made,,,,,27.0,,,,,,,,,,,,,
397,PT05M25.00S,2025-04-09T01:08:54.7Z,3,REGULAR,2pt,Layup,['pointsinthepaint'],1628404,6.389618922470433,51.470588235294116,1610612752,71,74,2025-04-09T01:09:00Z,3900000,False,-7.0,8.0,1,left,J. Hart driving Layup (8 PTS) (K. Towns 1 AST),"[1628404, 1626157]",1610612752.0,NYK,driving,,,Hart,J. Hart,,,,,Restricted Area,0-8 Center,1.06,Made,,,,,8.0,K. Towns,1626157.0,1.0,,,,,,,,,,
399,PT05M25.00S,2025-04-09T01:08:56.9Z,3,REGULAR,foul,personal,['1freethrow'],204001,,,1610612752,71,74,2025-04-09T01:09:06Z,3920000,False,,,0,,K. Porziņģis shooting personal FOUL (2 PF) (Hart 1 FT),"[204001, 1628404]",1610612738.0,BOS,shooting,,,Porziņģis,K. Porziņģis,,,,,Restricted Area,0-8 Center,,,,,,,,,,,202901.0,,,,2.0,0.0,Hart,1628404.0,,
401,PT05M25.00S,2025-04-09T01:09:21.1Z,3,REGULAR,freethrow,1 of 1,[],1628404,,,1610612752,71,74,2025-04-09T01:09:23Z,3940000,False,,,0,,MISS J. Hart Free Throw 1 of 1,[1628404],1610612752.0,NYK,,,,Hart,J. Hart,,,,,,,,Missed,,,,,,,,,,,,,,,,,,
402,PT05M23.00S,2025-04-09T01:09:23.1Z,3,REGULAR,rebound,defensive,[],1627759,,,1610612738,71,74,2025-04-09T01:09:23Z,3950000,False,,,0,,J. Brown REBOUND (Off:0 Def:2),[1627759],1610612738.0,BOS,,,,Brown,J. Brown,,,,,,,,,401.0,2.0,2.0,0.0,,,,,,,,,,,,,,
403,PT05M14.00S,2025-04-09T01:09:31.4Z,3,REGULAR,2pt,Layup,['pointsinthepaint'],1627759,93.77463863337714,48.28431372549019,1610612738,71,76,2025-04-09T01:09:36Z,3960000,False,-9.0,6.0,1,right,J. Brown driving finger roll Layup (6 PTS),[1627759],1610612738.0,BOS,driving finger roll,,,Brown,J. Brown,,,,,Restricted Area,0-8 Center,1.05,Made,,,,,6.0,,,,,,,,,,,,,
404,PT04M57.00S,2025-04-09T01:09:47.6Z,3,REGULAR,3pt,Jump Shot,[],1628973,27.808804204993432,19.362745098039216,1610612752,71,76,2025-04-09T01:09:55Z,3970000,False,153.0,209.0,1,left,MISS J. Brunson 25' pullup 3PT,[1628973],1610612752.0,NYK,pullup,,,Brunson,J. Brunson,,,,,Above the Break 3,24+ Right Center,25.91,Missed,,,,,,,,,,,,,,,,,,
405,PT04M54.00S,2025-04-09T01:09:50.6Z,3,REGULAR,rebound,defensive,[],1627759,,,1610612738,71,76,2025-04-09T01:09:55Z,3980000,False,,,0,,J. Brown REBOUND (Off:0 Def:3),[1627759],1610612738.0,BOS,,,,Brown,J. Brown,,,,,Above the Break 3,24+ Right Center,,,404.0,3.0,3.0,0.0,,,,,,,,,,,,,,
406,PT04M52.00S,2025-04-09T01:09:53.8Z,3,REGULAR,turnover,out-of-bounds,[],1628369,,,1610612738,71,76,2025-04-09T01:09:58Z,3990000,False,,,0,,J. Tatum bad pass out-of-bounds TURNOVER (1 TO),[1628369],1610612738.0,BOS,bad pass,,,Tatum,J. Tatum,,,,,Above the Break 3,24+ Right Center,,,,,,,,,,,101283.0,1.0,,,,,,,,
407,PT04M52.00S,2025-04-09T01:09:53.9Z,3,REGULAR,substitution,out,[],1626157,,,1610612752,71,76,2025-04-09T01:10:06Z,4000000,False,,,0,,SUB out: K. Towns,[1626157],1610612752.0,NYK,,,,Towns,K. Towns,,,,,,,,,,,,,,,,,,,,,,,,,,
408,PT04M52.00S,2025-04-09T01:09:53.9Z,3,REGULAR,substitution,out,[],204001,,,1610612752,71,76,2025-04-09T01:10:06Z,4010000,False,,,0,,SUB out: K. Porziņģis,[204001],1610612738.0,BOS,,,,Porziņģis,K. Porziņģis,,,,,,,,,,,,,,,,,,,,,,,,,,
409,PT04M52.00S,2025-04-09T01:09:53.9Z,3,REGULAR,substitution,in,[],1629011,,,1610612752,71,76,2025-04-09T01:10:06Z,4020000,False,,,0,,SUB in: M. Robinson,[1629011],1610612752.0,NYK,,,,Robinson,M. Robinson,,,,,,,,,,,,,,,,,,,,,,,,,,
410,PT04M52.00S,2025-04-09T01:09:53.9Z,3,REGULAR,substitution,in,[],1628436,,,1610612752,71,76,2025-04-09T01:10:06Z,4030000,False,,,0,,SUB in: L. Kornet,[1628436],1610612738.0,BOS,,,,Kornet,L. Kornet,,,,,,,,,,,,,,,,,,,,,,,,,,
411,PT04M36.00S,2025-04-09T01:10:27.6Z,3,REGULAR,2pt,Layup,"['pointsinthepaint', 'fromturnover']",1628384,6.783837056504599,48.28431372549019,1610612752,71,76,2025-04-09T01:10:31Z,4040000,False,9.0,11.0,1,left,MISS O. Anunoby driving Layup - blocked,"[1628384, 1628436]",1610612752.0,NYK,driving,,,Anunoby,O. Anunoby,,,,,Restricted Area,0-8 Center,1.42,Missed,,,,,,,,,,,,,,,,,Kornet,1628436.0
412,PT04M36.00S,2025-04-09T01:10:27.6Z,3,REGULAR,block,,[],1628436,,,1610612752,71,76,2025-04-09T01:10:29Z,4050000,False,,,0,,L. Kornet BLOCK (1 BLK),[1628436],1610612738.0,BOS,,,,Kornet,L. Kornet,,,,,Restricted Area,0-8 Center,,,,,,,,,,,,,,,,,,,,
413,PT04M34.00S,2025-04-09T01:10:29.6Z,3,REGULAR,rebound,defensive,[],1627759,,,1610612738,71,76,2025-04-09T01:10:31Z,4060000,False,,,0,,J. Brown REBOUND (Off:0 Def:4),[1627759],1610612738.0,BOS,,,,Brown,J. Brown,,,,,Restricted Area,0-8 Center,,,411.0,4.0,4.0,0.0,,,,,,,,,,,,,,
414,PT04M28.00S,2025-04-09T01:10:35.1Z,3,REGULAR,turnover,bad pass,[],1630202,,,1610612738,71,76,2025-04-09T01:10:38Z,4070000,False,,,0,,P. Pritchard bad pass TURNOVER (1 TO),"[1630202, 1628384]",1610612738.0,BOS,,,,Pritchard,P. Pritchard,,,,,Mid-Range,16-24 Left,,,,,,,,,,,,1.0,Anunoby,1628384.0,,,,,,
415,PT04M28.00S,2025-04-09T01:10:35.1Z,3,REGULAR,steal,,[],1628384,,,1610612752,71,76,2025-04-09T01:10:36Z,4080000,False,,,0,,O. Anunoby STEAL (2 STL),[1628384],1610612752.0,NYK,,,,Anunoby,O. Anunoby,,,,,Mid-Range,16-24 Left,,,,,,,,,,,,,,,,,,,,
416,PT04M24.00S,2025-04-09T01:10:40.1Z,3,REGULAR,turnover,lost ball,[],1628404,,,1610612752,71,76,2025-04-09T01:10:42Z,4090000,False,,,0,,J. Hart lost ball TURNOVER (1 TO),"[1628404, 1630202]",1610612752.0,NYK,,,,Hart,J. Hart,,,,,In The Paint (Non-RA),0-8 Center,,,,,,,,,,,,1.0,Pritchard,1630202.0,,,,,,
417,PT04M24.00S,2025-04-09T01:10:40.1Z,3,REGULAR,steal,,[],1630202,,,1610612738,71,76,2025-04-09T01:10:41Z,4100000,False,,,0,,P. Pritchard STEAL (1 STL),[1630202],1610612738.0,BOS,,,,Pritchard,P. Pritchard,,,,,In The Paint (Non-RA),0-8 Center,,,,,,,,,,,,,,,,,,,,
418,PT04M14.00S,2025-04-09T01:10:49.7Z,3,REGULAR,2pt,Jump Shot,"['pointsinthepaint', 'fromturnover']",1627759,82.07950065703022,48.529411764705884,1610612738,71,76,2025-04-09T01:10:52Z,4110000,False,-7.0,116.0,1,right,MISS J. Brown 11' fadeaway Shot,[1627759],1610612738.0,BOS,fadeaway,,,Brown,J. Brown,,,,,In The Paint (Non-RA),8-16 Center,11.62,Missed,,,,,,,,,,,,,,,,,,
419,PT04M12.00S,2025-04-09T01:10:51.7Z,3,REGULAR,rebound,defensive,[],1628404,,,1610612752,71,76,2025-04-09T01:10:52Z,4120000,False,,,0,,J. Hart REBOUND (Off:2 Def:5),[1628404],1610612752.0,NYK,,,,Hart,J. Hart,,,,,In The Paint (Non-RA),8-16 Center,,,418.0,7.0,5.0,2.0,,,,,,,,,,,,,,
420,PT04M06.00S,2025-04-09T01:10:58.2Z,3,REGULAR,3pt,Jump Shot,[],1628973,31.882391590013142,28.921568627450984,1610612752,71,76,2025-04-09T01:11:02Z,4130000,False,105.0,247.0,1,left,MISS J. Brunson 26' pullup 3PT,[1628973],1610612752.0,NYK,pullup,,,Brunson,J. Brunson,,,,,Above the Break 3,24+ Right Center,26.87,Missed,,,,,,,,,,,,,,,,,,
421,PT04M03.00S,2025-04-09T01:11:01.2Z,3,REGULAR,rebound,offensive,[],1630540,,,1610612752,71,76,2025-04-09T01:11:09Z,4140000,False,,,0,,M. McBride REBOUND (Off:3 Def:0),[1630540],1610612752.0,NYK,,,,McBride,M. McBride,,,,,Above the Break 3,24+ Right Center,,,420.0,3.0,0.0,3.0,,,,,,,,,,,,,,
422,PT04M00.00S,2025-04-09T01:11:03.6Z,3,REGULAR,3pt,Jump Shot,['2ndchance'],1630540,27.808804204993432,17.401960784313726,1610612752,74,76,2025-04-09T01:11:07Z,4150000,False,163.0,209.0,1,left,M. McBride 26' 3PT  (5 PTS) (J. Hart 6 AST),"[1630540, 1628404]",1610612752.0,NYK,,,,McBride,M. McBride,,,,,Above the Break 3,24+ Right Center,26.5,Made,,,,,5.0,J. Hart,1628404.0,6.0,,,,,,,,,,
424,PT03M38.00S,2025-04-09T01:11:26.5Z,3,REGULAR,turnover,lost ball,[],1628369,,,1610612738,74,76,2025-04-09T01:11:30Z,4170000,False,,,0,,J. Tatum lost ball TURNOVER (2 TO),"[1628369, 1629011]",1610612738.0,BOS,,,,Tatum,J. Tatum,,,,,Mid-Range,16-24 Center,,,,,,,,,,,,2.0,Robinson,1629011.0,,,,,,
425,PT03M38.00S,2025-04-09T01:11:26.5Z,3,REGULAR,steal,,[],1629011,,,1610612752,74,76,2025-04-09T01:11:28Z,4180000,False,,,0,,M. Robinson STEAL (1 STL),[1629011],1610612752.0,NYK,,,,Robinson,M. Robinson,,,,,Mid-Range,16-24 Center,,,,,,,,,,,,,,,,,,,,
426,PT03M34.00S,2025-04-09T01:11:30.2Z,3,REGULAR,2pt,DUNK,"['fastbreak', 'pointsinthepaint', 'fromturnover']",1628384,5.601182654402102,49.50980392156863,1610612752,76,76,2025-04-09T01:11:41Z,4190000,False,2.0,0.0,1,left,O. Anunoby running DUNK (7 PTS) (J. Brunson 5 AST),"[1628384, 1628973]",1610612752.0,NYK,running,,,Anunoby,O. Anunoby,,,,,Restricted Area,0-8 Center,0.25,Made,,,,,7.0,J. Brunson,1628973.0,5.0,,,,,,,,,,
428,PT03M34.00S,2025-04-09T01:11:35.7Z,3,REGULAR,timeout,full,['team'],0,,,1610612738,76,76,2025-04-09T01:11:35Z,4210000,False,,,0,,BOS Timeout,[],1610612738.0,BOS,,,,,,,,,,,,,,,,,,,,,,,,,,,,,,,
429,PT03M15.00S,2025-04-09T01:15:19.1Z,3,REGULAR,3pt,Jump Shot,[],1628369,66.96780551905388,48.03921568627451,1610612738,76,76,2025-04-09T01:15:23Z,4220000,False,-10.0,258.0,1,right,MISS J. Tatum 25' pullup 3PT,[1628369],1610612738.0,BOS,pullup,,,Tatum,J. Tatum,,,,,Above the Break 3,24+ Center,25.82,Missed,,,,,,,,,,,,,,,,,,
430,PT03M13.00S,2025-04-09T01:15:21.1Z,3,REGULAR,rebound,defensive,[],1628404,,,1610612752,76,76,2025-04-09T01:15:23Z,4230000,False,,,0,,J. Hart REBOUND (Off:2 Def:6),[1628404],1610612752.0,NYK,,,,Hart,J. Hart,,,,,Above the Break 3,24+ Center,,,429.0,8.0,6.0,2.0,,,,,,,,,,,,,,
431,PT03M00.00S,2025-04-09T01:15:34.5Z,3,REGULAR,2pt,Jump Shot,['pointsinthepaint'],1628973,12.828515111695138,62.00980392156863,1610612752,76,76,2025-04-09T01:15:42Z,4240000,False,-60.0,68.0,1,left,MISS J. Brunson 9' pullup Shot,[1628973],1610612752.0,NYK,pullup,,,Brunson,J. Brunson,,,,,In The Paint (Non-RA),8-16 Left,9.08,Missed,,,,,,,,,,,,,,,,,,
432,PT02M57.00S,2025-04-09T01:15:37.5Z,3,REGULAR,rebound,offensive,[],1629011,,,1610612752,76,76,2025-04-09T01:15:42Z,4250000,False,,,0,,M. Robinson REBOUND (Off:3 Def:3),[1629011],1610612752.0,NYK,,,,Robinson,M. Robinson,,,,,In The Paint (Non-RA),8-16 Left,,,431.0,6.0,3.0,3.0,,,,,,,,,,,,,,
433,PT02M56.00S,2025-04-09T01:15:39.1Z,3,REGULAR,3pt,Jump Shot,['2ndchance'],1630540,28.991458607095925,22.794117647058822,1610612752,76,76,2025-04-09T01:15:46Z,4260000,False,136.0,220.0,1,left,MISS M. McBride 25' 3PT,[1630540],1610612752.0,NYK,,,,McBride,M. McBride,,,,,Above the Break 3,24+ Right Center,25.86,Missed,,,,,,,,,,,,,,,,,,
434,PT02M53.00S,2025-04-09T01:15:42.1Z,3,REGULAR,rebound,defensive,[],1627759,,,1610612738,76,76,2025-04-09T01:15:46Z,4270000,False,,,0,,J. Brown REBOUND (Off:0 Def:5),[1627759],1610612738.0,BOS,,,,Brown,J. Brown,,,,,Above the Break 3,24+ Right Center,,,433.0,5.0,5.0,0.0,,,,,,,,,,,,,,
435,PT02M46.00S,2025-04-09T01:15:51.2Z,3,REGULAR,foul,offensive,[],1628436,,,1610612738,76,76,2025-04-09T01:15:59Z,4280000,False,,,0,,L. Kornet offensive FOUL (3 PF),"[1628436, 1628404]",1610612738.0,BOS,,,,Kornet,L. Kornet,,,,,Above the Break 3,24+ Center,,,,,,,,,,,101284.0,,,,3.0,0.0,Hart,1628404.0,,
437,PT02M46.00S,2025-04-09T01:15:51.2Z,3,REGULAR,turnover,offensive foul,[],1628436,,,1610612738,76,76,2025-04-09T01:15:51Z,4300000,False,,,0,,L. Kornet offensive foul TURNOVER (2 TO),[1628436],1610612738.0,BOS,,,,Kornet,L. Kornet,,,,,Above the Break 3,24+ Center,,,,,,,,,,,101284.0,2.0,,,,,,,,
438,PT02M46.00S,2025-04-09T01:15:51.3Z,3,REGULAR,substitution,out,[],1628973,,,1610612752,76,76,2025-04-09T01:16:06Z,4310000,False,,,0,,SUB out: J. Brunson,[1628973],1610612752.0,NYK,,,,Brunson,J. Brunson,,,,,,,,,,,,,,,,,,,,,,,,,,
439,PT02M46.00S,2025-04-09T01:15:51.3Z,3,REGULAR,substitution,out,[],1627759,,,1610612752,76,76,2025-04-09T01:16:06Z,4320000,False,,,0,,SUB out: J. Brown,[1627759],1610612738.0,BOS,,,,Brown,J. Brown,,,,,,,,,,,,,,,,,,,,,,,,,,
440,PT02M46.00S,2025-04-09T01:15:51.3Z,3,REGULAR,substitution,in,[],1626166,,,1610612752,76,76,2025-04-09T01:16:06Z,4330000,False,,,0,,SUB in: C. Payne,[1626166],1610612752.0,NYK,,,,Payne,C. Payne,,,,,,,,,,,,,,,,,,,,,,,,,,
441,PT02M46.00S,2025-04-09T01:15:51.3Z,3,REGULAR,substitution,in,[],1630573,,,1610612752,76,76,2025-04-09T01:16:06Z,4340000,False,,,0,,SUB in: S. Hauser,[1630573],1610612738.0,BOS,,,,Hauser,S. Hauser,,,,,,,,,,,,,,,,,,,,,,,,,,
442,PT02M21.00S,2025-04-09T01:16:35.9Z,3,REGULAR,2pt,Jump Shot,"['pointsinthepaint', 'fromturnover']",1628384,14.273981603153747,46.07843137254902,1610612752,78,76,2025-04-09T01:16:39Z,4350000,False,20.0,82.0,1,left,O. Anunoby 8' driving floating Jump Shot (9 PTS) (C. Payne 2 AST),"[1628384, 1626166]",1610612752.0,NYK,driving floating,,,Anunoby,O. Anunoby,,,,,In The Paint (Non-RA),8-16 Center,8.4,Made,,,,,9.0,C. Payne,1626166.0,2.0,,,,,,,,,,
443,PT02M08.00S,2025-04-09T01:16:48.7Z,3,REGULAR,3pt,Jump Shot,[],1630573,68.67608409986859,78.92156862745098,1610612738,78,76,2025-04-09T01:16:54Z,4360000,False,145.0,242.0,1,right,MISS S. Hauser 28' 3PT,[1630573],1610612738.0,BOS,,,,Hauser,S. Hauser,,,,,Above the Break 3,24+ Right Center,28.18,Missed,,,,,,,,,,,,,,,,,,
444,PT02M06.00S,2025-04-09T01:16:50.7Z,3,REGULAR,rebound,defensive,[],1628384,,,1610612752,78,76,2025-04-09T01:16:54Z,4370000,False,,,0,,O. Anunoby REBOUND (Off:1 Def:4),[1628384],1610612752.0,NYK,,,,Anunoby,O. Anunoby,,,,,Above the Break 3,24+ Right Center,,,443.0,5.0,4.0,1.0,,,,,,,,,,,,,,
445,PT01M55.00S,2025-04-09T01:17:02.1Z,3,REGULAR,2pt,Layup,['pointsinthepaint'],1628384,12.434296977660972,50.73529411764706,1610612752,78,76,2025-04-09T01:24:48Z,4380000,False,-4.0,64.0,1,left,MISS O. Anunoby 6' driving Layup,[1628384],1610612752.0,NYK,driving,,,Anunoby,O. Anunoby,,,,,In The Paint (Non-RA),0-8 Center,6.45,Missed,,,,,,,,,,,,,,,,,,
446,PT01M54.00S,2025-04-09T01:17:03.1Z,3,REGULAR,rebound,defensive,['team'],0,,,1610612738,78,76,2025-04-09T01:17:08Z,4390000,False,,,0,,TEAM defensive REBOUND,[],1610612738.0,BOS,,,,,,,,,,In The Paint (Non-RA),0-8 Center,,,445.0,,,,,,,,,,,,,,,,,
449,PT01M36.00S,2025-04-09T01:17:32.3Z,3,REGULAR,2pt,Jump Shot,['pointsinthepaint'],201950,93.51182654402102,39.705882352941174,1610612738,78,78,2025-04-09T01:17:36Z,4410000,False,-51.0,8.0,1,right,J. Holiday driving floating bank Jump Shot (9 PTS) (J. Tatum 3 AST),"[201950, 1628369]",1610612738.0,BOS,driving floating bank,,,Holiday,J. Holiday,,,,,In The Paint (Non-RA),0-8 Center,5.22,Made,,,,,9.0,J. Tatum,1628369.0,3.0,,,,,,,,,,
451,PT01M26.00S,2025-04-09T01:17:44.5Z,3,REGULAR,foul,personal,[],1630202,,,1610612752,78,78,2025-04-09T01:17:52Z,4430000,False,,,0,,P. Pritchard personal FOUL (1 PF),"[1630202, 1630540]",1610612738.0,BOS,,,,Pritchard,P. Pritchard,,,,,In The Paint (Non-RA),0-8 Center,,,,,,,,,,,101284.0,,,,1.0,0.0,McBride,1630540.0,,
453,PT01M20.00S,2025-04-09T01:18:10.7Z,3,REGULAR,turnover,double dribble,[],1628384,,,1610612752,78,78,2025-04-09T01:18:15Z,4450000,False,,,0,,O. Anunoby double dribble TURNOVER (3 TO),[1628384],1610612752.0,NYK,,,,Anunoby,O. Anunoby,,,,,Mid-Range,16-24 Left,,,,,,,,,,,202901.0,3.0,,,,,,,,
454,PT01M09.00S,2025-04-09T01:18:32.7Z,3,REGULAR,3pt,Jump Shot,['fromturnover'],201950,68.80749014454665,71.32352941176471,1610612738,78,81,2025-04-09T01:18:36Z,4460000,False,107.0,241.0,1,right,J. Holiday 26' 3PT  (12 PTS) (L. Kornet 1 AST),"[201950, 1628436]",1610612738.0,BOS,,,,Holiday,J. Holiday,,,,,Above the Break 3,24+ Right Center,26.32,Made,,,,,12.0,L. Kornet,1628436.0,1.0,,,,,,,,,,
456,PT00M52.80S,2025-04-09T01:18:50.0Z,3,REGULAR,3pt,Jump Shot,[],1630540,27.677398160315374,75.98039215686273,1610612752,78,81,2025-04-09T01:18:54Z,4480000,False,-130.0,208.0,1,left,MISS M. McBride 24' step back 3PT,[1630540],1610612752.0,NYK,step back,,,McBride,M. McBride,,,,,Above the Break 3,24+ Left Center,24.5,Missed,,,,,,,,,,,,,,,,,,
457,PT00M50.00S,2025-04-09T01:18:52.8Z,3,REGULAR,rebound,defensive,[],1628369,,,1610612738,78,81,2025-04-09T01:18:54Z,4490000,False,,,0,,J. Tatum REBOUND (Off:0 Def:7),[1628369],1610612738.0,BOS,,,,Tatum,J. Tatum,,,,,Above the Break 3,24+ Left Center,,,456.0,7.0,7.0,0.0,,,,,,,,,,,,,,
458,PT00M44.70S,2025-04-09T01:18:58.8Z,3,REGULAR,turnover,out-of-bounds,[],201950,,,1610612738,78,81,2025-04-09T01:19:03Z,4500000,False,,,0,,J. Holiday bad pass out-of-bounds TURNOVER (1 TO),[201950],1610612738.0,BOS,bad pass,,,Holiday,J. Holiday,,,,,Mid-Range,8-16 Left,,,,,,,,,,,101283.0,1.0,,,,,,,,
459,PT00M30.10S,2025-04-09T01:19:23.1Z,3,REGULAR,3pt,Jump Shot,['fromturnover'],1628404,29.25427069645204,19.852941176470587,1610612752,78,81,2025-04-09T01:19:26Z,4510000,False,151.0,222.0,1,left,MISS J. Hart 26' 3PT,[1628404],1610612752.0,NYK,,,,Hart,J. Hart,,,,,Above the Break 3,24+ Right Center,26.87,Missed,,,,,,,,,,,,,,,,,,
460,PT00M27.60S,2025-04-09T01:19:25.6Z,3,REGULAR,rebound,defensive,[],201950,,,1610612738,78,81,2025-04-09T01:19:26Z,4520000,False,,,0,,J. Holiday REBOUND (Off:1 Def:2),[201950],1610612738.0,BOS,,,,Holiday,J. Holiday,,,,,Above the Break 3,24+ Right Center,,,459.0,3.0,2.0,1.0,,,,,,,,,,,,,,
461,PT00M11.60S,2025-04-09T01:19:43.5Z,3,REGULAR,2pt,Layup,['pointsinthepaint'],201950,93.51182654402102,52.69607843137255,1610612738,78,81,2025-04-09T01:19:58Z,4530000,False,13.0,8.0,1,right,MISS J. Holiday Layup - blocked,"[201950, 1628384]",1610612738.0,BOS,,,,Holiday,J. Holiday,,,,,Restricted Area,0-8 Center,1.6,Missed,,,,,,,,,,,,,,,,,Anunoby,1628384.0
517,PT00M11.60S,2025-04-09T01:19:43.5Z,3,REGULAR,block,,[],1628384,,,1610612738,78,81,2025-04-09T01:33:15Z,4535000,False,,,0,,O. Anunoby BLOCK (2 BLK),[1628384],1610612752.0,NYK,,,,Anunoby,O. Anunoby,,,,,Restricted Area,0-8 Center,,,,,,,,,,,,,,,,,,,,
462,PT00M10.30S,2025-04-09T01:19:44.8Z,3,REGULAR,rebound,offensive,[],1628436,,,1610612738,78,81,2025-04-09T01:19:58Z,4540000,False,,,0,,L. Kornet REBOUND (Off:1 Def:0),[1628436],1610612738.0,BOS,,,,Kornet,L. Kornet,,,,,Restricted Area,0-8 Center,,,461.0,1.0,0.0,1.0,,,,,,,,,,,,,,
463,PT00M09.30S,2025-04-09T01:19:54.4Z,3,REGULAR,2pt,Layup,"['pointsinthepaint', '2ndchance']",1628436,92.59198423127464,51.9607843137255,1610612738,78,81,2025-04-09T01:20:04Z,4550000,False,10.0,17.0,1,right,MISS L. Kornet putback Layup - blocked,"[1628436, 1629011]",1610612738.0,BOS,putback,,,Kornet,L. Kornet,,,,,Restricted Area,0-8 Center,1.97,Missed,,,,,,,,,,,,,,,,,Robinson,1629011.0
464,PT00M09.30S,2025-04-09T01:19:54.4Z,3,REGULAR,block,,[],1629011,,,1610612738,78,81,2025-04-09T01:19:56Z,4560000,False,,,0,,M. Robinson BLOCK (1 BLK),[1629011],1610612752.0,NYK,,,,Robinson,M. Robinson,,,,,Restricted Area,0-8 Center,,,,,,,,,,,,,,,,,,,,
465,PT00M08.30S,2025-04-09T01:19:55.4Z,3,REGULAR,rebound,offensive,['team'],0,,,1610612738,78,81,2025-04-09T01:20:04Z,4570000,False,,,0,,TEAM offensive REBOUND,[],1610612738.0,BOS,,,,,,,,,,Restricted Area,0-8 Center,,,463.0,,,,,,,,,,,,,,,,,
467,PT00M08.30S,2025-04-09T01:19:59.3Z,3,REGULAR,substitution,out,[],1628436,,,1610612738,78,81,2025-04-09T01:20:09Z,4590000,False,,,0,,SUB out: L. Kornet,[1628436],1610612738.0,BOS,,,,Kornet,L. Kornet,,,,,,,,,,,,,,,,,,,,,,,,,,
468,PT00M08.30S,2025-04-09T01:19:59.3Z,3,REGULAR,substitution,in,[],1628401,,,1610612738,78,81,2025-04-09T01:20:09Z,4600000,False,,,0,,SUB in: D. White,[1628401],1610612738.0,BOS,,,,White,D. White,,,,,,,,,,,,,,,,,,,,,,,,,,
469,PT00M03.90S,2025-04-09T01:20:25.2Z,3,REGULAR,foul,personal,[],1628404,,,1610612738,78,81,2025-04-09T01:20:31Z,4610000,False,,,0,,J. Hart personal FOUL (2 PF),"[1628404, 1628369]",1610612752.0,NYK,,,,Hart,J. Hart,,,,,Above the Break 3,24+ Center,,,,,,,,,,,101284.0,,,,2.0,0.0,Tatum,1628369.0,,
471,PT00M03.90S,2025-04-09T01:20:25.3Z,3,REGULAR,substitution,out,[],1629011,,,1610612738,78,81,2025-04-09T01:20:44Z,4630000,False,,,0,,SUB out: M. Robinson,[1629011],1610612752.0,NYK,,,,Robinson,M. Robinson,,,,,,,,,,,,,,,,,,,,,,,,,,
472,PT00M03.90S,2025-04-09T01:20:25.3Z,3,REGULAR,substitution,in,[],1628969,,,1610612738,78,81,2025-04-09T01:20:44Z,4640000,False,,,0,,SUB in: M. Bridges,[1628969],1610612752.0,NYK,,,,Bridges,M. Bridges,,,,,,,,,,,,,,,,,,,,,,,,,,
473,PT00M00.00S,2025-04-09T01:21:03.0Z,3,REGULAR,2pt,Jump Shot,['2ndchance'],1628369,96.13994743758212,13.23529411764706,1610612738,78,83,2025-04-09T01:21:08Z,4650000,False,-184.0,-16.0,1,right,J. Tatum 18' turnaround fadeaway Jump Shot (19 PTS) (D. White 7 AST),"[1628369, 1628401]",1610612738.0,BOS,turnaround fadeaway,,,Tatum,J. Tatum,,,,,Mid-Range,16-24 Left,18.45,Made,,,,,19.0,D. White,1628401.0,7.0,,,,,,,,,,
476,PT00M00.00S,2025-04-09T01:21:51.1Z,3,REGULAR,period,end,[],0,,,1610612752,78,83,2025-04-09T01:21:51Z,4680000,False,,,0,,Period End,[],,,,,,,,,,,,,,,,,,,,,,,,,,,,,,,,,
477,PT12M00.00S,2025-04-09T01:24:05.8Z,4,REGULAR,substitution,out,['startperiod'],1628384,,,1610612752,78,83,2025-04-09T01:24:36Z,4690000,False,,,0,,SUB out: O. Anunoby,[1628384],1610612752.0,NYK,,,,Anunoby,O. Anunoby,,,,,,,,,,,,,,,,,,,,,,,,,,
478,PT12M00.00S,2025-04-09T01:24:05.8Z,4,REGULAR,substitution,out,['startperiod'],201950,,,1610612752,78,83,2025-04-09T01:24:36Z,4700000,False,,,0,,SUB out: J. Holiday,[201950],1610612738.0,BOS,,,,Holiday,J. Holiday,,,,,,,,,,,,,,,,,,,,,,,,,,
479,PT12M00.00S,2025-04-09T01:24:05.8Z,4,REGULAR,substitution,in,['startperiod'],1629011,,,1610612752,78,83,2025-04-09T01:24:36Z,4710000,False,,,0,,SUB in: M. Robinson,[1629011],1610612752.0,NYK,,,,Robinson,M. Robinson,,,,,,,,,,,,,,,,,,,,,,,,,,
480,PT12M00.00S,2025-04-09T01:24:05.8Z,4,REGULAR,substitution,in,['startperiod'],204001,,,1610612752,78,83,2025-04-09T01:24:36Z,4720000,False,,,0,,SUB in: K. Porziņģis,[204001],1610612738.0,BOS,,,,Porziņģis,K. Porziņģis,,,,,,,,,,,,,,,,,,,,,,,,,,
481,PT12M00.00S,2025-04-09T01:24:46.2Z,4,REGULAR,period,start,[],0,,,1610612752,78,83,2025-04-09T01:24:46Z,4730000,False,,,0,,Period Start,[],,,,,,,,,,,,,,,,,,,,,,,,,,,,,,,,,
482,PT11M51.00S,2025-04-09T01:24:55.0Z,4,REGULAR,2pt,Jump Shot,['pointsinthepaint'],1626166,14.931011826544022,49.01960784313725,1610612752,80,83,2025-04-09T01:24:59Z,4740000,False,5.0,88.0,1,left,C. Payne 8' driving floating Jump Shot (4 PTS) (M. McBride 1 AST),"[1626166, 1630540]",1610612752.0,NYK,driving floating,,,Payne,C. Payne,,,,,In The Paint (Non-RA),8-16 Center,8.8,Made,,,,,4.0,M. McBride,1630540.0,1.0,,,,,,,,,,
483,PT11M24.00S,2025-04-09T01:25:21.1Z,4,REGULAR,3pt,Jump Shot,[],1630573,92.46057818659659,97.30392156862744,1610612738,80,83,2025-04-09T01:25:25Z,4750000,False,237.0,18.0,1,right,MISS S. Hauser 3PT,[1630573],1610612738.0,BOS,,,,Hauser,S. Hauser,,,,,Right Corner 3,24+ Right,23.72,Missed,,,,,,,,,,,,,,,,,,
484,PT11M22.00S,2025-04-09T01:25:23.5Z,4,REGULAR,rebound,offensive,[],1630202,,,1610612738,80,83,2025-04-09T01:25:23Z,4760000,False,,,0,,P. Pritchard REBOUND (Off:1 Def:3),[1630202],1610612738.0,BOS,,,,Pritchard,P. Pritchard,,,,,Right Corner 3,24+ Right,,,483.0,4.0,3.0,1.0,,,,,,,,,,,,,,
485,PT11M18.00S,2025-04-09T01:25:27.1Z,4,REGULAR,3pt,Jump Shot,['2ndchance'],1628401,85.23324572930355,1.2254901960784315,1610612738,80,86,2025-04-09T01:25:31Z,4770000,False,-244.0,86.0,1,right,D. White 25' 3PT  (11 PTS) (K. Porziņģis 3 AST),"[1628401, 204001]",1610612738.0,BOS,,,,White,D. White,,,,,Left Corner 3,24+ Left,25.87,Made,,,,,11.0,K. Porziņģis,204001.0,3.0,,,,,,,,,,
487,PT10M56.00S,2025-04-09T01:25:50.3Z,4,REGULAR,2pt,Jump Shot,['pointsinthepaint'],1626166,8.886333771353483,62.5,1610612752,80,86,2025-04-09T01:25:59Z,4790000,False,-62.0,31.0,1,left,MISS C. Payne 6' driving floating Shot,[1626166],1610612752.0,NYK,driving floating,,,Payne,C. Payne,,,,,In The Paint (Non-RA),0-8 Center,6.98,Missed,,,,,,,,,,,,,,,,,,
489,PT10M55.00S,2025-04-09T01:25:51.3Z,4,REGULAR,rebound,offensive,['team'],0,,,1610612752,80,86,2025-04-09T01:25:59Z,4810000,False,,,0,,TEAM offensive REBOUND,[],1610612752.0,NYK,,,,,,,,,,In The Paint (Non-RA),0-8 Center,,,487.0,,,,,,,,,,,,,,,,,
491,PT10M50.00S,2025-04-09T01:27:07.9Z,4,REGULAR,2pt,Layup,"['pointsinthepaint', '2ndchance']",1628404,6.389618922470433,46.07843137254902,1610612752,80,86,2025-04-09T01:27:13Z,4830000,False,20.0,8.0,1,left,MISS J. Hart driving Layup,[1628404],1610612752.0,NYK,driving,,,Hart,J. Hart,,,,,Restricted Area,0-8 Center,2.1,Missed,,,,,,,,,,,,,,,,,,
493,PT10M47.00S,2025-04-09T01:27:10.9Z,4,REGULAR,rebound,defensive,[],1630202,,,1610612738,80,86,2025-04-09T01:27:19Z,4850000,False,,,0,,P. Pritchard REBOUND (Off:1 Def:4),[1630202],1610612738.0,BOS,,,,Pritchard,P. Pritchard,,,,,Restricted Area,0-8 Center,,,491.0,5.0,4.0,1.0,,,,,,,,,,,,,,
494,PT10M29.00S,2025-04-09T01:27:28.8Z,4,REGULAR,3pt,Jump Shot,[],1628369,72.7496714848883,19.607843137254903,1610612738,80,86,2025-04-09T01:36:42Z,4860000,False,-152.0,204.0,1,right,MISS J. Tatum 25' pullup 3PT - blocked,"[1628369, 1629011]",1610612738.0,BOS,pullup,,,Tatum,J. Tatum,,,,,Above the Break 3,24+ Left Center,25.42,Missed,,,,,,,,,,,,,,,,,Robinson,1629011.0
495,PT10M29.00S,2025-04-09T01:27:28.8Z,4,REGULAR,block,,[],1629011,,,1610612738,80,86,2025-04-09T01:27:32Z,4870000,False,,,0,,M. Robinson BLOCK (2 BLK),[1629011],1610612752.0,NYK,,,,Robinson,M. Robinson,,,,,Above the Break 3,24+ Left Center,,,,,,,,,,,,,,,,,,,,
496,PT10M26.00S,2025-04-09T01:27:31.8Z,4,REGULAR,rebound,defensive,[],1630540,,,1610612752,80,86,2025-04-09T01:27:35Z,4880000,False,,,0,,M. McBride REBOUND (Off:3 Def:1),[1630540],1610612752.0,NYK,,,,McBride,M. McBride,,,,,Above the Break 3,24+ Left Center,,,494.0,4.0,1.0,3.0,,,,,,,,,,,,,,
497,PT10M20.00S,2025-04-09T01:27:37.6Z,4,REGULAR,3pt,Jump Shot,[],1626166,23.47240473061761,10.294117647058822,1610612752,83,86,2025-04-09T01:38:33Z,4890000,False,199.0,168.0,1,left,C. Payne 26' 3PT  (7 PTS) (M. Bridges 4 AST),"[1626166, 1628969]",1610612752.0,NYK,,,,Payne,C. Payne,,,,,Above the Break 3,24+ Right Center,26.01,Made,,,,,7.0,M. Bridges,1628969.0,4.0,,,,,,,,,,
499,PT09M59.00S,2025-04-09T01:27:58.3Z,4,REGULAR,2pt,Layup,['pointsinthepaint'],1630202,93.64323258869908,47.549019607843135,1610612738,83,88,2025-04-09T01:39:11Z,4910000,False,-12.0,7.0,1,right,P. Pritchard cutting Layup (6 PTS) (D. White 8 AST),"[1630202, 1628401]",1610612738.0,BOS,cutting,,,Pritchard,P. Pritchard,,,,,Restricted Area,0-8 Center,1.43,Made,,,,,6.0,D. White,1628401.0,8.0,,,,,,,,,,
501,PT09M38.00S,2025-04-09T01:28:20.1Z,4,REGULAR,2pt,Layup,['pointsinthepaint'],1626166,9.280551905387648,50.98039215686274,1610612752,83,88,2025-04-09T01:28:38Z,4930000,False,-5.0,35.0,1,left,MISS C. Payne driving finger roll Layup,[1626166],1610612752.0,NYK,driving finger roll,,,Payne,C. Payne,,,,,Restricted Area,0-8 Center,3.5,Missed,,,,,,,,,,,,,,,,,,
502,PT09M36.00S,2025-04-09T01:28:22.1Z,4,REGULAR,rebound,offensive,[],1629011,,,1610612752,83,88,2025-04-09T01:28:38Z,4940000,False,,,0,,M. Robinson REBOUND (Off:4 Def:3),[1629011],1610612752.0,NYK,,,,Robinson,M. Robinson,,,,,Restricted Area,0-8 Center,,,501.0,7.0,3.0,4.0,,,,,,,,,,,,,,
503,PT09M36.00S,2025-04-09T01:28:22.8Z,4,REGULAR,2pt,Layup,"['2ndchance', 'pointsinthepaint']",1629011,5.590000152587891,50.0,1610612752,83,88,2025-04-09T01:28:45Z,4950000,False,0.0,0.0,1,left,MISS M. Robinson tip Layup,[1629011],1610612752.0,NYK,tip,,,Robinson,M. Robinson,,,,,Restricted Area,0-8 Center,0.0,Missed,,,,,,,,,,,,,,,,,,
504,PT09M34.00S,2025-04-09T01:28:24.8Z,4,REGULAR,rebound,defensive,[],204001,,,1610612738,83,88,2025-04-09T01:28:45Z,4960000,False,,,0,,K. Porziņģis REBOUND (Off:0 Def:2),[204001],1610612738.0,BOS,,,,Porziņģis,K. Porziņģis,,,,,Restricted Area,0-8 Center,,,503.0,2.0,2.0,0.0,,,,,,,,,,,,,,
505,PT09M30.00S,2025-04-09T01:28:30.5Z,4,REGULAR,foul,personal,[],1630540,,,1610612738,83,88,2025-04-09T01:28:33Z,4970000,False,,,0,,M. McBride personal FOUL (3 PF),"[1630540, 1630202]",1610612752.0,NYK,,,,McBride,M. McBride,,,,,Mid-Range,8-16 Right,,,,,,,,,,,101283.0,,,,3.0,0.0,Pritchard,1630202.0,,
507,PT09M30.00S,2025-04-09T01:28:30.6Z,4,REGULAR,substitution,out,[],1629011,,,1610612738,83,88,2025-04-09T01:28:53Z,4990000,False,,,0,,SUB out: M. Robinson,[1629011],1610612752.0,NYK,,,,Robinson,M. Robinson,,,,,,,,,,,,,,,,,,,,,,,,,,
508,PT09M30.00S,2025-04-09T01:28:30.6Z,4,REGULAR,substitution,in,[],1626157,,,1610612738,83,88,2025-04-09T01:28:53Z,5000000,False,,,0,,SUB in: K. Towns,[1626157],1610612752.0,NYK,,,,Towns,K. Towns,,,,,,,,,,,,,,,,,,,,,,,,,,
509,PT09M24.00S,2025-04-09T01:29:12.2Z,4,REGULAR,3pt,Jump Shot,[],204001,65.1281208935611,28.921568627450984,1610612738,83,88,2025-04-09T01:29:17Z,5010000,False,-105.0,275.0,1,right,MISS K. Porziņģis 29' 3PT,[204001],1610612738.0,BOS,,,,Porziņģis,K. Porziņģis,,,,,Above the Break 3,24+ Left Center,29.48,Missed,,,,,,,,,,,,,,,,,,
510,PT09M21.00S,2025-04-09T01:29:15.2Z,4,REGULAR,rebound,defensive,[],1630540,,,1610612752,83,88,2025-04-09T01:29:17Z,5020000,False,,,0,,M. McBride REBOUND (Off:3 Def:2),[1630540],1610612752.0,NYK,,,,McBride,M. McBride,,,,,Above the Break 3,24+ Left Center,,,509.0,5.0,2.0,3.0,,,,,,,,,,,,,,
511,PT09M06.00S,2025-04-09T01:29:30.4Z,4,REGULAR,2pt,Hook,['pointsinthepaint'],1626157,8.360709592641262,49.01960784313725,1610612752,85,88,2025-04-09T01:29:45Z,5030000,False,5.0,26.0,1,left,K. Towns driving Hook (26 PTS),[1626157],1610612752.0,NYK,driving,,,Towns,K. Towns,,,,,Restricted Area,0-8 Center,2.66,Made,,,,,26.0,,,,,,,,,,,,,
513,PT08M48.00S,2025-04-09T01:29:47.1Z,4,REGULAR,3pt,Jump Shot,[],1628401,74.85216819973719,13.970588235294118,1610612738,85,91,2025-04-09T01:42:23Z,5050000,False,-180.0,184.0,1,right,D. White 25' 3PT step back (14 PTS),[1628401],1610612738.0,BOS,step back,,,White,D. White,,,,,Above the Break 3,24+ Left Center,25.74,Made,,,,,14.0,,,,,,,,,,,,,
514,PT08M32.00S,2025-04-09T01:30:03.1Z,4,REGULAR,3pt,Jump Shot,[],1626166,32.53942181340342,62.99019607843137,1610612752,85,91,2025-04-09T01:30:08Z,5060000,False,-65.0,253.0,1,left,MISS C. Payne 26' 3PT,[1626166],1610612752.0,NYK,,,,Payne,C. Payne,,,,,Above the Break 3,24+ Center,26.16,Missed,,,,,,,,,,,,,,,,,,
515,PT08M29.00S,2025-04-09T01:30:06.1Z,4,REGULAR,rebound,defensive,[],1630573,,,1610612738,85,91,2025-04-09T01:30:08Z,5070000,False,,,0,,S. Hauser REBOUND (Off:0 Def:1),[1630573],1610612738.0,BOS,,,,Hauser,S. Hauser,,,,,Above the Break 3,24+ Center,,,514.0,1.0,1.0,0.0,,,,,,,,,,,,,,
516,PT08M29.00S,2025-04-09T01:30:12.6Z,4,REGULAR,timeout,full,['team'],0,,,1610612738,85,91,2025-04-09T01:30:12Z,5080000,False,,,0,,BOS Timeout,[],1610612738.0,BOS,,,,,,,,,,,,,,,,,,,,,,,,,,,,,,,
519,PT08M14.00S,2025-04-09T01:33:55.7Z,4,REGULAR,turnover,lost ball,[],204001,,,1610612738,85,91,2025-04-09T01:34:00Z,5090000,False,,,0,,K. Porziņģis lost ball TURNOVER (1 TO),"[204001, 1630540]",1610612738.0,BOS,,,,Porziņģis,K. Porziņģis,,,,,Restricted Area,0-8 Center,,,,,,,,,,,,1.0,McBride,1630540.0,,,,,,
520,PT08M14.00S,2025-04-09T01:33:55.7Z,4,REGULAR,steal,,[],1630540,,,1610612752,85,91,2025-04-09T01:33:57Z,5100000,False,,,0,,M. McBride STEAL (1 STL),[1630540],1610612752.0,NYK,,,,McBride,M. McBride,,,,,Restricted Area,0-8 Center,,,,,,,,,,,,,,,,,,,,
526,PT08M03.00S,2025-04-09T01:33:56.3Z,4,REGULAR,2pt,DUNK,"['pointsinthepaint', 'fromturnover']",1626157,9.017739816031538,51.225490196078425,1610612752,85,91,2025-04-09T01:38:46Z,5120000,False,-6.0,32.0,1,left,MISS K. Towns driving DUNK,[1626157],1610612752.0,NYK,driving,,,Towns,K. Towns,,,,,Restricted Area,0-8 Center,3.29,Missed,,,,,,,,,,,,,,,,,,
527,PT08M02.00S,2025-04-09T01:33:57.3Z,4,REGULAR,rebound,defensive,['team'],0,,,1610612738,85,91,2025-04-09T01:38:46Z,5130000,False,,,0,,TEAM defensive REBOUND,[],1610612738.0,BOS,,,,,,,,,,Restricted Area,0-8 Center,,,526.0,,,,,,,,,,,,,,,,,
524,PT08M02.00S,2025-04-09T01:34:33.1Z,4,REGULAR,timeout,full,['team'],0,,,1610612738,85,91,2025-04-09T01:37:58Z,5140000,False,,,0,,BOS Timeout,[],1610612738.0,BOS,,,,,,,,,,,,,,,,,,,,,,,,,,,,,,,
528,PT07M50.00S,2025-04-09T01:38:35.5Z,4,REGULAR,turnover,bad pass,[],1628401,,,1610612738,85,91,2025-04-09T01:38:49Z,5180000,False,,,0,,D. White bad pass TURNOVER (1 TO),"[1628401, 1628404]",1610612738.0,BOS,,,,White,D. White,,,,,Above the Break 3,24+ Left Center,,,,,,,,,,,,1.0,Hart,1628404.0,,,,,,
529,PT07M50.00S,2025-04-09T01:38:35.5Z,4,REGULAR,steal,,[],1628404,,,1610612752,85,91,2025-04-09T01:38:36Z,5190000,False,,,0,,J. Hart STEAL (2 STL),[1628404],1610612752.0,NYK,,,,Hart,J. Hart,,,,,Above the Break 3,24+ Left Center,,,,,,,,,,,,,,,,,,,,
530,PT07M37.00S,2025-04-09T01:38:47.8Z,4,REGULAR,2pt,Jump Shot,['fromturnover'],1628969,11.251642575558476,22.54901960784314,1610612752,85,91,2025-04-09T01:38:54Z,5200000,False,137.0,53.0,1,left,MISS M. Bridges 14' pullup Shot,[1628969],1610612752.0,NYK,pullup,,,Bridges,M. Bridges,,,,,Mid-Range,8-16 Right,14.73,Missed,,,,,,,,,,,,,,,,,,
531,PT07M34.00S,2025-04-09T01:38:50.8Z,4,REGULAR,rebound,offensive,[],1628404,,,1610612752,85,91,2025-04-09T01:38:54Z,5210000,False,,,0,,J. Hart REBOUND (Off:3 Def:6),[1628404],1610612752.0,NYK,,,,Hart,J. Hart,,,,,Mid-Range,8-16 Right,,,530.0,9.0,6.0,3.0,,,,,,,,,,,,,,
532,PT07M33.00S,2025-04-09T01:38:52.5Z,4,REGULAR,3pt,Jump Shot,"['fromturnover', '2ndchance']",1628969,29.77989487516426,24.509803921568626,1610612752,88,91,2025-04-09T01:38:58Z,5220000,False,127.0,227.0,1,left,M. Bridges 26' 3PT  (8 PTS) (J. Hart 7 AST),"[1628969, 1628404]",1610612752.0,NYK,,,,Bridges,M. Bridges,,,,,Above the Break 3,24+ Right Center,26.07,Made,,,,,8.0,J. Hart,1628404.0,7.0,,,,,,,,,,
534,PT07M12.00S,2025-04-09T01:39:13.1Z,4,REGULAR,3pt,Jump Shot,[],1628369,65.78515111695138,38.23529411764706,1610612738,88,94,2025-04-09T01:39:18Z,5240000,False,-59.0,269.0,1,right,J. Tatum 27' 3PT pullup (22 PTS),[1628369],1610612738.0,BOS,pullup,,,Tatum,J. Tatum,,,,,Above the Break 3,24+ Center,27.54,Made,,,,,22.0,,,,,,,,,,,,,
535,PT06M50.00S,2025-04-09T01:39:37.3Z,4,REGULAR,2pt,Hook,['pointsinthepaint'],1626157,6.783837056504599,57.35294117647059,1610612752,90,94,2025-04-09T01:39:44Z,5250000,False,-37.0,11.0,1,left,K. Towns turnaround bank Hook (28 PTS),[1626157],1610612752.0,NYK,turnaround bank,,,Towns,K. Towns,,,,,Restricted Area,0-8 Center,3.85,Made,,,,,28.0,,,,,,,,,,,,,
536,PT06M50.00S,2025-04-09T01:39:39.5Z,4,REGULAR,foul,personal,['1freethrow'],1628369,,,1610612752,90,94,2025-04-09T01:39:43Z,5260000,False,,,0,,J. Tatum shooting personal FOUL (2 PF) (Towns 1 FT),"[1628369, 1626157]",1610612738.0,BOS,shooting,,,Tatum,J. Tatum,,,,,Restricted Area,0-8 Center,,,,,,,,,,,101283.0,,,,2.0,0.0,Towns,1626157.0,,
538,PT06M50.00S,2025-04-09T01:39:39.5Z,4,REGULAR,substitution,out,[],1626166,,,1610612752,90,94,2025-04-09T01:39:55Z,5280000,False,,,0,,SUB out: C. Payne,[1626166],1610612752.0,NYK,,,,Payne,C. Payne,,,,,,,,,,,,,,,,,,,,,,,,,,
539,PT06M50.00S,2025-04-09T01:39:39.5Z,4,REGULAR,substitution,out,[],1630540,,,1610612752,90,94,2025-04-09T01:39:55Z,5290000,False,,,0,,SUB out: M. McBride,[1630540],1610612752.0,NYK,,,,McBride,M. McBride,,,,,,,,,,,,,,,,,,,,,,,,,,
540,PT06M50.00S,2025-04-09T01:39:39.5Z,4,REGULAR,substitution,in,[],1628973,,,1610612752,90,94,2025-04-09T01:39:55Z,5300000,False,,,0,,SUB in: J. Brunson,[1628973],1610612752.0,NYK,,,,Brunson,J. Brunson,,,,,,,,,,,,,,,,,,,,,,,,,,
541,PT06M50.00S,2025-04-09T01:39:39.5Z,4,REGULAR,substitution,in,[],1628384,,,1610612752,90,94,2025-04-09T01:39:55Z,5310000,False,,,0,,SUB in: O. Anunoby,[1628384],1610612752.0,NYK,,,,Anunoby,O. Anunoby,,,,,,,,,,,,,,,,,,,,,,,,,,
542,PT06M50.00S,2025-04-09T01:40:18.8Z,4,REGULAR,freethrow,1 of 1,[],1626157,,,1610612752,91,94,2025-04-09T01:40:18Z,5320000,False,,,0,,K. Towns Free Throw 1 of 1 (29 PTS),[1626157],1610612752.0,NYK,,,,Towns,K. Towns,,,,,,,,Made,,,,,29.0,,,,,,,,,,,,,
543,PT06M25.00S,2025-04-09T01:40:48.2Z,4,REGULAR,2pt,Jump Shot,[],1630202,90.48948751642575,29.411764705882355,1610612738,91,96,2025-04-09T01:40:52Z,5330000,False,-103.0,37.0,1,right,P. Pritchard 10' driving floating bank Jump Shot (8 PTS) (S. Hauser 1 AST),"[1630202, 1630573]",1610612738.0,BOS,driving floating bank,,,Pritchard,P. Pritchard,,,,,Mid-Range,8-16 Left,10.93,Made,,,,,8.0,S. Hauser,1630573.0,1.0,,,,,,,,,,
546,PT06M03.00S,2025-04-09T01:41:30.1Z,4,REGULAR,2pt,Jump Shot,['pointsinthepaint'],1628973,15.062417871222076,34.068627450980394,1610612752,91,96,2025-04-09T01:41:37Z,5360000,False,80.0,89.0,1,left,MISS J. Brunson 11' pullup Shot,[1628973],1610612752.0,NYK,pullup,,,Brunson,J. Brunson,,,,,In The Paint (Non-RA),8-16 Right,11.95,Missed,,,,,,,,,,,,,,,,,,
547,PT06M02.00S,2025-04-09T01:41:31.9Z,4,REGULAR,rebound,offensive,[],1628404,,,1610612752,91,96,2025-04-09T01:41:31Z,5370000,False,,,0,,J. Hart REBOUND (Off:4 Def:6),[1628404],1610612752.0,NYK,,,,Hart,J. Hart,,,,,In The Paint (Non-RA),8-16 Right,,,546.0,10.0,6.0,4.0,,,,,,,,,,,,,,
548,PT05M58.00S,2025-04-09T01:41:35.4Z,4,REGULAR,3pt,Jump Shot,['2ndchance'],1628969,28.991458607095925,76.47058823529412,1610612752,91,96,2025-04-09T01:41:45Z,5380000,False,-132.0,220.0,1,left,MISS M. Bridges 25' 3PT,[1628969],1610612752.0,NYK,,,,Bridges,M. Bridges,,,,,Above the Break 3,24+ Left Center,25.68,Missed,,,,,,,,,,,,,,,,,,
549,PT05M56.00S,2025-04-09T01:41:37.4Z,4,REGULAR,rebound,defensive,['team'],0,,,1610612738,91,96,2025-04-09T01:41:45Z,5390000,False,,,0,,TEAM defensive REBOUND,[],1610612738.0,BOS,,,,,,,,,,Above the Break 3,24+ Left Center,,,548.0,,,,,,,,,,,,,,,,,
551,PT05M36.00S,2025-04-09T01:42:09.5Z,4,REGULAR,2pt,Jump Shot,[],1628369,85.3646517739816,30.392156862745097,1610612738,91,98,2025-04-09T01:42:12Z,5410000,False,-98.0,85.0,1,right,J. Tatum 12' fadeaway Jump Shot (24 PTS),[1628369],1610612738.0,BOS,fadeaway,,,Tatum,J. Tatum,,,,,Mid-Range,8-16 Left,12.98,Made,,,,,24.0,,,,,,,,,,,,,
552,PT05M22.00S,2025-04-09T01:42:23.8Z,4,REGULAR,2pt,Jump Shot,[],1628969,9.543363994743759,33.57843137254902,1610612752,93,98,2025-04-09T01:42:32Z,5420000,False,82.0,37.0,1,left,M. Bridges 9' driving floating bank Jump Shot (10 PTS) (K. Towns 2 AST),"[1628969, 1626157]",1610612752.0,NYK,driving floating bank,,,Bridges,M. Bridges,,,,,Mid-Range,8-16 Right,9.01,Made,,,,,10.0,K. Towns,1626157.0,2.0,,,,,,,,,,
553,PT04M58.00S,2025-04-09T01:42:47.9Z,4,REGULAR,2pt,Jump Shot,[],1628369,75.1149802890933,29.65686274509804,1610612738,93,100,2025-04-09T01:42:51Z,5430000,False,-102.0,181.0,1,right,J. Tatum 20' fadeaway Jump Shot (26 PTS),[1628369],1610612738.0,BOS,fadeaway,,,Tatum,J. Tatum,,,,,Mid-Range,16-24 Left Center,20.8,Made,,,,,26.0,,,,,,,,,,,,,
554,PT04M45.00S,2025-04-09T01:43:02.9Z,4,REGULAR,foul,personal,['2freethrow'],204001,,,1610612752,93,100,2025-04-09T01:43:09Z,5440000,False,,,0,,K. Porziņģis shooting personal FOUL (3 PF) (Brunson 2 FT),"[204001, 1628973]",1610612738.0,BOS,shooting,,,Porziņģis,K. Porziņģis,,,,,Restricted Area,0-8 Center,,,,,,,,,,,202901.0,,,,3.0,0.0,Brunson,1628973.0,,
556,PT04M45.00S,2025-04-09T01:43:36.2Z,4,REGULAR,freethrow,1 of 2,[],1628973,,,1610612752,94,100,2025-04-09T01:43:36Z,5460000,False,,,0,,J. Brunson Free Throw 1 of 2 (19 PTS),[1628973],1610612752.0,NYK,,,,Brunson,J. Brunson,,,,,,,,Made,,,,,19.0,,,,,,,,,,,,,
557,PT04M45.00S,2025-04-09T01:43:55.1Z,4,REGULAR,freethrow,2 of 2,[],1628973,,,1610612752,95,100,2025-04-09T01:43:55Z,5470000,False,,,0,,J. Brunson Free Throw 2 of 2 (20 PTS),[1628973],1610612752.0,NYK,,,,Brunson,J. Brunson,,,,,,,,Made,,,,,20.0,,,,,,,,,,,,,
558,PT04M26.00S,2025-04-09T01:44:17.3Z,4,REGULAR,3pt,Jump Shot,[],1630202,72.48685939553219,80.88235294117648,1610612738,95,100,2025-04-09T01:44:21Z,5480000,False,154.0,206.0,1,right,MISS P. Pritchard 25' pullup 3PT,[1630202],1610612738.0,BOS,pullup,,,Pritchard,P. Pritchard,,,,,Above the Break 3,24+ Right Center,25.75,Missed,,,,,,,,,,,,,,,,,,
559,PT04M24.00S,2025-04-09T01:44:19.3Z,4,REGULAR,rebound,defensive,[],1628384,,,1610612752,95,100,2025-04-09T01:44:21Z,5490000,False,,,0,,O. Anunoby REBOUND (Off:1 Def:5),[1628384],1610612752.0,NYK,,,,Anunoby,O. Anunoby,,,,,Above the Break 3,24+ Right Center,,,558.0,6.0,5.0,1.0,,,,,,,,,,,,,,
560,PT04M18.00S,2025-04-09T01:44:24.9Z,4,REGULAR,2pt,Layup,"['pointsinthepaint', 'fastbreak']",1626157,7.046649145860711,52.20588235294118,1610612752,97,100,2025-04-09T01:44:29Z,5500000,False,-11.0,14.0,1,left,K. Towns running alley-oop Layup (31 PTS) (J. Brunson 6 AST),"[1626157, 1628973]",1610612752.0,NYK,running alley-oop,,,Towns,K. Towns,,,,,Restricted Area,0-8 Center,1.76,Made,,,,,31.0,J. Brunson,1628973.0,6.0,,,,,,,,,,
562,PT04M01.00S,2025-04-09T01:44:42.0Z,4,REGULAR,2pt,Jump Shot,['pointsinthepaint'],204001,80.50262812089356,50.0,1610612738,97,102,2025-04-09T01:44:44Z,5520000,False,0.0,131.0,1,right,K. Porziņģis 13' pullup Jump Shot (29 PTS) (J. Tatum 4 AST),"[204001, 1628369]",1610612738.0,BOS,pullup,,,Porziņģis,K. Porziņģis,,,,,In The Paint (Non-RA),8-16 Center,13.08,Made,,,,,29.0,J. Tatum,1628369.0,4.0,,,,,,,,,,
564,PT03M37.00S,2025-04-09T01:45:05.7Z,4,REGULAR,3pt,Jump Shot,[],1628384,6.783837056504599,95.83333333333334,1610612752,97,102,2025-04-09T01:52:18Z,5540000,False,-229.0,11.0,1,left,MISS O. Anunoby 3PT,[1628384],1610612752.0,NYK,,,,Anunoby,O. Anunoby,,,,,Left Corner 3,24+ Left,22.95,Missed,,,,,,,,,,,,,,,,,,
565,PT03M35.00S,2025-04-09T01:45:07.7Z,4,REGULAR,rebound,defensive,[],204001,,,1610612738,97,102,2025-04-09T01:45:09Z,5550000,False,,,0,,K. Porziņģis REBOUND (Off:0 Def:3),[204001],1610612738.0,BOS,,,,Porziņģis,K. Porziņģis,,,,,Left Corner 3,24+ Left,,,564.0,3.0,3.0,0.0,,,,,,,,,,,,,,
567,PT03M24.00S,2025-04-09T01:45:23.9Z,4,REGULAR,foul,personal,[],1628404,,,1610612738,97,102,2025-04-09T01:45:29Z,5570000,False,,,0,,J. Hart personal FOUL (3 PF),"[1628404, 1630573]",1610612752.0,NYK,,,,Hart,J. Hart,,,,,Mid-Range,16-24 Right Center,,,,,,,,,,,101284.0,,,,3.0,0.0,Hauser,1630573.0,,
569,PT03M24.00S,2025-04-09T01:45:24.0Z,4,REGULAR,substitution,out,[],1630573,,,1610612738,97,102,2025-04-09T01:45:34Z,5590000,False,,,0,,SUB out: S. Hauser,[1630573],1610612738.0,BOS,,,,Hauser,S. Hauser,,,,,,,,,,,,,,,,,,,,,,,,,,
570,PT03M24.00S,2025-04-09T01:45:24.0Z,4,REGULAR,substitution,in,[],201950,,,1610612738,97,102,2025-04-09T01:45:34Z,5600000,False,,,0,,SUB in: J. Holiday,[201950],1610612738.0,BOS,,,,Holiday,J. Holiday,,,,,,,,,,,,,,,,,,,,,,,,,,
571,PT03M24.00S,2025-04-09T01:45:42.8Z,4,REGULAR,timeout,full,['team'],0,,,1610612738,97,102,2025-04-09T01:45:42Z,5610000,False,,,0,,NYK Timeout,[],1610612752.0,NYK,,,,,,,,,,,,,,,,,,,,,,,,,,,,,,,
572,PT03M24.00S,2025-04-09T01:47:22.5Z,4,REGULAR,timeout,full,['team'],0,,,1610612738,97,102,2025-04-09T01:47:22Z,5620000,False,,,0,,NYK Timeout,[],1610612752.0,NYK,,,,,,,,,,,,,,,,,,,,,,,,,,,,,,,
573,PT03M15.00S,2025-04-09T01:48:51.6Z,4,REGULAR,turnover,lost ball,[],204001,,,1610612738,97,102,2025-04-09T01:48:54Z,5630000,False,,,0,,K. Porziņģis lost ball TURNOVER (2 TO),"[204001, 1628404]",1610612738.0,BOS,,,,Porziņģis,K. Porziņģis,,,,,In The Paint (Non-RA),8-16 Left,,,,,,,,,,,,2.0,Hart,1628404.0,,,,,,
574,PT03M15.00S,2025-04-09T01:48:51.6Z,4,REGULAR,steal,,[],1628404,,,1610612752,97,102,2025-04-09T01:54:33Z,5640000,False,,,0,,J. Hart STEAL (3 STL),[1628404],1610612752.0,NYK,,,,Hart,J. Hart,,,,,In The Paint (Non-RA),8-16 Left,,,,,,,,,,,,,,,,,,,,
575,PT03M02.00S,2025-04-09T01:49:05.3Z,4,REGULAR,2pt,Jump Shot,['fromturnover'],1628969,10.85742444152431,25.98039215686275,1610612752,99,102,2025-04-09T01:54:58Z,5650000,False,120.0,50.0,1,left,M. Bridges 12' pullup Jump Shot (12 PTS) (J. Brunson 7 AST),"[1628969, 1628973]",1610612752.0,NYK,pullup,,,Bridges,M. Bridges,,,,,Mid-Range,8-16 Right,12.99,Made,,,,,12.0,J. Brunson,1628973.0,7.0,,,,,,,,,,
577,PT02M41.00S,2025-04-09T01:49:24.7Z,4,REGULAR,3pt,Jump Shot,[],1630202,74.06373193166885,91.17647058823529,1610612738,99,102,2025-04-09T01:49:28Z,5670000,False,206.0,191.0,1,right,MISS P. Pritchard 28' 3PT,[1630202],1610612738.0,BOS,,,,Pritchard,P. Pritchard,,,,,Above the Break 3,24+ Right Center,28.11,Missed,,,,,,,,,,,,,,,,,,
578,PT02M40.00S,2025-04-09T01:49:25.7Z,4,REGULAR,rebound,defensive,[],1626157,,,1610612752,99,102,2025-04-09T01:49:28Z,5680000,False,,,0,,K. Towns REBOUND (Off:1 Def:11),[1626157],1610612752.0,NYK,,,,Towns,K. Towns,,,,,Above the Break 3,24+ Right Center,,,577.0,12.0,11.0,1.0,,,,,,,,,,,,,,
579,PT02M21.00S,2025-04-09T01:49:45.7Z,4,REGULAR,2pt,Jump Shot,['pointsinthepaint'],1628973,17.821944809461236,47.794117647058826,1610612752,101,102,2025-04-09T01:49:49Z,5690000,False,11.0,115.0,1,left,J. Brunson 11' turnaround fadeaway Jump Shot (22 PTS),[1628973],1610612752.0,NYK,turnaround fadeaway,,,Brunson,J. Brunson,,,,,In The Paint (Non-RA),8-16 Center,11.55,Made,,,,,22.0,,,,,,,,,,,,,
580,PT01M51.00S,2025-04-09T01:50:15.1Z,4,REGULAR,3pt,Jump Shot,[],1628401,68.15045992115637,30.14705882352941,1610612738,101,102,2025-04-09T01:50:18Z,5700000,False,-99.0,247.0,1,right,MISS D. White 26' 3PT,[1628401],1610612738.0,BOS,,,,White,D. White,,,,,Above the Break 3,24+ Left Center,26.61,Missed,,,,,,,,,,,,,,,,,,
581,PT01M49.00S,2025-04-09T01:50:17.1Z,4,REGULAR,rebound,defensive,[],1626157,,,1610612752,101,102,2025-04-09T01:50:18Z,5710000,False,,,0,,K. Towns REBOUND (Off:1 Def:12),[1626157],1610612752.0,NYK,,,,Towns,K. Towns,,,,,Above the Break 3,24+ Left Center,,,580.0,13.0,12.0,1.0,,,,,,,,,,,,,,
582,PT01M32.00S,2025-04-09T01:50:34.7Z,4,REGULAR,3pt,Jump Shot,[],1628973,30.042706964520367,24.509803921568626,1610612752,101,102,2025-04-09T01:50:41Z,5720000,False,127.0,230.0,1,left,MISS J. Brunson 26' step back 3PT,[1628973],1610612752.0,NYK,step back,,,Brunson,J. Brunson,,,,,Above the Break 3,24+ Right Center,26.29,Missed,,,,,,,,,,,,,,,,,,
583,PT01M29.00S,2025-04-09T01:50:37.7Z,4,REGULAR,rebound,offensive,[],1628384,,,1610612752,101,102,2025-04-09T01:50:41Z,5730000,False,,,0,,O. Anunoby REBOUND (Off:2 Def:5),[1628384],1610612752.0,NYK,,,,Anunoby,O. Anunoby,,,,,Above the Break 3,24+ Right Center,,,582.0,7.0,5.0,2.0,,,,,,,,,,,,,,
584,PT01M29.00S,2025-04-09T01:50:39.0Z,4,REGULAR,2pt,Layup,"['pointsinthepaint', '2ndchance']",1628384,6.783837056504599,50.49019607843137,1610612752,103,102,2025-04-09T01:50:45Z,5740000,False,-2.0,11.0,1,left,O. Anunoby putback Layup (11 PTS),[1628384],1610612752.0,NYK,putback,,,Anunoby,O. Anunoby,,,,,Restricted Area,0-8 Center,1.16,Made,,,,,11.0,,,,,,,,,,,,,
586,PT01M08.00S,2025-04-09T01:51:03.3Z,4,REGULAR,turnover,out-of-bounds,[],1628401,,,1610612738,103,102,2025-04-09T01:51:08Z,5750000,False,,,0,,D. White bad pass out-of-bounds TURNOVER (2 TO),[1628401],1610612738.0,BOS,bad pass,,,White,D. White,,,,,Mid-Range,16-24 Left Center,,,,,,,,,,,101284.0,2.0,,,,,,,,
587,PT01M08.00S,2025-04-09T01:51:03.4Z,4,REGULAR,substitution,out,[],1630202,,,1610612752,103,102,2025-04-09T01:51:18Z,5760000,False,,,0,,SUB out: P. Pritchard,[1630202],1610612738.0,BOS,,,,Pritchard,P. Pritchard,,,,,,,,,,,,,,,,,,,,,,,,,,
588,PT01M08.00S,2025-04-09T01:51:03.4Z,4,REGULAR,substitution,in,[],1628436,,,1610612752,103,102,2025-04-09T01:51:18Z,5770000,False,,,0,,SUB in: L. Kornet,[1628436],1610612738.0,BOS,,,,Kornet,L. Kornet,,,,,,,,,,,,,,,,,,,,,,,,,,
589,PT00M50.00S,2025-04-09T01:51:49.1Z,4,REGULAR,2pt,Jump Shot,"['pointsinthepaint', 'fromturnover']",1628969,19.92444152431012,38.970588235294116,1610612752,105,102,2025-04-09T01:57:20Z,5780000,False,55.0,135.0,1,left,M. Bridges 14' pullup Jump Shot (14 PTS) (J. Brunson 8 AST),"[1628969, 1628973]",1610612752.0,NYK,pullup,,,Bridges,M. Bridges,,,,,In The Paint (Non-RA),8-16 Center,14.56,Made,,,,,14.0,J. Brunson,1628973.0,8.0,,,,,,,,,,
591,PT00M35.80S,2025-04-09T01:52:08.7Z,4,REGULAR,foul,personal,['3freethrow'],1626157,,,1610612738,105,102,2025-04-09T01:52:24Z,5800000,False,,,0,,K. Towns shooting personal FOUL (2 PF) (Tatum 3 FT),"[1626157, 1628369]",1610612752.0,NYK,shooting,,,Towns,K. Towns,,,,,Left Corner 3,24+ Left,,,,,,,,,,,101283.0,,,,2.0,0.0,Tatum,1628369.0,,
593,PT00M35.80S,2025-04-09T01:52:40.8Z,4,REGULAR,freethrow,1 of 3,[],1628369,,,1610612738,105,103,2025-04-09T01:53:27Z,5820000,False,,,0,,J. Tatum Free Throw 1 of 3 (27 PTS),[1628369],1610612738.0,BOS,,,,Tatum,J. Tatum,,,,,,,,Made,,,,,27.0,,,,,,,,,,,,,
594,PT00M35.80S,2025-04-09T01:52:40.8Z,4,REGULAR,freethrow,2 of 3,[],1628369,,,1610612738,105,104,2025-04-09T01:53:27Z,5830000,False,,,0,,J. Tatum Free Throw 2 of 3 (28 PTS),[1628369],1610612738.0,BOS,,,,Tatum,J. Tatum,,,,,,,,Made,,,,,28.0,,,,,,,,,,,,,
595,PT00M35.80S,2025-04-09T01:52:40.9Z,4,REGULAR,substitution,out,[],1628973,,,1610612738,105,104,2025-04-09T01:53:12Z,5840000,False,,,0,,SUB out: J. Brunson,[1628973],1610612752.0,NYK,,,,Brunson,J. Brunson,,,,,,,,,,,,,,,,,,,,,,,,,,
596,PT00M35.80S,2025-04-09T01:52:40.9Z,4,REGULAR,substitution,in,[],1629011,,,1610612738,105,104,2025-04-09T01:53:12Z,5850000,False,,,0,,SUB in: M. Robinson,[1629011],1610612752.0,NYK,,,,Robinson,M. Robinson,,,,,,,,,,,,,,,,,,,,,,,,,,
597,PT00M35.80S,2025-04-09T01:52:40.8Z,4,REGULAR,freethrow,3 of 3,[],1628369,,,1610612738,105,104,2025-04-09T01:53:27Z,5860000,False,,,0,,MISS J. Tatum Free Throw 3 of 3,[1628369],1610612738.0,BOS,,,,Tatum,J. Tatum,,,,,,,,Missed,,,,,,,,,,,,,,,,,,
598,PT00M34.10S,2025-04-09T01:52:42.5Z,4,REGULAR,rebound,defensive,[],1628969,,,1610612752,105,104,2025-04-09T01:53:27Z,5870000,False,,,0,,M. Bridges REBOUND (Off:1 Def:3),[1628969],1610612752.0,NYK,,,,Bridges,M. Bridges,,,,,,,,,597.0,4.0,3.0,1.0,,,,,,,,,,,,,,
599,PT00M27.40S,2025-04-09T01:53:35.9Z,4,REGULAR,timeout,full,['team'],0,,,1610612752,105,104,2025-04-09T01:53:35Z,5880000,False,,,0,,NYK Timeout,[],1610612752.0,NYK,,,,,,,,,,,,,,,,,,,,,,,,,,,,,,,
600,PT00M27.40S,2025-04-09T01:53:36.0Z,4,REGULAR,substitution,out,[],1629011,,,1610612752,105,104,2025-04-09T01:54:59Z,5890000,False,,,0,,SUB out: M. Robinson,[1629011],1610612752.0,NYK,,,,Robinson,M. Robinson,,,,,,,,,,,,,,,,,,,,,,,,,,
601,PT00M27.40S,2025-04-09T01:53:36.0Z,4,REGULAR,substitution,in,[],1628973,,,1610612752,105,104,2025-04-09T01:54:59Z,5900000,False,,,0,,SUB in: J. Brunson,[1628973],1610612752.0,NYK,,,,Brunson,J. Brunson,,,,,,,,,,,,,,,,,,,,,,,,,,
602,PT00M11.90S,2025-04-09T01:55:47.8Z,4,REGULAR,2pt,Layup,['pointsinthepaint'],1628404,5.995400788436268,49.754901960784316,1610612752,107,104,2025-04-09T01:55:51Z,5910000,False,1.0,4.0,1,left,J. Hart cutting Layup (10 PTS) (J. Brunson 9 AST),"[1628404, 1628973]",1610612752.0,NYK,cutting,,,Hart,J. Hart,,,,,Restricted Area,0-8 Center,0.41,Made,,,,,10.0,J. Brunson,1628973.0,9.0,,,,,,,,,,
604,PT00M03.70S,2025-04-09T01:56:02.5Z,4,REGULAR,3pt,Jump Shot,[],1628369,68.15045992115637,63.23529411764706,1610612738,107,107,2025-04-09T01:56:06Z,5930000,False,66.0,247.0,1,right,J. Tatum 25' 3PT step back (31 PTS),[1628369],1610612738.0,BOS,step back,,,Tatum,J. Tatum,,,,,Above the Break 3,24+ Center,25.56,Made,,,,,31.0,,,,,,,,,,,,,
605,PT00M02.90S,2025-04-09T01:56:13.5Z,4,REGULAR,timeout,full,['team'],0,,,1610612752,107,107,2025-04-09T01:56:13Z,5940000,False,,,0,,NYK Timeout,[],1610612752.0,NYK,,,,,,,,,,,,,,,,,,,,,,,,,,,,,,,
606,PT00M02.90S,2025-04-09T01:56:13.6Z,4,REGULAR,substitution,out,[],1628436,,,1610612752,107,107,2025-04-09T01:57:39Z,5950000,False,,,0,,SUB out: L. Kornet,[1628436],1610612738.0,BOS,,,,Kornet,L. Kornet,,,,,,,,,,,,,,,,,,,,,,,,,,
607,PT00M02.90S,2025-04-09T01:56:13.6Z,4,REGULAR,substitution,in,[],1630573,,,1610612752,107,107,2025-04-09T01:57:39Z,5960000,False,,,0,,SUB in: S. Hauser,[1630573],1610612738.0,BOS,,,,Hauser,S. Hauser,,,,,,,,,,,,,,,,,,,,,,,,,,
608,PT00M00.00S,2025-04-09T01:58:03.2Z,4,REGULAR,3pt,Jump Shot,[],1628404,27.020367936925098,80.88235294117648,1610612752,107,107,2025-04-09T01:58:08Z,5970000,False,-154.0,201.0,1,left,MISS J. Hart 25' pullup 3PT,[1628404],1610612752.0,NYK,pullup,,,Hart,J. Hart,,,,,Above the Break 3,24+ Left Center,25.39,Missed,,,,,,,,,,,,,,,,,,
609,PT00M00.00S,2025-04-09T01:58:05.3Z,4,REGULAR,rebound,offensive,['team'],0,,,1610612752,107,107,2025-04-09T01:58:05Z,5980000,False,,,0,,TEAM offensive REBOUND,[],1610612752.0,NYK,,,,,,,,,,Above the Break 3,24+ Left Center,,,608.0,,,,,,,,,,,,,,,,,
610,PT00M00.00S,2025-04-09T01:58:06.9Z,4,REGULAR,period,end,[],0,,,1610612752,107,107,2025-04-09T01:58:06Z,5990000,False,,,0,,Period End,[],,,,,,,,,,,,,,,,,,,,,,,,,,,,,,,,,
611,PT05M00.00S,2025-04-09T01:58:34.7Z,5,OVERTIME,substitution,out,['startperiod'],204001,,,1610612752,107,107,2025-04-09T02:00:42Z,6000000,False,,,0,,SUB out: K. Porziņģis,[204001],1610612738.0,BOS,,,,Porziņģis,K. Porziņģis,,,,,,,,,,,,,,,,,,,,,,,,,,
612,PT05M00.00S,2025-04-09T01:58:34.7Z,5,OVERTIME,substitution,in,['startperiod'],1628436,,,1610612752,107,107,2025-04-09T02:00:42Z,6010000,False,,,0,,SUB in: L. Kornet,[1628436],1610612738.0,BOS,,,,Kornet,L. Kornet,,,,,,,,,,,,,,,,,,,,,,,,,,
613,PT05M00.00S,2025-04-09T02:01:14.4Z,5,OVERTIME,period,start,[],0,,,0,107,107,2025-04-09T02:01:14Z,6020000,False,,,0,,Period Start,[],,,,,,,,,,,,,,,,,,,,,,,,,,,,,,,,,
615,PT04M57.00S,2025-04-09T02:01:16.8Z,5,OVERTIME,jumpball,recovered,[],1628401,,,1610612738,107,107,2025-04-09T02:01:16Z,6040000,False,,,0,,Jump Ball L. Kornet vs. K. Towns: Tip to D. White,"[1628401, 1628436, 1626157]",1610612738.0,BOS,startperiod,D. White,1628401.0,White,D. White,Kornet,1628436.0,Towns,1626157.0,,,,,,,,,,,,,,,,,,,,,,
618,PT04M38.00S,2025-04-09T02:01:34.6Z,5,OVERTIME,2pt,Jump Shot,[],1628369,91.27792378449409,14.950980392156863,1610612738,107,107,2025-04-09T02:01:57Z,6070000,False,-175.0,29.0,1,right,MISS J. Tatum 17' step back Shot,[1628369],1610612738.0,BOS,step back,,,Tatum,J. Tatum,,,,,Mid-Range,16-24 Left,17.77,Missed,,,,,,,,,,,,,,,,,,
619,PT04M36.00S,2025-04-09T02:01:36.6Z,5,OVERTIME,rebound,defensive,[],1628404,,,1610612752,107,107,2025-04-09T02:01:39Z,6080000,False,,,0,,J. Hart REBOUND (Off:4 Def:7),[1628404],1610612752.0,NYK,,,,Hart,J. Hart,,,,,Mid-Range,16-24 Left,,,618.0,11.0,7.0,4.0,,,,,,,,,,,,,,
620,PT04M22.00S,2025-04-09T02:01:51.8Z,5,OVERTIME,turnover,bad pass,[],1628973,,,1610612752,107,107,2025-04-09T02:01:54Z,6090000,False,,,0,,J. Brunson bad pass TURNOVER (2 TO),"[1628973, 1630573]",1610612752.0,NYK,,,,Brunson,J. Brunson,,,,,Above the Break 3,24+ Right Center,,,,,,,,,,,,2.0,Hauser,1630573.0,,,,,,
621,PT04M22.00S,2025-04-09T02:01:51.8Z,5,OVERTIME,steal,,[],1630573,,,1610612738,107,107,2025-04-09T02:01:53Z,6100000,False,,,0,,S. Hauser STEAL (1 STL),[1630573],1610612738.0,BOS,,,,Hauser,S. Hauser,,,,,Above the Break 3,24+ Right Center,,,,,,,,,,,,,,,,,,,,
622,PT04M08.00S,2025-04-09T02:02:05.5Z,5,OVERTIME,3pt,Jump Shot,['fromturnover'],1628401,80.76544021024968,4.411764705882353,1610612738,107,107,2025-04-09T02:02:11Z,6110000,False,-228.0,128.0,1,right,MISS D. White 26' 3PT,[1628401],1610612738.0,BOS,,,,White,D. White,,,,,Above the Break 3,24+ Left Center,26.15,Missed,,,,,,,,,,,,,,,,,,
623,PT04M07.00S,2025-04-09T02:02:06.5Z,5,OVERTIME,rebound,defensive,['team'],0,,,1610612752,107,107,2025-04-09T02:02:11Z,6120000,False,,,0,,TEAM defensive REBOUND,[],1610612752.0,NYK,,,,,,,,,,Above the Break 3,24+ Left Center,,,622.0,,,,,,,,,,,,,,,,,
624,PT04M07.00S,2025-04-09T02:02:11.4Z,5,OVERTIME,foul,personal,[],1628436,,,1610612752,107,107,2025-04-09T02:02:18Z,6130000,False,,,0,,L. Kornet loose ball personal FOUL (4 PF),"[1628436, 1626157]",1610612738.0,BOS,loose ball,,,Kornet,L. Kornet,,,,,Restricted Area,0-8 Center,,,,,,,,,,,101284.0,,,,4.0,0.0,Towns,1626157.0,,
626,PT03M44.00S,2025-04-09T02:02:51.2Z,5,OVERTIME,3pt,Jump Shot,[],1628404,30.699737187910642,67.8921568627451,1610612752,107,107,2025-04-09T02:02:59Z,6150000,False,-89.0,236.0,1,left,MISS J. Hart 25' pullup 3PT,[1628404],1610612752.0,NYK,pullup,,,Hart,J. Hart,,,,,Above the Break 3,24+ Left Center,25.25,Missed,,,,,,,,,,,,,,,,,,
627,PT03M40.00S,2025-04-09T02:02:55.2Z,5,OVERTIME,rebound,offensive,[],1628384,,,1610612752,107,107,2025-04-09T02:02:59Z,6160000,False,,,0,,O. Anunoby REBOUND (Off:3 Def:5),[1628384],1610612752.0,NYK,,,,Anunoby,O. Anunoby,,,,,Above the Break 3,24+ Left Center,,,626.0,8.0,5.0,3.0,,,,,,,,,,,,,,
628,PT03M38.00S,2025-04-09T02:02:56.6Z,5,OVERTIME,turnover,bad pass,[],1628384,,,1610612752,107,107,2025-04-09T02:03:01Z,6170000,False,,,0,,O. Anunoby bad pass TURNOVER (4 TO),"[1628384, 1628436]",1610612752.0,NYK,,,,Anunoby,O. Anunoby,,,,,Mid-Range,16-24 Right,,,,,,,,,,,,4.0,Kornet,1628436.0,,,,,,
629,PT03M38.00S,2025-04-09T02:02:56.6Z,5,OVERTIME,steal,,[],1628436,,,1610612738,107,107,2025-04-09T02:02:58Z,6180000,False,,,0,,L. Kornet STEAL (1 STL),[1628436],1610612738.0,BOS,,,,Kornet,L. Kornet,,,,,Mid-Range,16-24 Right,,,,,,,,,,,,,,,,,,,,
630,PT03M38.00S,2025-04-09T02:03:01.7Z,5,OVERTIME,foul,personal,[],1628404,,,1610612738,107,107,2025-04-09T02:03:15Z,6190000,False,,,0,,J. Hart personal FOUL (4 PF),"[1628404, 1628436]",1610612752.0,NYK,,,,Hart,J. Hart,,,,,Restricted Area,0-8 Center,,,,,,,,,,,101283.0,,,,4.0,0.0,Kornet,1628436.0,,
632,PT03M35.00S,2025-04-09T02:03:31.1Z,5,OVERTIME,2pt,Layup,"['pointsinthepaint', 'fromturnover']",1630573,94.56307490144546,50.49019607843137,1610612738,107,109,2025-04-09T02:03:44Z,6210000,False,2.0,-1.0,1,right,S. Hauser driving Layup (7 PTS) (J. Tatum 5 AST),"[1630573, 1628369]",1610612738.0,BOS,driving,,,Hauser,S. Hauser,,,,,Restricted Area,0-8 Center,0.29,Made,,,,,7.0,J. Tatum,1628369.0,5.0,,,,,,,,,,
634,PT03M14.00S,2025-04-09T02:03:51.8Z,5,OVERTIME,2pt,Jump Shot,['pointsinthepaint'],1626157,17.0335085413929,56.86274509803921,1610612752,107,109,2025-04-09T02:03:57Z,6230000,False,-34.0,108.0,1,left,MISS K. Towns 11' turnaround fadeaway Shot,[1626157],1610612752.0,NYK,turnaround fadeaway,,,Towns,K. Towns,,,,,In The Paint (Non-RA),8-16 Center,11.29,Missed,,,,,,,,,,,,,,,,,,
635,PT03M13.00S,2025-04-09T02:03:52.8Z,5,OVERTIME,rebound,defensive,[],1630573,,,1610612738,107,109,2025-04-09T02:03:57Z,6240000,False,,,0,,S. Hauser REBOUND (Off:0 Def:2),[1630573],1610612738.0,BOS,,,,Hauser,S. Hauser,,,,,In The Paint (Non-RA),8-16 Center,,,634.0,2.0,2.0,0.0,,,,,,,,,,,,,,
636,PT02M55.00S,2025-04-09T02:04:11.7Z,5,OVERTIME,2pt,Jump Shot,['pointsinthepaint'],1628401,85.3646517739816,58.08823529411765,1610612738,107,109,2025-04-09T02:04:18Z,6250000,False,40.0,85.0,1,right,MISS D. White 9' driving floating Shot,[1628401],1610612738.0,BOS,driving floating,,,White,D. White,,,,,In The Paint (Non-RA),8-16 Center,9.42,Missed,,,,,,,,,,,,,,,,,,
637,PT02M52.00S,2025-04-09T02:04:14.7Z,5,OVERTIME,rebound,offensive,[],1628436,,,1610612738,107,109,2025-04-09T02:04:18Z,6260000,False,,,0,,L. Kornet REBOUND (Off:2 Def:0),[1628436],1610612738.0,BOS,,,,Kornet,L. Kornet,,,,,In The Paint (Non-RA),8-16 Center,,,636.0,2.0,0.0,2.0,,,,,,,,,,,,,,
638,PT02M52.00S,2025-04-09T02:04:15.0Z,5,OVERTIME,2pt,Layup,"['2ndchance', 'pointsinthepaint']",1628436,94.40999984741211,50.0,1610612738,107,109,2025-04-09T02:04:22Z,6270000,False,0.0,0.0,1,right,MISS L. Kornet tip Layup,[1628436],1610612738.0,BOS,tip,,,Kornet,L. Kornet,,,,,Restricted Area,0-8 Center,0.0,Missed,,,,,,,,,,,,,,,,,,
639,PT02M50.00S,2025-04-09T02:04:17.0Z,5,OVERTIME,rebound,offensive,[],1628436,,,1610612738,107,109,2025-04-09T02:04:22Z,6280000,False,,,0,,L. Kornet REBOUND (Off:3 Def:0),[1628436],1610612738.0,BOS,,,,Kornet,L. Kornet,,,,,Restricted Area,0-8 Center,,,638.0,3.0,0.0,3.0,,,,,,,,,,,,,,
640,PT02M41.00S,2025-04-09T02:04:26.6Z,5,OVERTIME,foul,personal,['2freethrow'],1626157,,,1610612738,107,109,2025-04-09T02:04:36Z,6290000,False,,,0,,K. Towns shooting personal FOUL (3 PF) (Tatum 2 FT),"[1626157, 1628369]",1610612752.0,NYK,shooting,,,Towns,K. Towns,,,,,Restricted Area,0-8 Center,,,,,,,,,,,202901.0,,,,3.0,0.0,Tatum,1628369.0,,
642,PT02M41.00S,2025-04-09T02:04:51.9Z,5,OVERTIME,freethrow,1 of 2,['2ndchance'],1628369,,,1610612738,107,109,2025-04-09T02:04:51Z,6310000,False,,,0,,MISS J. Tatum Free Throw 1 of 2,[1628369],1610612738.0,BOS,,,,Tatum,J. Tatum,,,,,,,,Missed,,,,,,,,,,,,,,,,,,
643,PT02M41.00S,2025-04-09T02:04:51.9Z,5,OVERTIME,rebound,offensive,"['deadball', 'team']",0,,,1610612738,107,109,2025-04-09T02:04:51Z,6320000,False,,,0,,TEAM offensive REBOUND,[],1610612738.0,BOS,,,,,,,,,,,,,,642.0,,,,,,,,,,,,,,,,,
644,PT02M41.00S,2025-04-09T02:05:07.6Z,5,OVERTIME,freethrow,2 of 2,['2ndchance'],1628369,,,1610612738,107,110,2025-04-09T02:05:07Z,6330000,False,,,0,,J. Tatum Free Throw 2 of 2 (32 PTS),[1628369],1610612738.0,BOS,,,,Tatum,J. Tatum,,,,,,,,Made,,,,,32.0,,,,,,,,,,,,,
645,PT02M30.00S,2025-04-09T02:05:29.6Z,5,OVERTIME,3pt,Jump Shot,[],1628384,24.26084099868594,12.5,1610612752,107,110,2025-04-09T02:05:37Z,6340000,False,188.0,176.0,1,left,MISS O. Anunoby 25' 3PT,[1628384],1610612752.0,NYK,,,,Anunoby,O. Anunoby,,,,,Above the Break 3,24+ Right Center,25.69,Missed,,,,,,,,,,,,,,,,,,
646,PT02M29.00S,2025-04-09T02:05:30.6Z,5,OVERTIME,rebound,offensive,[],1626157,,,1610612752,107,110,2025-04-09T02:05:37Z,6350000,False,,,0,,K. Towns REBOUND (Off:2 Def:12),[1626157],1610612752.0,NYK,,,,Towns,K. Towns,,,,,Above the Break 3,24+ Right Center,,,645.0,14.0,12.0,2.0,,,,,,,,,,,,,,
647,PT02M28.00S,2025-04-09T02:05:33.4Z,5,OVERTIME,foul,personal,['2freethrow'],201950,,,1610612752,107,110,2025-04-09T02:05:41Z,6360000,False,,,0,,J. Holiday shooting personal FOUL (3 PF) (Towns 2 FT),"[201950, 1626157]",1610612738.0,BOS,shooting,,,Holiday,J. Holiday,,,,,Restricted Area,0-8 Center,,,,,,,,,,,202901.0,,,,3.0,0.0,Towns,1626157.0,,
649,PT02M28.00S,2025-04-09T02:06:05.8Z,5,OVERTIME,freethrow,1 of 2,['2ndchance'],1626157,,,1610612752,108,110,2025-04-09T02:06:37Z,6380000,False,,,0,,K. Towns Free Throw 1 of 2 (32 PTS),[1626157],1610612752.0,NYK,,,,Towns,K. Towns,,,,,,,,Made,,,,,32.0,,,,,,,,,,,,,
650,PT02M28.00S,2025-04-09T02:06:05.8Z,5,OVERTIME,freethrow,2 of 2,['2ndchance'],1626157,,,1610612752,108,110,2025-04-09T02:06:37Z,6390000,False,,,0,,MISS K. Towns Free Throw 2 of 2,[1626157],1610612752.0,NYK,,,,Towns,K. Towns,,,,,,,,Missed,,,,,,,,,,,,,,,,,,
651,PT02M26.00S,2025-04-09T02:06:07.8Z,5,OVERTIME,rebound,defensive,[],201950,,,1610612738,108,110,2025-04-09T02:06:37Z,6400000,False,,,0,,J. Holiday REBOUND (Off:1 Def:3),[201950],1610612738.0,BOS,,,,Holiday,J. Holiday,,,,,,,,,650.0,4.0,3.0,1.0,,,,,,,,,,,,,,
652,PT02M20.00S,2025-04-09T02:06:46.3Z,5,OVERTIME,foul,personal,[],1626157,,,1610612738,108,110,2025-04-09T02:06:51Z,6410000,False,,,0,,K. Towns personal FOUL (4 PF),"[1626157, 1628436]",1610612752.0,NYK,,,,Towns,K. Towns,,,,,Mid-Range,16-24 Center,,,,,,,,,,,101284.0,,,,4.0,0.0,Kornet,1628436.0,,
654,PT02M20.00S,2025-04-09T02:06:46.4Z,5,OVERTIME,substitution,out,[],1628436,,,1610612738,108,110,2025-04-09T02:06:56Z,6430000,False,,,0,,SUB out: L. Kornet,[1628436],1610612738.0,BOS,,,,Kornet,L. Kornet,,,,,,,,,,,,,,,,,,,,,,,,,,
655,PT02M20.00S,2025-04-09T02:06:46.4Z,5,OVERTIME,substitution,in,[],204001,,,1610612738,108,110,2025-04-09T02:06:56Z,6440000,False,,,0,,SUB in: K. Porziņģis,[204001],1610612738.0,BOS,,,,Porziņģis,K. Porziņģis,,,,,,,,,,,,,,,,,,,,,,,,,,
656,PT02M11.00S,2025-04-09T02:07:16.0Z,5,OVERTIME,turnover,bad pass,[],1628401,,,1610612738,108,110,2025-04-09T02:07:22Z,6450000,False,,,0,,D. White bad pass TURNOVER (3 TO),"[1628401, 1626157]",1610612738.0,BOS,,,,White,D. White,,,,,Above the Break 3,24+ Left Center,,,,,,,,,,,,3.0,Towns,1626157.0,,,,,,
657,PT02M11.00S,2025-04-09T02:07:16.0Z,5,OVERTIME,steal,,[],1626157,,,1610612752,108,110,2025-04-09T02:07:17Z,6460000,False,,,0,,K. Towns STEAL (1 STL),[1626157],1610612752.0,NYK,,,,Towns,K. Towns,,,,,Above the Break 3,24+ Left Center,,,,,,,,,,,,,,,,,,,,
658,PT02M06.00S,2025-04-09T02:07:20.5Z,5,OVERTIME,2pt,Layup,"['pointsinthepaint', 'fromturnover', 'fastbreak']",1626157,6.521024967148489,47.549019607843135,1610612752,110,110,2025-04-09T02:07:29Z,6470000,False,12.0,9.0,1,left,K. Towns running Layup (34 PTS),[1626157],1610612752.0,NYK,running,,,Towns,K. Towns,,,,,Restricted Area,0-8 Center,1.51,Made,,,,,34.0,,,,,,,,,,,,,
659,PT01M51.00S,2025-04-09T02:07:37.2Z,5,OVERTIME,foul,personal,"['inpenalty', '2freethrow']",1628404,,,1610612738,110,110,2025-04-09T02:07:44Z,6480000,False,,,0,,J. Hart shooting personal FOUL (5 PF) (Porziņģis 2 FT),"[1628404, 204001]",1610612752.0,NYK,shooting,,,Hart,J. Hart,,,,,Restricted Area,0-8 Center,,,,,,,,,,,101283.0,,,,5.0,0.0,Porziņģis,204001.0,,
661,PT01M51.00S,2025-04-09T02:08:02.2Z,5,OVERTIME,freethrow,1 of 2,[],204001,,,1610612738,110,111,2025-04-09T02:08:02Z,6500000,False,,,0,,K. Porziņģis Free Throw 1 of 2 (30 PTS),[204001],1610612738.0,BOS,,,,Porziņģis,K. Porziņģis,,,,,,,,Made,,,,,30.0,,,,,,,,,,,,,
662,PT01M51.00S,2025-04-09T02:08:18.2Z,5,OVERTIME,freethrow,2 of 2,[],204001,,,1610612738,110,112,2025-04-09T02:08:18Z,6510000,False,,,0,,K. Porziņģis Free Throw 2 of 2 (31 PTS),[204001],1610612738.0,BOS,,,,Porziņģis,K. Porziņģis,,,,,,,,Made,,,,,31.0,,,,,,,,,,,,,
663,PT01M38.00S,2025-04-09T02:08:37.3Z,5,OVERTIME,2pt,Jump Shot,['pointsinthepaint'],1628973,18.610381077529567,57.107843137254896,1610612752,112,112,2025-04-09T02:08:40Z,6520000,False,-36.0,122.0,1,left,J. Brunson 12' pullup Jump Shot (24 PTS),[1628973],1610612752.0,NYK,pullup,,,Brunson,J. Brunson,,,,,In The Paint (Non-RA),8-16 Center,12.74,Made,,,,,24.0,,,,,,,,,,,,,
664,PT01M23.00S,2025-04-09T02:08:56.0Z,5,OVERTIME,3pt,Jump Shot,[],1628369,65.1281208935611,38.23529411764706,1610612738,112,112,2025-04-09T02:10:04Z,6530000,False,-59.0,275.0,1,right,MISS J. Tatum 28' pullup 3PT,[1628369],1610612738.0,BOS,pullup,,,Tatum,J. Tatum,,,,,Above the Break 3,24+ Center,28.15,Missed,,,,,,,,,,,,,,,,,,
668,PT01M21.00S,2025-04-09T02:08:58.0Z,5,OVERTIME,rebound,defensive,['team'],0,,,1610612752,112,112,2025-04-09T02:10:04Z,6540000,False,,,0,,TEAM defensive REBOUND,[],1610612752.0,NYK,,,,,,,,,,Above the Break 3,24+ Center,,,664.0,,,,,,,,,,,,,,,,,
665,PT01M21.00S,2025-04-09T02:10:02.1Z,5,OVERTIME,jumpball,recovered,[],1628973,,,1610612752,112,112,2025-04-09T02:10:07Z,6550000,False,,,0,,Jump Ball J. Hart vs. D. White: Tip to J. Brunson,"[1628973, 1628404, 1628401]",1610612752.0,NYK,heldball,J. Brunson,1628973.0,Brunson,J. Brunson,Hart,1628404.0,White,1628401.0,,,,,,,,,,,,,,,,,,,,,,
669,PT01M04.00S,2025-04-09T02:10:16.6Z,5,OVERTIME,3pt,Jump Shot,[],1628973,29.6484888304862,24.754901960784316,1610612752,112,112,2025-04-09T02:10:20Z,6580000,False,126.0,226.0,1,left,MISS J. Brunson 25' step back 3PT,[1628973],1610612752.0,NYK,step back,,,Brunson,J. Brunson,,,,,Above the Break 3,24+ Right Center,25.9,Missed,,,,,,,,,,,,,,,,,,
670,PT01M01.00S,2025-04-09T02:10:19.6Z,5,OVERTIME,rebound,defensive,[],204001,,,1610612738,112,112,2025-04-09T02:10:23Z,6590000,False,,,0,,K. Porziņģis REBOUND (Off:0 Def:4),[204001],1610612738.0,BOS,,,,Porziņģis,K. Porziņģis,,,,,Above the Break 3,24+ Right Center,,,669.0,4.0,4.0,0.0,,,,,,,,,,,,,,
671,PT00M40.80S,2025-04-09T02:10:39.6Z,5,OVERTIME,3pt,Jump Shot,[],204001,63.81406044678055,31.61764705882353,1610612738,112,115,2025-04-09T02:10:44Z,6600000,False,-92.0,288.0,1,right,K. Porziņģis 30' 3PT  (34 PTS) (D. White 9 AST),"[204001, 1628401]",1610612738.0,BOS,,,,Porziņģis,K. Porziņģis,,,,,Above the Break 3,24+ Center,30.19,Made,,,,,34.0,D. White,1628401.0,9.0,,,,,,,,,,
673,PT00M19.50S,2025-04-09T02:11:08.5Z,5,OVERTIME,3pt,Jump Shot,[],1628973,31.35676741130092,28.676470588235293,1610612752,112,115,2025-04-09T02:11:15Z,6620000,False,107.0,242.0,1,left,MISS J. Brunson 26' pullup 3PT,[1628973],1610612752.0,NYK,pullup,,,Brunson,J. Brunson,,,,,Above the Break 3,24+ Right Center,26.47,Missed,,,,,,,,,,,,,,,,,,
674,PT00M16.70S,2025-04-09T02:11:11.3Z,5,OVERTIME,rebound,offensive,['team'],0,,,1610612752,112,115,2025-04-09T02:11:15Z,6630000,False,,,0,,TEAM offensive REBOUND,[],1610612752.0,NYK,,,,,,,,,,Above the Break 3,24+ Right Center,,,673.0,,,,,,,,,,,,,,,,,
676,PT00M16.70S,2025-04-09T02:11:22.7Z,5,OVERTIME,timeout,full,['team'],0,,,1610612752,112,115,2025-04-09T02:11:22Z,6650000,False,,,0,,NYK Timeout,[],1610612752.0,NYK,,,,,,,,,,,,,,,,,,,,,,,,,,,,,,,
677,PT00M16.70S,2025-04-09T02:11:22.8Z,5,OVERTIME,substitution,out,[],1630573,,,1610612752,112,115,2025-04-09T02:13:11Z,6660000,False,,,0,,SUB out: S. Hauser,[1630573],1610612738.0,BOS,,,,Hauser,S. Hauser,,,,,,,,,,,,,,,,,,,,,,,,,,
678,PT00M16.70S,2025-04-09T02:11:22.8Z,5,OVERTIME,substitution,in,[],1628436,,,1610612752,112,115,2025-04-09T02:13:11Z,6670000,False,,,0,,SUB in: L. Kornet,[1628436],1610612738.0,BOS,,,,Kornet,L. Kornet,,,,,,,,,,,,,,,,,,,,,,,,,,
679,PT00M13.40S,2025-04-09T02:14:02.5Z,5,OVERTIME,turnover,out-of-bounds,[],1628969,,,1610612752,112,115,2025-04-09T02:20:03Z,6680000,False,,,0,,M. Bridges lost ball out-of-bounds TURNOVER (2 TO),[1628969],1610612752.0,NYK,lost ball,,,Bridges,M. Bridges,,,,,Above the Break 3,24+ Left Center,,,,,,,,,,,101283.0,2.0,,,,,,,,
680,PT00M13.40S,2025-04-09T02:14:02.6Z,5,OVERTIME,substitution,out,[],1628436,,,1610612738,112,115,2025-04-09T02:14:14Z,6690000,False,,,0,,SUB out: L. Kornet,[1628436],1610612738.0,BOS,,,,Kornet,L. Kornet,,,,,,,,,,,,,,,,,,,,,,,,,,
681,PT00M13.40S,2025-04-09T02:14:02.6Z,5,OVERTIME,substitution,in,[],1630202,,,1610612738,112,115,2025-04-09T02:14:14Z,6700000,False,,,0,,SUB in: P. Pritchard,[1630202],1610612738.0,BOS,,,,Pritchard,P. Pritchard,,,,,,,,,,,,,,,,,,,,,,,,,,
682,PT00M12.60S,2025-04-09T02:14:31.7Z,5,OVERTIME,foul,personal,"['inpenalty', '2freethrow']",1628404,,,1610612738,112,115,2025-04-09T02:14:42Z,6710000,False,,,0,,J. Hart take personal FOUL (6 PF) (Holiday 2 FT),"[1628404, 201950]",1610612752.0,NYK,take,,,Hart,J. Hart,,,,,Mid-Range,16-24 Left Center,,,,,,,,,,,101283.0,,,,6.0,0.0,Holiday,201950.0,,
684,PT00M12.60S,2025-04-09T02:14:31.7Z,5,OVERTIME,substitution,out,[],1628404,,,1610612738,112,115,2025-04-09T02:14:48Z,6730000,False,,,0,,SUB out: J. Hart,[1628404],1610612752.0,NYK,,,,Hart,J. Hart,,,,,,,,,,,,,,,,,,,,,,,,,,
685,PT00M12.60S,2025-04-09T02:14:31.7Z,5,OVERTIME,substitution,in,[],1630540,,,1610612738,112,115,2025-04-09T02:14:48Z,6740000,False,,,0,,SUB in: M. McBride,[1630540],1610612752.0,NYK,,,,McBride,M. McBride,,,,,,,,,,,,,,,,,,,,,,,,,,
686,PT00M12.60S,2025-04-09T02:15:20.5Z,5,OVERTIME,freethrow,1 of 2,['fromturnover'],201950,,,1610612738,112,116,2025-04-09T02:15:20Z,6750000,False,,,0,,J. Holiday Free Throw 1 of 2 (13 PTS),[201950],1610612738.0,BOS,,,,Holiday,J. Holiday,,,,,,,,Made,,,,,13.0,,,,,,,,,,,,,
687,PT00M12.60S,2025-04-09T02:15:42.5Z,5,OVERTIME,freethrow,2 of 2,['fromturnover'],201950,,,1610612738,112,117,2025-04-09T02:15:42Z,6760000,False,,,0,,J. Holiday Free Throw 2 of 2 (14 PTS),[201950],1610612738.0,BOS,,,,Holiday,J. Holiday,,,,,,,,Made,,,,,14.0,,,,,,,,,,,,,
688,PT00M12.60S,2025-04-09T02:15:45.4Z,5,OVERTIME,timeout,full,['team'],0,,,1610612752,112,117,2025-04-09T02:15:45Z,6770000,False,,,0,,NYK Timeout,[],1610612752.0,NYK,,,,,,,,,,,,,,,,,,,,,,,,,,,,,,,
689,PT00M07.70S,2025-04-09T02:17:25.9Z,5,OVERTIME,2pt,Layup,['pointsinthepaint'],1628384,5.075558475689881,48.77450980392157,1610612752,114,117,2025-04-09T02:17:29Z,6780000,False,6.0,-5.0,1,left,O. Anunoby driving Layup (13 PTS) (J. Brunson 10 AST),"[1628384, 1628973]",1610612752.0,NYK,driving,,,Anunoby,O. Anunoby,,,,,Restricted Area,0-8 Center,0.78,Made,,,,,13.0,J. Brunson,1628973.0,10.0,,,,,,,,,,
690,PT00M05.40S,2025-04-09T02:17:33.4Z,5,OVERTIME,foul,personal,"['inpenalty', '2freethrow']",1628973,,,1610612738,114,117,2025-04-09T02:17:43Z,6790000,False,,,0,,J. Brunson take personal FOUL (1 PF) (Holiday 2 FT),"[1628973, 201950]",1610612752.0,NYK,take,,,Brunson,J. Brunson,,,,,Mid-Range,16-24 Right,,,,,,,,,,,202901.0,,,,1.0,0.0,Holiday,201950.0,,
692,PT00M05.40S,2025-04-09T02:17:56.7Z,5,OVERTIME,freethrow,1 of 2,[],201950,,,1610612738,114,118,2025-04-09T02:17:56Z,6810000,False,,,0,,J. Holiday Free Throw 1 of 2 (15 PTS),[201950],1610612738.0,BOS,,,,Holiday,J. Holiday,,,,,,,,Made,,,,,15.0,,,,,,,,,,,,,
693,PT00M05.40S,2025-04-09T02:18:17.1Z,5,OVERTIME,freethrow,2 of 2,[],201950,,,1610612738,114,119,2025-04-09T02:18:17Z,6820000,False,,,0,,J. Holiday Free Throw 2 of 2 (16 PTS),[201950],1610612738.0,BOS,,,,Holiday,J. Holiday,,,,,,,,Made,,,,,16.0,,,,,,,,,,,,,
694,PT00M00.20S,2025-04-09T02:18:24.0Z,5,OVERTIME,3pt,Jump Shot,[],1628973,27.283180026281208,15.931372549019606,1610612752,117,119,2025-04-09T02:18:29Z,6830000,False,170.0,204.0,1,left,J. Brunson 26' 3PT pullup (27 PTS),[1628973],1610612752.0,NYK,pullup,,,Brunson,J. Brunson,,,,,Above the Break 3,24+ Right Center,26.57,Made,,,,,27.0,,,,,,,,,,,,,
696,PT00M00.00S,2025-04-09T02:19:01.5Z,5,OVERTIME,period,end,[],0,,,1610612738,117,119,2025-04-09T02:19:01Z,6850000,False,,,0,,Period End,[],,,,,,,,,,,,,,,,,,,,,,,,,,,,,,,,,
697,PT00M00.00S,2025-04-09T02:19:06.3Z,5,OVERTIME,game,end,[],0,,,0,117,119,2025-04-09T02:19:06Z,6860000,False,,,0,,Game End,[],,,,,,,,,,,,,,,,,,,,,,,,,,,,,,,,,
