shortFormattedClock,actionNumber,clock,timeActual,period,periodType,actionType,subType,qualifiers,personId,x,y,possession,scoreHome,scoreAway,edited,orderNumber,isTargetScoreLastPeriod,xLegacy,yLegacy,isFieldGoal,side,description,personIdsFilter,jerseyNumber,teamId,teamTricode,descriptor,jumpBallRecoveredName,jumpBallRecoverdPersonId,playerName,playerNameI,jumpBallWonPlayerName,jumpBallWonPersonId,jumpBallLostPlayerName,jumpBallLostPersonId,area,areaDetail,shotDistance,shotResult,pointsTotal,assistPlayerNameInitial,assistPersonId,assistTotal,shotActionNumber,reboundTotal,reboundDefensiveTotal,reboundOffensiveTotal,officialId,foulPersonalTotal,foulTechnicalTotal,foulDrawnPlayerName,foulDrawnPersonId,turnoverTotal,stealPlayerName,stealPersonId,blockPlayerName,blockPersonId
12:00,2,PT12M00.00S,2022-12-15T00:45:19.2Z,1,REGULAR,period,start,[],0,,,0,0,0,2022-12-15T00:45:19Z,20000,False,,,0,,Period Start,[],,,,,,,,,,,,,,,,,,,,,,,,,,,,,,,,,,
11:56,4,PT11M56.00S,2022-12-15T00:45:21.5Z,1,REGULAR,jumpball,recovered,[],1628973,,,1610612752,0,0,2022-12-15T00:45:21Z,40000,False,,,0,,Jump Ball M. Robinson vs. N. Vucevic: Tip to J. Brunson,"[1628973, 1629011, 202696]",11,1610612752.0,NYK,startperiod,J. Brunson,1628973.0,Brunson,J. Brunson,Robinson,1629011.0,Vucevic,202696.0,,,,,,,,,,,,,,,,,,,,,,
11:40,7,PT11M40.00S,2022-12-15T00:45:37.7Z,1,REGULAR,3pt,Jump Shot,[],203944,91.14651773981603,96.07843137254902,1610612752,0,3,2022-12-15T00:45:42Z,70000,False,230.0,31.0,1,right,J. Randle 3PT  (3 PTS) (Q. Grimes 1 AST),"[203944, 1629656]",30,1610612752.0,NYK,,,,Randle,J. Randle,,,,,Right Corner 3,24+ Right,23.24,Made,3.0,Q. Grimes,1629656.0,1.0,,,,,,,,,,,,,,
11:23,9,PT11M23.00S,2022-12-15T00:45:54.9Z,1,REGULAR,3pt,Jump Shot,[],203897,30.17411300919842,26.47058823529412,1610612741,0,3,2022-12-15T00:45:59Z,90000,False,118.0,231.0,1,left,MISS Z. LaVine 25' 3PT,[203897],8,1610612741.0,CHI,,,,LaVine,Z. LaVine,,,,,Above the Break 3,24+ Right Center,25.93,Missed,,,,,,,,,,,,,,,,,,
11:20,10,PT11M20.00S,2022-12-15T00:45:57.9Z,1,REGULAR,rebound,defensive,[],1629011,,,1610612752,0,3,2022-12-15T00:46:00Z,100000,False,,,0,,M. Robinson REBOUND (Off:0 Def:1),[1629011],23,1610612752.0,NYK,,,,Robinson,M. Robinson,,,,,Above the Break 3,24+ Right Center,,,,,,,9.0,1.0,1.0,0.0,,,,,,,,,,
11:11,11,PT11M11.00S,2022-12-15T00:46:07.5Z,1,REGULAR,3pt,Jump Shot,[],1629656,93.9060446780552,4.6568627450980395,1610612752,0,3,2022-12-15T00:46:13Z,110000,False,-227.0,5.0,1,right,MISS Q. Grimes 3PT,[1629656],6,1610612752.0,NYK,,,,Grimes,Q. Grimes,,,,,Left Corner 3,24+ Left,22.68,Missed,,,,,,,,,,,,,,,,,,
11:08,12,PT11M08.00S,2022-12-15T00:46:10.5Z,1,REGULAR,rebound,offensive,[],1629011,,,1610612752,0,3,2022-12-15T00:46:13Z,120000,False,,,0,,M. Robinson REBOUND (Off:1 Def:1),[1629011],23,1610612752.0,NYK,,,,Robinson,M. Robinson,,,,,Left Corner 3,24+ Left,,,,,,,11.0,2.0,1.0,1.0,,,,,,,,,,
11:04,13,PT11M04.00S,2022-12-15T00:46:13.9Z,1,REGULAR,2pt,DUNK,"['pointsinthepaint', '2ndchance']",1629656,92.85479632063075,51.470588235294116,1610612752,0,5,2022-12-15T00:46:30Z,130000,False,7.0,15.0,1,right,Q. Grimes cutting DUNK (2 PTS) (M. Robinson 1 AST),"[1629656, 1629011]",6,1610612752.0,NYK,cutting,,,Grimes,Q. Grimes,,,,,Restricted Area,0-8 Center,1.65,Made,2.0,M. Robinson,1629011.0,1.0,,,,,,,,,,,,,,
10:48,15,PT10M48.00S,2022-12-15T00:46:30.2Z,1,REGULAR,2pt,Jump Shot,[],1630172,8.09789750328515,77.94117647058823,1610612741,0,5,2022-12-15T00:46:35Z,150000,False,-140.0,24.0,1,left,MISS P. Williams 14' Jump Shot,[1630172],44,1610612741.0,CHI,,,,Williams,P. Williams,,,,,Mid-Range,8-16 Left,14.17,Missed,,,,,,,,,,,,,,,,,,
10:46,16,PT10M46.00S,2022-12-15T00:46:32.0Z,1,REGULAR,rebound,defensive,[],203944,,,1610612752,0,5,2022-12-15T00:46:32Z,160000,False,,,0,,J. Randle REBOUND (Off:0 Def:1),[203944],30,1610612752.0,NYK,,,,Randle,J. Randle,,,,,Mid-Range,8-16 Left,,,,,,,15.0,1.0,1.0,0.0,,,,,,,,,,
10:34,17,PT10M34.00S,2022-12-15T00:46:44.2Z,1,REGULAR,3pt,Jump Shot,[],1629628,72.22404730617609,19.362745098039216,1610612752,0,8,2022-12-15T00:46:49Z,170000,False,-153.0,209.0,1,right,R. Barrett 25' 3PT  (3 PTS) (J. Randle 1 AST),"[1629628, 203944]",9,1610612752.0,NYK,,,,Barrett,R. Barrett,,,,,Above the Break 3,24+ Left Center,25.88,Made,3.0,J. Randle,203944.0,1.0,,,,,,,,,,,,,,
10:19,19,PT10M19.00S,2022-12-15T00:47:00.2Z,1,REGULAR,2pt,Jump Shot,['pointsinthepaint'],202696,14.799605781865965,43.872549019607845,1610612741,2,8,2022-12-15T00:47:05Z,190000,False,31.0,87.0,1,left,N. Vucevic 9' floating Jump Shot (2 PTS) (A. Caruso 1 AST),"[202696, 1627936]",9,1610612741.0,CHI,floating,,,Vucevic,N. Vucevic,,,,,In The Paint (Non-RA),8-16 Center,9.18,Made,2.0,A. Caruso,1627936.0,1.0,,,,,,,,,,,,,,
10:02,21,PT10M02.00S,2022-12-15T00:47:15.7Z,1,REGULAR,3pt,Jump Shot,[],203944,67.36202365308804,38.48039215686275,1610612752,2,11,2022-12-15T00:47:20Z,210000,False,-58.0,254.0,1,right,J. Randle 26' 3PT  (6 PTS) (J. Brunson 1 AST),"[203944, 1628973]",30,1610612752.0,NYK,,,,Randle,J. Randle,,,,,Above the Break 3,24+ Center,26.07,Made,6.0,J. Brunson,1628973.0,1.0,,,,,,,,,,,,,,
09:48,23,PT09M48.00S,2022-12-15T00:47:36.1Z,1,REGULAR,foul,offensive,[],202696,,,1610612741,2,11,2022-12-15T00:47:47Z,230000,False,,,0,,N. Vucevic off-the-ball offensive FOUL (1 PF),"[202696, 1628973]",9,1610612741.0,CHI,off-the-ball,,,Vucevic,N. Vucevic,,,,,Mid-Range,8-16 Center,,,,,,,,,,,202056.0,1.0,0.0,Brunson,1628973.0,,,,,
09:48,25,PT09M48.00S,2022-12-15T00:47:36.1Z,1,REGULAR,turnover,offensive foul,[],202696,,,1610612741,2,11,2022-12-15T00:47:36Z,250000,False,,,0,,N. Vucevic offensive foul TURNOVER (1 TO),[202696],9,1610612741.0,CHI,,,,Vucevic,N. Vucevic,,,,,Mid-Range,8-16 Center,,,,,,,,,,,202056.0,,,,,1.0,,,,
09:35,26,PT09M35.00S,2022-12-15T00:47:55.2Z,1,REGULAR,3pt,Jump Shot,['fromturnover'],1628973,72.61826544021025,81.86274509803921,1610612752,2,11,2022-12-15T00:47:58Z,260000,False,159.0,205.0,1,right,MISS J. Brunson 25' pullup 3PT,[1628973],11,1610612752.0,NYK,pullup,,,Brunson,J. Brunson,,,,,Above the Break 3,24+ Right Center,25.95,Missed,,,,,,,,,,,,,,,,,,
09:33,27,PT09M33.00S,2022-12-15T00:47:57.2Z,1,REGULAR,rebound,defensive,[],203897,,,1610612741,2,11,2022-12-15T00:47:58Z,270000,False,,,0,,Z. LaVine REBOUND (Off:0 Def:1),[203897],8,1610612741.0,CHI,,,,LaVine,Z. LaVine,,,,,Above the Break 3,24+ Right Center,,,,,,,26.0,1.0,1.0,0.0,,,,,,,,,,
09:26,28,PT09M26.00S,2022-12-15T00:48:04.6Z,1,REGULAR,2pt,Hook,['pointsinthepaint'],202696,12.828515111695138,42.40196078431372,1610612741,4,11,2022-12-15T00:48:11Z,280000,False,38.0,68.0,1,left,N. Vucevic 7' turnaround Hook (4 PTS) (Z. LaVine 1 AST),"[202696, 203897]",9,1610612741.0,CHI,turnaround,,,Vucevic,N. Vucevic,,,,,In The Paint (Non-RA),0-8 Center,7.8,Made,4.0,Z. LaVine,203897.0,1.0,,,,,,,,,,,,,,
09:16,30,PT09M16.00S,2022-12-15T00:48:17.4Z,1,REGULAR,turnover,traveling,[],1629656,,,1610612752,4,11,2022-12-15T00:48:23Z,300000,False,,,0,,Q. Grimes traveling TURNOVER (1 TO),[1629656],6,1610612752.0,NYK,,,,Grimes,Q. Grimes,,,,,Left Corner 3,24+ Left,,,,,,,,,,,202056.0,,,,,1.0,,,,
09:06,31,PT09M06.00S,2022-12-15T00:48:42.4Z,1,REGULAR,foul,personal,[],1629011,,,1610612741,4,11,2022-12-15T00:48:57Z,310000,False,,,0,,M. Robinson personal FOUL (1 PF),"[1629011, 202696]",23,1610612752.0,NYK,,,,Robinson,M. Robinson,,,,,Mid-Range,16-24 Right,,,,,,,,,,,202056.0,1.0,0.0,Vucevic,202696.0,,,,,
08:58,33,PT08M58.00S,2022-12-15T00:49:00.1Z,1,REGULAR,2pt,Jump Shot,['fromturnover'],201942,15.719448094612352,74.26470588235294,1610612741,4,11,2022-12-15T00:49:03Z,330000,False,-121.0,95.0,1,left,MISS D. DeRozan 15' pullup Shot,[201942],11,1610612741.0,CHI,pullup,,,DeRozan,D. DeRozan,,,,,Mid-Range,8-16 Left,15.43,Missed,,,,,,,,,,,,,,,,,,
08:56,34,PT08M56.00S,2022-12-15T00:49:02.1Z,1,REGULAR,rebound,defensive,[],203944,,,1610612752,4,11,2022-12-15T00:49:03Z,340000,False,,,0,,J. Randle REBOUND (Off:0 Def:2),[203944],30,1610612752.0,NYK,,,,Randle,J. Randle,,,,,Mid-Range,8-16 Left,,,,,,,33.0,2.0,2.0,0.0,,,,,,,,,,
08:35,35,PT08M35.00S,2022-12-15T00:49:25.0Z,1,REGULAR,2pt,Jump Shot,[],203944,80.50262812089356,20.588235294117645,1610612752,4,11,2022-12-15T00:49:31Z,350000,False,-147.0,131.0,1,right,MISS J. Randle 19' Jump Shot,[203944],30,1610612752.0,NYK,,,,Randle,J. Randle,,,,,Mid-Range,16-24 Left Center,19.68,Missed,,,,,,,,,,,,,,,,,,
08:30,36,PT08M30.00S,2022-12-15T00:49:30.0Z,1,REGULAR,rebound,offensive,[],1629011,,,1610612752,4,11,2022-12-15T00:49:31Z,360000,False,,,0,,M. Robinson REBOUND (Off:2 Def:1),[1629011],23,1610612752.0,NYK,,,,Robinson,M. Robinson,,,,,Mid-Range,16-24 Left Center,,,,,,,35.0,3.0,1.0,2.0,,,,,,,,,,
08:30,37,PT08M30.00S,2022-12-15T00:49:29.3Z,1,REGULAR,2pt,Layup,"['2ndchance', 'pointsinthepaint']",1629011,94.40999984741211,50.0,1610612752,4,11,2022-12-15T00:50:21Z,370000,False,0.0,0.0,1,right,MISS M. Robinson putback Layup,[1629011],23,1610612752.0,NYK,putback,,,Robinson,M. Robinson,,,,,Restricted Area,0-8 Center,0.0,Missed,,,,,,,,,,,,,,,,,,
08:29,38,PT08M29.00S,2022-12-15T00:49:30.3Z,1,REGULAR,rebound,defensive,[],201942,,,1610612741,4,11,2022-12-15T00:50:21Z,380000,False,,,0,,D. DeRozan REBOUND (Off:0 Def:1),[201942],11,1610612741.0,CHI,,,,DeRozan,D. DeRozan,,,,,Restricted Area,0-8 Center,,,,,,,37.0,1.0,1.0,0.0,,,,,,,,,,
08:25,39,PT08M25.00S,2022-12-15T00:49:33.4Z,1,REGULAR,2pt,Jump Shot,['fastbreak'],203897,5.206964520367937,85.29411764705883,1610612741,4,11,2022-12-15T00:50:55Z,390000,False,-176.0,-4.0,1,left,MISS Z. LaVine 17' running pullup Shot,[203897],8,1610612741.0,CHI,running pullup,,,LaVine,Z. LaVine,,,,,Mid-Range,16-24 Left,17.65,Missed,,,,,,,,,,,,,,,,,,
08:23,40,PT08M23.00S,2022-12-15T00:49:35.4Z,1,REGULAR,rebound,defensive,[],203944,,,1610612752,4,11,2022-12-15T00:49:37Z,400000,False,,,0,,J. Randle REBOUND (Off:0 Def:3),[203944],30,1610612752.0,NYK,,,,Randle,J. Randle,,,,,Mid-Range,16-24 Left,,,,,,,39.0,3.0,3.0,0.0,,,,,,,,,,
08:13,41,PT08M13.00S,2022-12-15T00:49:46.5Z,1,REGULAR,3pt,Jump Shot,[],1629628,77.08607095926413,11.76470588235294,1610612752,4,11,2022-12-15T00:50:02Z,410000,False,-191.0,163.0,1,right,MISS R. Barrett 25' 3PT,[1629628],9,1610612752.0,NYK,,,,Barrett,R. Barrett,,,,,Above the Break 3,24+ Left Center,25.12,Missed,,,,,,,,,,,,,,,,,,
08:13,42,PT08M13.00S,2022-12-15T00:49:46.5Z,1,REGULAR,rebound,defensive,['team'],0,,,1610612741,4,11,2022-12-15T00:50:02Z,420000,False,,,0,,TEAM defensive REBOUND,[],,1610612741.0,CHI,,,,,,,,,,Above the Break 3,24+ Left Center,,,,,,,41.0,,,,,,,,,,,,,
07:58,44,PT07M58.00S,2022-12-15T00:50:17.4Z,1,REGULAR,turnover,bad pass,[],1627936,,,1610612741,4,11,2022-12-15T00:50:21Z,440000,False,,,0,,A. Caruso bad pass TURNOVER (1 TO),"[1627936, 1629656]",6,1610612741.0,CHI,,,,Caruso,A. Caruso,,,,,In The Paint (Non-RA),8-16 Center,,,,,,,,,,,,,,,,1.0,Grimes,1629656.0,,
07:58,45,PT07M58.00S,2022-12-15T00:50:17.4Z,1,REGULAR,steal,,[],1629656,,,1610612752,4,11,2022-12-15T00:50:21Z,450000,False,,,0,,Q. Grimes STEAL (1 STL),[1629656],6,1610612752.0,NYK,,,,Grimes,Q. Grimes,,,,,In The Paint (Non-RA),8-16 Center,,,,,,,,,,,,,,,,,,,,
07:58,48,PT07M58.00S,2022-12-15T00:50:33.2Z,1,REGULAR,foul,personal,['1freethrow'],1627936,,,1610612752,4,11,2022-12-15T00:50:46Z,480000,False,,,0,,A. Caruso transition take personal FOUL (1 PF) (Grimes 1 FT),"[1627936, 1629656]",6,1610612741.0,CHI,transition take,,,Caruso,A. Caruso,,,,,Above the Break 3,24+ Center,,,,,,,,,,,202056.0,1.0,0.0,Grimes,1629656.0,,,,,
07:58,50,PT07M58.00S,2022-12-15T00:50:47.2Z,1,REGULAR,freethrow,1 of 1,['fromturnover'],1629656,,,1610612752,4,11,2022-12-15T00:50:59Z,500000,False,,,0,,MISS Q. Grimes transition take Free Throw 1 of 1,[1629656],6,1610612752.0,NYK,transition take,,,Grimes,Q. Grimes,,,,,,,,Missed,,,,,,,,,,,,,,,,,,
07:58,51,PT07M58.00S,2022-12-15T00:50:47.2Z,1,REGULAR,rebound,offensive,['team'],0,,,1610612752,4,11,2022-12-15T00:50:59Z,510000,False,,,0,,TEAM offensive REBOUND,[],,1610612752.0,NYK,,,,,,,,,,,,,,,,,,50.0,,,,,,,,,,,,,
07:45,52,PT07M45.00S,2022-12-15T00:51:05.8Z,1,REGULAR,3pt,Jump Shot,"['fromturnover', '2ndchance']",1629656,90.3580814717477,3.1862745098039214,1610612752,4,14,2022-12-15T00:51:12Z,520000,False,-234.0,38.0,1,right,Q. Grimes 3PT  (5 PTS) (J. Brunson 2 AST),"[1629656, 1628973]",6,1610612752.0,NYK,,,,Grimes,Q. Grimes,,,,,Left Corner 3,24+ Left,23.72,Made,5.0,J. Brunson,1628973.0,2.0,,,,,,,,,,,,,,
07:30,54,PT07M30.00S,2022-12-15T00:51:21.9Z,1,REGULAR,3pt,Jump Shot,[],201942,8.09789750328515,94.11764705882352,1610612741,4,14,2022-12-15T00:51:55Z,540000,False,-221.0,24.0,1,left,MISS D. DeRozan 3PT,[201942],11,1610612741.0,CHI,,,,DeRozan,D. DeRozan,,,,,Left Corner 3,24+ Left,22.19,Missed,,,,,,,,,,,,,,,,,,
07:30,55,PT07M30.00S,2022-12-15T00:51:21.9Z,1,REGULAR,rebound,defensive,['team'],0,,,1610612752,4,14,2022-12-15T00:51:28Z,550000,False,,,0,,TEAM defensive REBOUND,[],,1610612752.0,NYK,,,,,,,,,,Mid-Range,16-24 Left,,,,,,,54.0,,,,,,,,,,,,,
07:09,57,PT07M09.00S,2022-12-15T00:51:48.3Z,1,REGULAR,2pt,Jump Shot,[],1628973,76.95466491458606,45.09803921568628,1610612752,4,14,2022-12-15T00:53:49Z,570000,False,-25.0,164.0,1,right,MISS J. Brunson 16' pullup Shot,[1628973],11,1610612752.0,NYK,pullup,,,Brunson,J. Brunson,,,,,Mid-Range,16-24 Center,16.59,Missed,,,,,,,,,,,,,,,,,,
07:04,58,PT07M04.00S,2022-12-15T00:51:53.3Z,1,REGULAR,rebound,offensive,[],1629011,,,1610612752,4,14,2022-12-15T00:51:58Z,580000,False,,,0,,M. Robinson REBOUND (Off:3 Def:1),[1629011],23,1610612752.0,NYK,,,,Robinson,M. Robinson,,,,,Mid-Range,16-24 Center,,,,,,,57.0,4.0,1.0,3.0,,,,,,,,,,
07:04,59,PT07M04.00S,2022-12-15T00:51:53.0Z,1,REGULAR,2pt,Layup,"['pointsinthepaint', '2ndchance']",1629011,94.40999984741211,50.0,1610612752,4,14,2022-12-15T00:51:53Z,590000,False,0.0,0.0,1,right,MISS M. Robinson tip Layup,[1629011],23,1610612752.0,NYK,tip,,,Robinson,M. Robinson,,,,,Mid-Range,8-16 Left,0.0,Missed,,,,,,,,,,,,,,,,,,
07:03,60,PT07M03.00S,2022-12-15T00:51:53.7Z,1,REGULAR,rebound,defensive,[],202696,,,1610612741,4,14,2022-12-15T00:51:53Z,600000,False,,,0,,N. Vucevic REBOUND (Off:0 Def:1),[202696],9,1610612741.0,CHI,,,,Vucevic,N. Vucevic,,,,,Mid-Range,8-16 Left,,,,,,,59.0,1.0,1.0,0.0,,,,,,,,,,
06:59,61,PT06M59.00S,2022-12-15T00:51:59.0Z,1,REGULAR,3pt,Jump Shot,['fastbreak'],1630172,26.363337713534822,80.14705882352942,1610612741,7,14,2022-12-15T00:55:03Z,610000,False,-151.0,195.0,1,left,P. Williams 24' 3PT running (3 PTS) (Z. LaVine 2 AST),"[1630172, 203897]",44,1610612741.0,CHI,running,,,Williams,P. Williams,,,,,Above the Break 3,24+ Left Center,24.67,Made,3.0,Z. LaVine,203897.0,2.0,,,,,,,,,,,,,,
06:36,63,PT06M36.00S,2022-12-15T00:52:21.3Z,1,REGULAR,3pt,Jump Shot,[],203944,67.23061760840999,27.205882352941174,1610612752,7,14,2022-12-15T00:55:38Z,630000,False,-114.0,256.0,1,right,MISS J. Randle 27' pullup 3PT,[203944],30,1610612752.0,NYK,pullup,,,Randle,J. Randle,,,,,Above the Break 3,24+ Left Center,27.98,Missed,,,,,,,,,,,,,,,,,,
06:32,64,PT06M32.00S,2022-12-15T00:52:25.3Z,1,REGULAR,rebound,defensive,[],201942,,,1610612741,7,14,2022-12-15T00:52:26Z,640000,False,,,0,,D. DeRozan REBOUND (Off:0 Def:2),[201942],11,1610612741.0,CHI,,,,DeRozan,D. DeRozan,,,,,Above the Break 3,24+ Left Center,,,,,,,63.0,2.0,2.0,0.0,,,,,,,,,,
06:24,65,PT06M24.00S,2022-12-15T00:52:33.0Z,1,REGULAR,3pt,Jump Shot,[],203897,3.892904073587385,96.56862745098039,1610612741,10,14,2022-12-15T00:52:37Z,650000,False,-233.0,-16.0,1,left,Z. LaVine 3PT  (3 PTS) (A. Caruso 2 AST),"[203897, 1627936]",8,1610612741.0,CHI,,,,LaVine,Z. LaVine,,,,,Left Corner 3,24+ Left,23.33,Made,3.0,A. Caruso,1627936.0,2.0,,,,,,,,,,,,,,
06:08,67,PT06M08.00S,2022-12-15T00:52:51.9Z,1,REGULAR,foul,personal,[],1627936,,,1610612752,10,14,2022-12-15T00:52:59Z,670000,False,,,0,,A. Caruso personal FOUL (2 PF),"[1627936, 1628973]",6,1610612741.0,CHI,,,,Caruso,A. Caruso,,,,,Above the Break 3,24+ Right Center,,,,,,,,,,,202056.0,2.0,0.0,Brunson,1628973.0,,,,,
06:08,69,PT06M08.00S,2022-12-15T00:53:02.4Z,1,REGULAR,timeout,full,"['team', 'mandatory']",0,,,1610612752,10,14,2022-12-15T00:53:02Z,690000,False,,,0,,CHI Timeout,[],,1610612741.0,CHI,,,,,,,,,,,,,,,,,,,,,,,,,,,,,,,
06:08,70,PT06M08.00S,2022-12-15T00:55:54.6Z,1,REGULAR,substitution,out,[],1627936,,,1610612752,10,14,2022-12-15T00:55:58Z,700000,False,,,0,,SUB out: A. Caruso,[1627936],6,1610612741.0,CHI,,,,Caruso,A. Caruso,,,,,,,,,,,,,,,,,,,,,,,,,,
06:08,71,PT06M08.00S,2022-12-15T00:55:54.6Z,1,REGULAR,substitution,in,[],1629632,,,1610612752,10,14,2022-12-15T00:55:58Z,710000,False,,,0,,SUB in: C. White,[1629632],0,1610612741.0,CHI,,,,White,C. White,,,,,,,,,,,,,,,,,,,,,,,,,,
05:58,72,PT05M58.00S,2022-12-15T00:56:36.0Z,1,REGULAR,2pt,Layup,['pointsinthepaint'],203944,94.1688567674113,47.794117647058826,1610612752,10,16,2022-12-15T00:56:41Z,720000,False,-11.0,2.0,1,right,J. Randle driving Layup (8 PTS) (J. Brunson 3 AST),"[203944, 1628973]",30,1610612752.0,NYK,driving,,,Randle,J. Randle,,,,,Restricted Area,0-8 Center,1.12,Made,8.0,J. Brunson,1628973.0,3.0,,,,,,,,,,,,,,
05:58,74,PT05M58.00S,2022-12-15T00:56:40.5Z,1,REGULAR,foul,personal,['1freethrow'],1630172,,,1610612752,10,16,2022-12-15T00:56:46Z,740000,False,,,0,,P. Williams shooting personal FOUL (1 PF) (Randle 1 FT),"[1630172, 203944]",44,1610612741.0,CHI,shooting,,,Williams,P. Williams,,,,,Restricted Area,0-8 Center,,,,,,,,,,,201246.0,1.0,0.0,Randle,203944.0,,,,,
05:58,76,PT05M58.00S,2022-12-15T00:57:04.2Z,1,REGULAR,freethrow,1 of 1,[],203944,,,1610612752,10,17,2022-12-15T00:57:04Z,760000,False,,,0,,J. Randle Free Throw 1 of 1 (9 PTS),[203944],30,1610612752.0,NYK,,,,Randle,J. Randle,,,,,,,,Made,9.0,,,,,,,,,,,,,,,,,
05:41,77,PT05M41.00S,2022-12-15T00:57:23.0Z,1,REGULAR,2pt,Hook,['pointsinthepaint'],202696,11.908672798948752,50.245098039215684,1610612741,12,17,2022-12-15T00:57:28Z,770000,False,-1.0,59.0,1,left,N. Vucevic Hook (6 PTS) (P. Williams 1 AST),"[202696, 1630172]",9,1610612741.0,CHI,,,,Vucevic,N. Vucevic,,,,,In The Paint (Non-RA),0-8 Center,5.94,Made,6.0,P. Williams,1630172.0,1.0,,,,,,,,,,,,,,
05:29,79,PT05M29.00S,2022-12-15T00:57:35.3Z,1,REGULAR,2pt,DUNK,['pointsinthepaint'],1629011,94.03745072273325,50.49019607843137,1610612752,12,19,2022-12-15T00:57:39Z,790000,False,2.0,4.0,1,right,M. Robinson alley-oop DUNK (2 PTS) (R. Barrett 1 AST),"[1629011, 1629628]",23,1610612752.0,NYK,alley-oop,,,Robinson,M. Robinson,,,,,Restricted Area,0-8 Center,0.43,Made,2.0,R. Barrett,1629628.0,1.0,,,,,,,,,,,,,,
05:18,81,PT05M18.00S,2022-12-15T00:57:48.2Z,1,REGULAR,foul,personal,['2freethrow'],1629628,,,1610612741,12,19,2022-12-15T00:58:07Z,810000,False,,,0,,R. Barrett shooting personal FOUL (1 PF) (DeRozan 2 FT),"[1629628, 201942]",9,1610612752.0,NYK,shooting,,,Barrett,R. Barrett,,,,,Restricted Area,0-8 Center,,,,,,,,,,,201246.0,1.0,0.0,DeRozan,201942.0,,,,,
05:18,83,PT05M18.00S,2022-12-15T00:58:17.3Z,1,REGULAR,freethrow,1 of 2,[],201942,,,1610612741,12,19,2022-12-15T00:58:17Z,830000,False,,,0,,MISS D. DeRozan Free Throw 1 of 2,[201942],11,1610612741.0,CHI,,,,DeRozan,D. DeRozan,,,,,,,,Missed,,,,,,,,,,,,,,,,,,
05:18,84,PT05M18.00S,2022-12-15T00:58:17.3Z,1,REGULAR,rebound,offensive,"['deadball', 'team']",0,,,1610612741,12,19,2022-12-15T00:58:17Z,840000,False,,,0,,TEAM offensive REBOUND,[],,1610612741.0,CHI,,,,,,,,,,,,,,,,,,83.0,,,,,,,,,,,,,
05:18,85,PT05M18.00S,2022-12-15T00:58:18.3Z,1,REGULAR,substitution,out,[],1629628,,,1610612741,12,19,2022-12-15T00:58:21Z,850000,False,,,0,,SUB out: R. Barrett,[1629628],9,1610612752.0,NYK,,,,Barrett,R. Barrett,,,,,,,,,,,,,,,,,,,,,,,,,,
05:18,86,PT05M18.00S,2022-12-15T00:58:18.3Z,1,REGULAR,substitution,in,[],1630193,,,1610612741,12,19,2022-12-15T00:58:21Z,860000,False,,,0,,SUB in: I. Quickley,[1630193],5,1610612752.0,NYK,,,,Quickley,I. Quickley,,,,,,,,,,,,,,,,,,,,,,,,,,
05:18,87,PT05M18.00S,2022-12-15T00:58:42.1Z,1,REGULAR,freethrow,2 of 2,[],201942,,,1610612741,13,19,2022-12-15T00:58:42Z,870000,False,,,0,,D. DeRozan Free Throw 2 of 2 (1 PTS),[201942],11,1610612741.0,CHI,,,,DeRozan,D. DeRozan,,,,,,,,Made,1.0,,,,,,,,,,,,,,,,,
05:14,88,PT05M14.00S,2022-12-15T00:58:52.1Z,1,REGULAR,foul,personal,['2freethrow'],203897,,,1610612752,13,19,2022-12-15T00:58:59Z,880000,False,,,0,,Z. LaVine shooting personal FOUL (1 PF) (Brunson 2 FT),"[203897, 1628973]",8,1610612741.0,CHI,shooting,,,LaVine,Z. LaVine,,,,,In The Paint (Non-RA),8-16 Center,,,,,,,,,,,202058.0,1.0,0.0,Brunson,1628973.0,,,,,
05:14,90,PT05M14.00S,2022-12-15T00:59:18.1Z,1,REGULAR,freethrow,1 of 2,['fastbreak'],1628973,,,1610612752,13,20,2022-12-15T00:59:18Z,900000,False,,,0,,J. Brunson Free Throw 1 of 2 (1 PTS),[1628973],11,1610612752.0,NYK,,,,Brunson,J. Brunson,,,,,,,,Made,1.0,,,,,,,,,,,,,,,,,
05:14,91,PT05M14.00S,2022-12-15T00:59:18.9Z,1,REGULAR,substitution,out,[],201942,,,1610612752,13,20,2022-12-15T00:59:24Z,910000,False,,,0,,SUB out: D. DeRozan,[201942],11,1610612741.0,CHI,,,,DeRozan,D. DeRozan,,,,,,,,,,,,,,,,,,,,,,,,,,
05:14,92,PT05M14.00S,2022-12-15T00:59:18.9Z,1,REGULAR,substitution,in,[],1629750,,,1610612752,13,20,2022-12-15T00:59:24Z,920000,False,,,0,,SUB in: J. Green,[1629750],24,1610612741.0,CHI,,,,Green,J. Green,,,,,,,,,,,,,,,,,,,,,,,,,,
05:14,93,PT05M14.00S,2022-12-15T00:59:39.3Z,1,REGULAR,freethrow,2 of 2,['fastbreak'],1628973,,,1610612752,13,21,2022-12-15T00:59:39Z,930000,False,,,0,,J. Brunson Free Throw 2 of 2 (2 PTS),[1628973],11,1610612752.0,NYK,,,,Brunson,J. Brunson,,,,,,,,Made,2.0,,,,,,,,,,,,,,,,,
05:03,94,PT05M03.00S,2022-12-15T00:59:52.0Z,1,REGULAR,3pt,Jump Shot,[],202696,30.699737187910642,34.55882352941176,1610612741,13,21,2022-12-15T00:59:59Z,940000,False,77.0,236.0,1,left,MISS N. Vucevic 24' 3PT,[202696],9,1610612741.0,CHI,,,,Vucevic,N. Vucevic,,,,,Above the Break 3,24+ Center,24.84,Missed,,,,,,,,,,,,,,,,,,
04:58,95,PT04M58.00S,2022-12-15T00:59:57.0Z,1,REGULAR,rebound,defensive,[],1630193,,,1610612752,13,21,2022-12-15T00:59:59Z,950000,False,,,0,,I. Quickley REBOUND (Off:0 Def:1),[1630193],5,1610612752.0,NYK,,,,Quickley,I. Quickley,,,,,Above the Break 3,24+ Center,,,,,,,94.0,1.0,1.0,0.0,,,,,,,,,,
04:43,96,PT04M43.00S,2022-12-15T01:00:16.1Z,1,REGULAR,foul,personal,"['inpenalty', '2freethrow']",1629750,,,1610612752,13,21,2022-12-15T01:00:23Z,960000,False,,,0,,J. Green shooting personal FOUL (1 PF) (Randle 2 FT),"[1629750, 203944]",24,1610612741.0,CHI,shooting,,,Green,J. Green,,,,,Mid-Range,8-16 Center,,,,,,,,,,,202056.0,1.0,0.0,Randle,203944.0,,,,,
04:43,98,PT04M43.00S,2022-12-15T01:00:45.7Z,1,REGULAR,freethrow,1 of 2,[],203944,,,1610612752,13,22,2022-12-15T01:00:45Z,980000,False,,,0,,J. Randle Free Throw 1 of 2 (10 PTS),[203944],30,1610612752.0,NYK,,,,Randle,J. Randle,,,,,,,,Made,10.0,,,,,,,,,,,,,,,,,
04:43,99,PT04M43.00S,2022-12-15T01:01:02.9Z,1,REGULAR,freethrow,2 of 2,[],203944,,,1610612752,13,23,2022-12-15T01:01:02Z,990000,False,,,0,,J. Randle Free Throw 2 of 2 (11 PTS),[203944],30,1610612752.0,NYK,,,,Randle,J. Randle,,,,,,,,Made,11.0,,,,,,,,,,,,,,,,,
04:27,100,PT04M27.00S,2022-12-15T01:01:20.0Z,1,REGULAR,2pt,Layup,['pointsinthepaint'],202696,6.915243101182654,52.94117647058824,1610612741,15,23,2022-12-15T01:01:25Z,1000000,False,-15.0,13.0,1,left,N. Vucevic driving Layup (8 PTS),[202696],9,1610612741.0,CHI,driving,,,Vucevic,N. Vucevic,,,,,Restricted Area,0-8 Center,1.93,Made,8.0,,,,,,,,,,,,,,,,,
04:12,101,PT04M12.00S,2022-12-15T01:01:34.7Z,1,REGULAR,2pt,Jump Shot,['pointsinthepaint'],1628973,88.25558475689881,38.72549019607843,1610612752,15,23,2022-12-15T01:02:39Z,1010000,False,-56.0,58.0,1,right,MISS J. Brunson 8' driving floating Shot,[1628973],11,1610612752.0,NYK,driving floating,,,Brunson,J. Brunson,,,,,In The Paint (Non-RA),8-16 Left,8.08,Missed,,,,,,,,,,,,,,,,,,
04:09,102,PT04M09.00S,2022-12-15T01:01:37.7Z,1,REGULAR,rebound,defensive,[],1629750,,,1610612741,15,23,2022-12-15T01:01:37Z,1020000,False,,,0,,J. Green REBOUND (Off:0 Def:1),[1629750],24,1610612741.0,CHI,,,,Green,J. Green,,,,,In The Paint (Non-RA),8-16 Left,,,,,,,101.0,1.0,1.0,0.0,,,,,,,,,,
04:03,103,PT04M03.00S,2022-12-15T01:01:44.3Z,1,REGULAR,2pt,Layup,['pointsinthepaint'],202696,8.229303547963205,46.81372549019608,1610612741,15,23,2022-12-15T01:01:53Z,1030000,False,16.0,25.0,1,left,MISS N. Vucevic Layup - blocked,"[202696, 1629656]",9,1610612741.0,CHI,,,,Vucevic,N. Vucevic,,,,,Restricted Area,0-8 Center,2.95,Missed,,,,,,,,,,,,,,,,,Grimes,1629656.0
04:03,104,PT04M03.00S,2022-12-15T01:01:44.3Z,1,REGULAR,block,,[],1629656,,,1610612741,15,23,2022-12-15T01:02:26Z,1040000,False,,,0,,Q. Grimes BLOCK (1 BLK),[1629656],6,1610612752.0,NYK,,,,Grimes,Q. Grimes,,,,,Restricted Area,0-8 Center,,,,,,,,,,,,,,,,,,,,
04:00,105,PT04M00.00S,2022-12-15T01:01:47.3Z,1,REGULAR,rebound,defensive,[],1629656,,,1610612752,15,23,2022-12-15T01:01:53Z,1050000,False,,,0,,Q. Grimes REBOUND (Off:0 Def:1),[1629656],6,1610612752.0,NYK,,,,Grimes,Q. Grimes,,,,,Restricted Area,0-8 Center,,,,,,,103.0,1.0,1.0,0.0,,,,,,,,,,
03:55,106,PT03M55.00S,2022-12-15T01:01:52.6Z,1,REGULAR,2pt,Jump Shot,"['pointsinthepaint', 'fastbreak']",1630193,85.75886990801577,37.745098039215684,1610612752,15,23,2022-12-15T01:02:03Z,1060000,False,-61.0,81.0,1,right,MISS I. Quickley 10' driving floating Shot,[1630193],5,1610612752.0,NYK,driving floating,,,Quickley,I. Quickley,,,,,In The Paint (Non-RA),8-16 Left,10.19,Missed,,,,,,,,,,,,,,,,,,
03:52,107,PT03M52.00S,2022-12-15T01:01:55.6Z,1,REGULAR,rebound,defensive,[],202696,,,1610612741,15,23,2022-12-15T01:02:03Z,1070000,False,,,0,,N. Vucevic REBOUND (Off:0 Def:2),[202696],9,1610612741.0,CHI,,,,Vucevic,N. Vucevic,,,,,In The Paint (Non-RA),8-16 Left,,,,,,,106.0,2.0,2.0,0.0,,,,,,,,,,
03:49,108,PT03M49.00S,2022-12-15T01:01:58.5Z,1,REGULAR,3pt,Jump Shot,['fastbreak'],203897,26.888961892247043,18.872549019607842,1610612741,15,23,2022-12-15T01:04:10Z,1080000,False,156.0,200.0,1,left,MISS Z. LaVine 25' running pullup 3PT,[203897],8,1610612741.0,CHI,running pullup,,,LaVine,Z. LaVine,,,,,Above the Break 3,24+ Right Center,25.36,Missed,,,,,,,,,,,,,,,,,,
03:47,109,PT03M47.00S,2022-12-15T01:02:02.6Z,1,REGULAR,rebound,offensive,['team'],0,,,1610612741,15,23,2022-12-15T01:02:02Z,1090000,False,,,0,,TEAM offensive REBOUND,[],,1610612741.0,CHI,,,,,,,,,,Above the Break 3,24+ Right Center,,,,,,,108.0,,,,,,,,,,,,,
03:47,111,PT03M47.00S,2022-12-15T01:02:04.6Z,1,REGULAR,substitution,out,[],1629011,,,1610612741,15,23,2022-12-15T01:02:09Z,1110000,False,,,0,,SUB out: M. Robinson,[1629011],23,1610612752.0,NYK,,,,Robinson,M. Robinson,,,,,,,,,,,,,,,,,,,,,,,,,,
03:47,112,PT03M47.00S,2022-12-15T01:02:04.6Z,1,REGULAR,substitution,in,[],1628392,,,1610612741,15,23,2022-12-15T01:02:09Z,1120000,False,,,0,,SUB in: I. Hartenstein,[1628392],55,1610612752.0,NYK,,,,Hartenstein,I. Hartenstein,,,,,,,,,,,,,,,,,,,,,,,,,,
03:36,113,PT03M36.00S,2022-12-15T01:02:36.1Z,1,REGULAR,3pt,Jump Shot,['2ndchance'],1629750,26.231931668856767,18.137254901960784,1610612741,18,23,2022-12-15T01:02:41Z,1130000,False,159.0,194.0,1,left,J. Green 25' 3PT  (3 PTS) (P. Williams 2 AST),"[1629750, 1630172]",24,1610612741.0,CHI,,,,Green,J. Green,,,,,Above the Break 3,24+ Right Center,25.11,Made,3.0,P. Williams,1630172.0,2.0,,,,,,,,,,,,,,
03:21,115,PT03M21.00S,2022-12-15T01:02:51.6Z,1,REGULAR,2pt,Layup,['pointsinthepaint'],1628973,92.06636005256242,46.81372549019608,1610612752,18,23,2022-12-15T01:02:59Z,1150000,False,-16.0,22.0,1,right,MISS J. Brunson driving reverse Layup - blocked,"[1628973, 1629750]",11,1610612752.0,NYK,driving reverse,,,Brunson,J. Brunson,,,,,Restricted Area,0-8 Center,2.72,Missed,,,,,,,,,,,,,,,,,Green,1629750.0
03:21,116,PT03M21.00S,2022-12-15T01:02:51.6Z,1,REGULAR,block,,[],1629750,,,1610612752,18,23,2022-12-15T01:02:53Z,1160000,False,,,0,,J. Green BLOCK (1 BLK),[1629750],24,1610612741.0,CHI,,,,Green,J. Green,,,,,Restricted Area,0-8 Center,,,,,,,,,,,,,,,,,,,,
03:19,117,PT03M19.00S,2022-12-15T01:02:53.6Z,1,REGULAR,rebound,defensive,[],203897,,,1610612741,18,23,2022-12-15T01:02:59Z,1170000,False,,,0,,Z. LaVine REBOUND (Off:0 Def:2),[203897],8,1610612741.0,CHI,,,,LaVine,Z. LaVine,,,,,Restricted Area,0-8 Center,,,,,,,115.0,2.0,2.0,0.0,,,,,,,,,,
03:17,118,PT03M17.00S,2022-12-15T01:02:56.1Z,1,REGULAR,3pt,Jump Shot,['fastbreak'],1629632,20.844283837056505,87.99019607843137,1610612741,21,23,2022-12-15T01:05:40Z,1180000,False,-190.0,143.0,1,left,C. White 3PT running (3 PTS) (Z. LaVine 3 AST),"[1629632, 203897]",0,1610612741.0,CHI,running,,,White,C. White,,,,,Above the Break 3,24+ Left Center,23.8,Made,3.0,Z. LaVine,203897.0,3.0,,,,,,,,,,,,,,
02:48,120,PT02M48.00S,2022-12-15T01:03:24.6Z,1,REGULAR,2pt,Jump Shot,['pointsinthepaint'],203944,87.86136662286465,51.225490196078425,1610612752,21,25,2022-12-15T01:07:18Z,1200000,False,6.0,62.0,1,right,J. Randle 6' turnaround Jump Shot (13 PTS),[203944],30,1610612752.0,NYK,turnaround,,,Randle,J. Randle,,,,,In The Paint (Non-RA),0-8 Center,6.19,Made,13.0,,,,,,,,,,,,,,,,,
02:40,121,PT02M40.00S,2022-12-15T01:03:32.6Z,1,REGULAR,3pt,Jump Shot,[],1629632,21.107095926412615,90.44117647058823,1610612741,21,25,2022-12-15T01:07:53Z,1210000,False,-202.0,146.0,1,left,MISS C. White 24' step back 3PT,[1629632],0,1610612741.0,CHI,step back,,,White,C. White,,,,,Above the Break 3,24+ Left Center,24.93,Missed,,,,,,,,,,,,,,,,,,
02:37,122,PT02M37.00S,2022-12-15T01:03:35.6Z,1,REGULAR,rebound,defensive,[],1628392,,,1610612752,21,25,2022-12-15T01:03:37Z,1220000,False,,,0,,I. Hartenstein REBOUND (Off:0 Def:1),[1628392],55,1610612752.0,NYK,,,,Hartenstein,I. Hartenstein,,,,,Above the Break 3,24+ Left Center,,,,,,,121.0,1.0,1.0,0.0,,,,,,,,,,
02:27,123,PT02M27.00S,2022-12-15T01:03:44.6Z,1,REGULAR,2pt,Layup,['pointsinthepaint'],203944,94.30026281208936,51.470588235294116,1610612752,21,25,2022-12-15T01:03:49Z,1230000,False,7.0,1.0,1,right,MISS J. Randle driving Layup,[203944],30,1610612752.0,NYK,driving,,,Randle,J. Randle,,,,,Restricted Area,0-8 Center,0.75,Missed,,,,,,,,,,,,,,,,,,
02:24,124,PT02M24.00S,2022-12-15T01:03:48.2Z,1,REGULAR,rebound,offensive,[],1628392,,,1610612752,21,25,2022-12-15T01:03:48Z,1240000,False,,,0,,I. Hartenstein REBOUND (Off:1 Def:1),[1628392],55,1610612752.0,NYK,,,,Hartenstein,I. Hartenstein,,,,,Restricted Area,0-8 Center,,,,,,,123.0,2.0,1.0,1.0,,,,,,,,,,
02:24,125,PT02M24.00S,2022-12-15T01:03:48.2Z,1,REGULAR,2pt,Layup,"['2ndchance', 'pointsinthepaint']",1628392,94.40999984741211,50.0,1610612752,21,27,2022-12-15T01:08:34Z,1250000,False,0.0,0.0,1,right,I. Hartenstein tip Layup (2 PTS),[1628392],55,1610612752.0,NYK,tip,,,Hartenstein,I. Hartenstein,,,,,Restricted Area,0-8 Center,0.0,Made,2.0,,,,,,,,,,,,,,,,,
02:12,126,PT02M12.00S,2022-12-15T01:03:59.7Z,1,REGULAR,2pt,Jump Shot,[],203897,8.623521681997373,9.558823529411764,1610612741,21,27,2022-12-15T01:04:04Z,1260000,False,202.0,29.0,1,left,MISS Z. LaVine 20' step back Shot,[203897],8,1610612741.0,CHI,step back,,,LaVine,Z. LaVine,,,,,Mid-Range,16-24 Right,20.42,Missed,,,,,,,,,,,,,,,,,,
02:12,127,PT02M12.00S,2022-12-15T01:03:59.7Z,1,REGULAR,rebound,offensive,[],1630172,,,1610612741,21,27,2022-12-15T01:04:04Z,1270000,False,,,0,,P. Williams REBOUND (Off:1 Def:0),[1630172],44,1610612741.0,CHI,,,,Williams,P. Williams,,,,,Mid-Range,16-24 Right,,,,,,,126.0,1.0,0.0,1.0,,,,,,,,,,
02:12,128,PT02M12.00S,2022-12-15T01:04:03.9Z,1,REGULAR,2pt,Layup,"['pointsinthepaint', '2ndchance']",1630172,5.601182654402102,51.470588235294116,1610612741,23,27,2022-12-15T01:04:09Z,1280000,False,-7.0,0.0,1,left,P. Williams putback Layup (5 PTS),[1630172],44,1610612741.0,CHI,putback,,,Williams,P. Williams,,,,,Restricted Area,0-8 Center,0.74,Made,5.0,,,,,,,,,,,,,,,,,
02:12,129,PT02M12.00S,2022-12-15T01:04:06.5Z,1,REGULAR,foul,personal,['1freethrow'],1628392,,,1610612741,23,27,2022-12-15T01:04:57Z,1290000,False,,,0,,I. Hartenstein shooting personal FOUL (1 PF) (Williams 1 FT),"[1628392, 1630172]",55,1610612752.0,NYK,shooting,,,Hartenstein,I. Hartenstein,,,,,Restricted Area,0-8 Center,,,,,,,,,,,202058.0,1.0,0.0,Williams,1630172.0,,,,,
02:12,131,PT02M12.00S,2022-12-15T01:04:16.6Z,1,REGULAR,timeout,full,"['team', 'mandatory']",0,,,1610612741,23,27,2022-12-15T01:04:16Z,1310000,False,,,0,,NYK Timeout,[],,1610612752.0,NYK,,,,,,,,,,,,,,,,,,,,,,,,,,,,,,,
02:12,132,PT02M12.00S,2022-12-15T01:06:35.4Z,1,REGULAR,substitution,out,[],203897,,,1610612741,23,27,2022-12-15T01:07:08Z,1320000,False,,,0,,SUB out: Z. LaVine,[203897],8,1610612741.0,CHI,,,,LaVine,Z. LaVine,,,,,,,,,,,,,,,,,,,,,,,,,,
02:12,133,PT02M12.00S,2022-12-15T01:06:35.4Z,1,REGULAR,substitution,out,[],202696,,,1610612741,23,27,2022-12-15T01:07:08Z,1330000,False,,,0,,SUB out: N. Vucevic,[202696],9,1610612741.0,CHI,,,,Vucevic,N. Vucevic,,,,,,,,,,,,,,,,,,,,,,,,,,
02:12,135,PT02M12.00S,2022-12-15T01:06:35.4Z,1,REGULAR,substitution,out,[],1628973,,,1610612741,23,27,2022-12-15T01:07:08Z,1350000,False,,,0,,SUB out: J. Brunson,[1628973],11,1610612752.0,NYK,,,,Brunson,J. Brunson,,,,,,,,,,,,,,,,,,,,,,,,,,
02:12,136,PT02M12.00S,2022-12-15T01:06:35.4Z,1,REGULAR,substitution,in,[],203083,,,1610612741,23,27,2022-12-15T01:07:08Z,1360000,False,,,0,,SUB in: A. Drummond,[203083],3,1610612741.0,CHI,,,,Drummond,A. Drummond,,,,,,,,,,,,,,,,,,,,,,,,,,
02:12,138,PT02M12.00S,2022-12-15T01:06:35.4Z,1,REGULAR,substitution,in,[],201609,,,1610612741,23,27,2022-12-15T01:07:08Z,1380000,False,,,0,,SUB in: G. Dragic,[201609],7,1610612741.0,CHI,,,,Dragic,G. Dragic,,,,,,,,,,,,,,,,,,,,,,,,,,
02:12,139,PT02M12.00S,2022-12-15T01:06:35.4Z,1,REGULAR,substitution,in,[],1630540,,,1610612741,23,27,2022-12-15T01:07:08Z,1390000,False,,,0,,SUB in: M. McBride,[1630540],2,1610612752.0,NYK,,,,McBride,M. McBride,,,,,,,,,,,,,,,,,,,,,,,,,,
02:12,140,PT02M12.00S,2022-12-15T01:07:54.4Z,1,REGULAR,freethrow,1 of 1,['2ndchance'],1630172,,,1610612741,24,27,2022-12-15T01:07:54Z,1400000,False,,,0,,P. Williams Free Throw 1 of 1 (6 PTS),[1630172],44,1610612741.0,CHI,,,,Williams,P. Williams,,,,,,,,Made,6.0,,,,,,,,,,,,,,,,,
01:57,141,PT01M57.00S,2022-12-15T01:08:07.6Z,1,REGULAR,3pt,Jump Shot,[],1629656,71.30420499342969,79.65686274509804,1610612752,24,27,2022-12-15T01:10:58Z,1410000,False,148.0,217.0,1,right,MISS Q. Grimes 26' 3PT,[1629656],6,1610612752.0,NYK,,,,Grimes,Q. Grimes,,,,,Above the Break 3,24+ Right Center,26.3,Missed,,,,,,,,,,,,,,,,,,
01:55,142,PT01M55.00S,2022-12-15T01:08:09.6Z,1,REGULAR,rebound,defensive,[],203083,,,1610612741,24,27,2022-12-15T01:10:58Z,1420000,False,,,0,,A. Drummond REBOUND (Off:0 Def:1),[203083],3,1610612741.0,CHI,,,,Drummond,A. Drummond,,,,,Above the Break 3,24+ Right Center,,,,,,,141.0,1.0,1.0,0.0,,,,,,,,,,
01:43,158,PT01M43.00S,2022-12-15T01:08:11.1Z,1,REGULAR,turnover,bad pass,[],203083,,,1610612741,24,27,2022-12-15T01:10:52Z,1425000,False,,,0,,A. Drummond bad pass TURNOVER (1 TO),"[203083, 1630193]",3,1610612741.0,CHI,,,,Drummond,A. Drummond,,,,,Restricted Area,0-8 Center,,,,,,,,,,,,,,,,1.0,Quickley,1630193.0,,
01:43,159,PT01M43.00S,2022-12-15T01:08:11.1Z,1,REGULAR,steal,,[],1630193,,,1610612752,24,27,2022-12-15T01:10:52Z,1427500,False,,,0,,I. Quickley STEAL (1 STL),[1630193],5,1610612752.0,NYK,,,,Quickley,I. Quickley,,,,,Restricted Area,0-8 Center,,,,,,,,,,,,,,,,,,,,
01:25,145,PT01M25.00S,2022-12-15T01:08:29.3Z,1,REGULAR,turnover,traveling,[],203944,,,1610612752,24,27,2022-12-15T01:10:08Z,1450000,False,,,0,,J. Randle traveling TURNOVER (1 TO),[203944],30,1610612752.0,NYK,,,,Randle,J. Randle,,,,,In The Paint (Non-RA),0-8 Center,,,,,,,,,,,201246.0,,,,,1.0,,,,
01:25,146,PT01M25.00S,2022-12-15T01:08:40.0Z,1,REGULAR,substitution,out,[],1630172,,,1610612741,24,27,2022-12-15T01:08:48Z,1460000,False,,,0,,SUB out: P. Williams,[1630172],44,1610612741.0,CHI,,,,Williams,P. Williams,,,,,,,,,,,,,,,,,,,,,,,,,,
01:25,147,PT01M25.00S,2022-12-15T01:08:40.0Z,1,REGULAR,substitution,in,[],201942,,,1610612741,24,27,2022-12-15T01:08:48Z,1470000,False,,,0,,SUB in: D. DeRozan,[201942],11,1610612741.0,CHI,,,,DeRozan,D. DeRozan,,,,,,,,,,,,,,,,,,,,,,,,,,
01:25,149,PT01M25.00S,2022-12-15T01:08:40.0Z,1,REGULAR,substitution,out,[],1629656,,,1610612741,24,27,2022-12-15T01:09:18Z,1475000,False,,,0,,SUB out: Q. Grimes,[1629656],6,1610612752.0,NYK,,,,Grimes,Q. Grimes,,,,,,,,,,,,,,,,,,,,,,,,,,
01:25,150,PT01M25.00S,2022-12-15T01:08:40.0Z,1,REGULAR,substitution,in,[],1629628,,,1610612741,24,27,2022-12-15T01:09:18Z,1477500,False,,,0,,SUB in: R. Barrett,[1629628],9,1610612752.0,NYK,,,,Barrett,R. Barrett,,,,,,,,,,,,,,,,,,,,,,,,,,
01:07,148,PT01M07.00S,2022-12-15T01:09:08.4Z,1,REGULAR,2pt,Layup,"['pointsinthepaint', 'fromturnover']",1629632,5.206964520367937,51.225490196078425,1610612741,26,27,2022-12-15T01:12:27Z,1480000,False,-6.0,-4.0,1,left,C. White driving Layup (5 PTS) (A. Drummond 1 AST),"[1629632, 203083]",0,1610612741.0,CHI,driving,,,White,C. White,,,,,Restricted Area,0-8 Center,0.71,Made,5.0,A. Drummond,203083.0,1.0,,,,,,,,,,,,,,
00:54,151,PT00M54.20S,2022-12-15T01:09:25.5Z,1,REGULAR,foul,personal,"['inpenalty', '3freethrow']",1629750,,,1610612752,26,27,2022-12-15T01:09:32Z,1490000,False,,,0,,J. Green shooting personal FOUL (2 PF) (Randle 3 FT),"[1629750, 203944]",24,1610612741.0,CHI,shooting,,,Green,J. Green,,,,,Above the Break 3,24+ Center,,,,,,,,,,,201246.0,2.0,0.0,Randle,203944.0,,,,,
00:54,153,PT00M54.20S,2022-12-15T01:09:58.1Z,1,REGULAR,freethrow,1 of 3,[],203944,,,1610612752,26,28,2022-12-15T01:11:21Z,1510000,False,,,0,,J. Randle Free Throw 1 of 3 (14 PTS),[203944],30,1610612752.0,NYK,,,,Randle,J. Randle,,,,,,,,Made,14.0,,,,,,,,,,,,,,,,,
00:54,154,PT00M54.20S,2022-12-15T01:09:58.1Z,1,REGULAR,freethrow,2 of 3,[],203944,,,1610612752,26,29,2022-12-15T01:11:21Z,1520000,False,,,0,,J. Randle Free Throw 2 of 3 (15 PTS),[203944],30,1610612752.0,NYK,,,,Randle,J. Randle,,,,,,,,Made,15.0,,,,,,,,,,,,,,,,,
00:54,155,PT00M54.20S,2022-12-15T01:10:19.2Z,1,REGULAR,substitution,out,[],1629750,,,1610612752,26,29,2022-12-15T01:10:25Z,1530000,False,,,0,,SUB out: J. Green,[1629750],24,1610612741.0,CHI,,,,Green,J. Green,,,,,,,,,,,,,,,,,,,,,,,,,,
00:54,156,PT00M54.20S,2022-12-15T01:10:19.2Z,1,REGULAR,substitution,in,[],1627884,,,1610612752,26,29,2022-12-15T01:10:25Z,1540000,False,,,0,,SUB in: D. Jones Jr.,[1627884],5,1610612741.0,CHI,,,,Jones Jr.,D. Jones Jr.,,,,,,,,,,,,,,,,,,,,,,,,,,
00:54,157,PT00M54.20S,2022-12-15T01:09:58.1Z,1,REGULAR,freethrow,3 of 3,[],203944,,,1610612752,26,29,2022-12-15T01:11:21Z,1550000,False,,,0,,MISS J. Randle Free Throw 3 of 3,[203944],30,1610612752.0,NYK,,,,Randle,J. Randle,,,,,,,,Missed,,,,,,,,,,,,,,,,,,
00:49,160,PT00M49.00S,2022-12-15T01:10:03.3Z,1,REGULAR,rebound,offensive,[],1628392,,,1610612752,26,29,2022-12-15T01:11:21Z,1560000,False,,,0,,I. Hartenstein REBOUND (Off:2 Def:1),[1628392],55,1610612752.0,NYK,,,,Hartenstein,I. Hartenstein,,,,,,,,,,,,,157.0,3.0,1.0,2.0,,,,,,,,,,
00:49,161,PT00M49.00S,2022-12-15T01:10:54.4Z,1,REGULAR,2pt,Layup,"['pointsinthepaint', '2ndchance']",1628392,94.40999984741211,50.0,1610612752,26,29,2022-12-15T01:10:54Z,1570000,False,0.0,0.0,1,right,MISS I. Hartenstein tip Layup,[1628392],55,1610612752.0,NYK,tip,,,Hartenstein,I. Hartenstein,,,,,Mid-Range,8-16 Left,0.0,Missed,,,,,,,,,,,,,,,,,,
00:47,162,PT00M47.30S,2022-12-15T01:10:56.1Z,1,REGULAR,rebound,offensive,[],1628392,,,1610612752,26,29,2022-12-15T01:10:56Z,1580000,False,,,0,,I. Hartenstein REBOUND (Off:3 Def:1),[1628392],55,1610612752.0,NYK,,,,Hartenstein,I. Hartenstein,,,,,Mid-Range,8-16 Left,,,,,,,161.0,4.0,1.0,3.0,,,,,,,,,,
00:47,163,PT00M47.30S,2022-12-15T01:10:56.1Z,1,REGULAR,2pt,Layup,"['pointsinthepaint', '2ndchance']",1628392,94.40999984741211,50.0,1610612752,26,29,2022-12-15T01:10:56Z,1590000,False,0.0,0.0,1,right,MISS I. Hartenstein tip Layup,[1628392],55,1610612752.0,NYK,tip,,,Hartenstein,I. Hartenstein,,,,,Mid-Range,8-16 Left,0.0,Missed,,,,,,,,,,,,,,,,,,
00:46,164,PT00M46.50S,2022-12-15T01:10:56.9Z,1,REGULAR,rebound,defensive,[],203083,,,1610612741,26,29,2022-12-15T01:10:56Z,1600000,False,,,0,,A. Drummond REBOUND (Off:0 Def:2),[203083],3,1610612741.0,CHI,,,,Drummond,A. Drummond,,,,,Mid-Range,8-16 Left,,,,,,,163.0,2.0,2.0,0.0,,,,,,,,,,
00:39,165,PT00M39.10S,2022-12-15T01:11:04.3Z,1,REGULAR,3pt,Jump Shot,[],201609,20.318659658344284,8.57843137254902,1610612741,26,29,2022-12-15T01:14:51Z,1610000,False,207.0,138.0,1,left,MISS G. Dragic 24' pullup 3PT,[201609],7,1610612741.0,CHI,pullup,,,Dragic,G. Dragic,,,,,Above the Break 3,24+ Right Center,24.91,Missed,,,,,,,,,,,,,,,,,,
00:37,166,PT00M37.10S,2022-12-15T01:11:06.3Z,1,REGULAR,rebound,defensive,[],203944,,,1610612752,26,29,2022-12-15T01:11:06Z,1620000,False,,,0,,J. Randle REBOUND (Off:0 Def:4),[203944],30,1610612752.0,NYK,,,,Randle,J. Randle,,,,,Above the Break 3,24+ Right Center,,,,,,,165.0,4.0,4.0,0.0,,,,,,,,,,
00:31,167,PT00M31.40S,2022-12-15T01:11:12.1Z,1,REGULAR,3pt,Jump Shot,['fastbreak'],203944,69.46452036793693,23.284313725490197,1610612752,26,29,2022-12-15T01:17:28Z,1630000,False,-134.0,235.0,1,right,MISS J. Randle 26' running pullup 3PT,[203944],30,1610612752.0,NYK,running pullup,,,Randle,J. Randle,,,,,Above the Break 3,24+ Left Center,26.99,Missed,,,,,,,,,,,,,,,,,,
00:26,168,PT00M26.20S,2022-12-15T01:11:17.3Z,1,REGULAR,rebound,defensive,[],201942,,,1610612741,26,29,2022-12-15T01:11:31Z,1640000,False,,,0,,D. DeRozan REBOUND (Off:0 Def:3),[201942],11,1610612741.0,CHI,,,,DeRozan,D. DeRozan,,,,,Above the Break 3,24+ Left Center,,,,,,,167.0,3.0,3.0,0.0,,,,,,,,,,
00:16,169,PT00M16.60S,2022-12-15T01:11:28.9Z,1,REGULAR,foul,personal,['2freethrow'],1628392,,,1610612741,26,29,2022-12-15T01:11:41Z,1650000,False,,,0,,I. Hartenstein shooting personal FOUL (2 PF) (DeRozan 2 FT),"[1628392, 201942]",55,1610612752.0,NYK,shooting,,,Hartenstein,I. Hartenstein,,,,,Mid-Range,8-16 Left,,,,,,,,,,,201246.0,2.0,0.0,DeRozan,201942.0,,,,,
00:16,171,PT00M16.60S,2022-12-15T01:11:51.9Z,1,REGULAR,freethrow,1 of 2,[],201942,,,1610612741,27,29,2022-12-15T01:11:51Z,1670000,False,,,0,,D. DeRozan Free Throw 1 of 2 (2 PTS),[201942],11,1610612741.0,CHI,,,,DeRozan,D. DeRozan,,,,,,,,Made,2.0,,,,,,,,,,,,,,,,,
00:16,172,PT00M16.60S,2022-12-15T01:11:52.9Z,1,REGULAR,substitution,out,[],201609,,,1610612741,27,29,2022-12-15T01:11:58Z,1680000,False,,,0,,SUB out: G. Dragic,[201609],7,1610612741.0,CHI,,,,Dragic,G. Dragic,,,,,,,,,,,,,,,,,,,,,,,,,,
00:16,173,PT00M16.60S,2022-12-15T01:11:52.9Z,1,REGULAR,substitution,in,[],1630172,,,1610612741,27,29,2022-12-15T01:11:58Z,1690000,False,,,0,,SUB in: P. Williams,[1630172],44,1610612741.0,CHI,,,,Williams,P. Williams,,,,,,,,,,,,,,,,,,,,,,,,,,
00:16,174,PT00M16.60S,2022-12-15T01:12:10.3Z,1,REGULAR,freethrow,2 of 2,[],201942,,,1610612741,28,29,2022-12-15T01:12:10Z,1700000,False,,,0,,D. DeRozan Free Throw 2 of 2 (3 PTS),[201942],11,1610612741.0,CHI,,,,DeRozan,D. DeRozan,,,,,,,,Made,3.0,,,,,,,,,,,,,,,,,
00:01,175,PT00M01.10S,2022-12-15T01:12:27.5Z,1,REGULAR,2pt,Jump Shot,['pointsinthepaint'],1630193,87.86136662286465,59.80392156862745,1610612752,28,29,2022-12-15T01:12:33Z,1710000,False,49.0,62.0,1,right,MISS I. Quickley 7' driving floating bank Shot,[1630193],5,1610612752.0,NYK,driving floating bank,,,Quickley,I. Quickley,,,,,In The Paint (Non-RA),0-8 Center,7.87,Missed,,,,,,,,,,,,,,,,,,
00:01,176,PT00M01.10S,2022-12-15T01:12:27.5Z,1,REGULAR,rebound,defensive,[],1629632,,,1610612741,28,29,2022-12-15T01:12:33Z,1720000,False,,,0,,C. White REBOUND (Off:0 Def:1),[1629632],0,1610612741.0,CHI,,,,White,C. White,,,,,In The Paint (Non-RA),0-8 Center,,,,,,,175.0,1.0,1.0,0.0,,,,,,,,,,
00:00,177,PT00M00.00S,2022-12-15T01:12:32.8Z,1,REGULAR,period,end,[],0,,,1610612741,28,29,2022-12-15T01:12:32Z,1730000,False,,,0,,Period End,[],,,,,,,,,,,,,,,,,,,,,,,,,,,,,,,,,,
12:00,179,PT12M00.00S,2022-12-15T01:15:08.0Z,2,REGULAR,substitution,out,['startperiod'],1630172,,,1610612741,28,29,2022-12-15T01:15:54Z,1740000,False,,,0,,SUB out: P. Williams,[1630172],44,1610612741.0,CHI,,,,Williams,P. Williams,,,,,,,,,,,,,,,,,,,,,,,,,,
12:00,180,PT12M00.00S,2022-12-15T01:15:08.0Z,2,REGULAR,substitution,out,['startperiod'],203944,,,1610612741,28,29,2022-12-15T01:15:54Z,1750000,False,,,0,,SUB out: J. Randle,[203944],30,1610612752.0,NYK,,,,Randle,J. Randle,,,,,,,,,,,,,,,,,,,,,,,,,,
12:00,181,PT12M00.00S,2022-12-15T01:15:08.0Z,2,REGULAR,substitution,in,['startperiod'],201609,,,1610612741,28,29,2022-12-15T01:15:54Z,1760000,False,,,0,,SUB in: G. Dragic,[201609],7,1610612741.0,CHI,,,,Dragic,G. Dragic,,,,,,,,,,,,,,,,,,,,,,,,,,
12:00,182,PT12M00.00S,2022-12-15T01:15:08.0Z,2,REGULAR,substitution,in,['startperiod'],1630579,,,1610612741,28,29,2022-12-15T01:15:54Z,1770000,False,,,0,,SUB in: J. Sims,[1630579],45,1610612752.0,NYK,,,,Sims,J. Sims,,,,,,,,,,,,,,,,,,,,,,,,,,
12:00,183,PT12M00.00S,2022-12-15T01:16:09.0Z,2,REGULAR,period,start,[],0,,,1610612741,28,29,2022-12-15T01:16:09Z,1780000,False,,,0,,Period Start,[],,,,,,,,,,,,,,,,,,,,,,,,,,,,,,,,,,
11:45,184,PT11M45.00S,2022-12-15T01:16:22.8Z,2,REGULAR,2pt,Jump Shot,['pointsinthepaint'],201942,17.427726675427067,45.83333333333333,1610612741,28,29,2022-12-15T01:19:03Z,1790000,False,21.0,111.0,1,left,MISS D. DeRozan 11' turnaround fadeaway Shot,[201942],11,1610612741.0,CHI,turnaround fadeaway,,,DeRozan,D. DeRozan,,,,,In The Paint (Non-RA),8-16 Center,11.32,Missed,,,,,,,,,,,,,,,,,,
11:43,185,PT11M43.00S,2022-12-15T01:16:24.8Z,2,REGULAR,rebound,defensive,[],1629628,,,1610612752,28,29,2022-12-15T01:16:26Z,1800000,False,,,0,,R. Barrett REBOUND (Off:0 Def:1),[1629628],9,1610612752.0,NYK,,,,Barrett,R. Barrett,,,,,In The Paint (Non-RA),8-16 Center,,,,,,,184.0,1.0,1.0,0.0,,,,,,,,,,
11:37,186,PT11M37.00S,2022-12-15T01:16:33.3Z,2,REGULAR,foul,personal,['2freethrow'],201942,,,1610612752,28,29,2022-12-15T01:16:43Z,1810000,False,,,0,,D. DeRozan shooting personal FOUL (1 PF) (Barrett 2 FT),"[201942, 1629628]",11,1610612741.0,CHI,shooting,,,DeRozan,D. DeRozan,,,,,In The Paint (Non-RA),8-16 Center,,,,,,,,,,,202058.0,1.0,0.0,Barrett,1629628.0,,,,,
11:37,188,PT11M37.00S,2022-12-15T01:16:56.4Z,2,REGULAR,freethrow,1 of 2,['fastbreak'],1629628,,,1610612752,28,30,2022-12-15T01:16:56Z,1830000,False,,,0,,R. Barrett Free Throw 1 of 2 (4 PTS),[1629628],9,1610612752.0,NYK,,,,Barrett,R. Barrett,,,,,,,,Made,4.0,,,,,,,,,,,,,,,,,
11:37,189,PT11M37.00S,2022-12-15T01:17:09.0Z,2,REGULAR,freethrow,2 of 2,['fastbreak'],1629628,,,1610612752,28,31,2022-12-15T01:17:09Z,1840000,False,,,0,,R. Barrett Free Throw 2 of 2 (5 PTS),[1629628],9,1610612752.0,NYK,,,,Barrett,R. Barrett,,,,,,,,Made,5.0,,,,,,,,,,,,,,,,,
11:19,190,PT11M19.00S,2022-12-15T01:17:32.3Z,2,REGULAR,2pt,Jump Shot,['pointsinthepaint'],201942,9.674770039421814,63.970588235294116,1610612741,30,31,2022-12-15T01:17:39Z,1850000,False,-70.0,38.0,1,left,D. DeRozan 7' fadeaway bank Jump Shot (5 PTS) (A. Drummond 2 AST),"[201942, 203083]",11,1610612741.0,CHI,fadeaway bank,,,DeRozan,D. DeRozan,,,,,In The Paint (Non-RA),0-8 Center,7.98,Made,5.0,A. Drummond,203083.0,2.0,,,,,,,,,,,,,,
11:19,192,PT11M19.00S,2022-12-15T01:17:35.4Z,2,REGULAR,foul,personal,['1freethrow'],1629628,,,1610612741,30,31,2022-12-15T01:17:56Z,1870000,False,,,0,,R. Barrett shooting personal FOUL (2 PF) (DeRozan 1 FT),"[1629628, 201942]",9,1610612752.0,NYK,shooting,,,Barrett,R. Barrett,,,,,In The Paint (Non-RA),0-8 Center,,,,,,,,,,,202058.0,2.0,0.0,DeRozan,201942.0,,,,,
11:19,194,PT11M19.00S,2022-12-15T01:17:58.4Z,2,REGULAR,freethrow,1 of 1,[],201942,,,1610612741,31,31,2022-12-15T01:17:58Z,1890000,False,,,0,,D. DeRozan Free Throw 1 of 1 (6 PTS),[201942],11,1610612741.0,CHI,,,,DeRozan,D. DeRozan,,,,,,,,Made,6.0,,,,,,,,,,,,,,,,,
11:04,195,PT11M04.00S,2022-12-15T01:18:14.8Z,2,REGULAR,2pt,DUNK,['pointsinthepaint'],1630579,93.77463863337714,52.20588235294118,1610612752,31,33,2022-12-15T01:18:20Z,1900000,False,11.0,6.0,1,right,J. Sims alley-oop DUNK (2 PTS) (I. Quickley 1 AST),"[1630579, 1630193]",45,1610612752.0,NYK,alley-oop,,,Sims,J. Sims,,,,,Restricted Area,0-8 Center,1.25,Made,2.0,I. Quickley,1630193.0,1.0,,,,,,,,,,,,,,
10:53,197,PT10M53.00S,2022-12-15T01:18:27.1Z,2,REGULAR,3pt,Jump Shot,[],1627884,24.52365308804205,85.29411764705883,1610612741,31,33,2022-12-15T01:18:33Z,1920000,False,-176.0,178.0,1,left,MISS D. Jones Jr. 25' 3PT,[1627884],5,1610612741.0,CHI,,,,Jones Jr.,D. Jones Jr.,,,,,Above the Break 3,24+ Left Center,25.07,Missed,,,,,,,,,,,,,,,,,,
10:51,198,PT10M51.00S,2022-12-15T01:18:29.1Z,2,REGULAR,rebound,defensive,[],1630193,,,1610612752,31,33,2022-12-15T01:18:33Z,1930000,False,,,0,,I. Quickley REBOUND (Off:0 Def:2),[1630193],5,1610612752.0,NYK,,,,Quickley,I. Quickley,,,,,Above the Break 3,24+ Left Center,,,,,,,197.0,2.0,2.0,0.0,,,,,,,,,,
10:47,199,PT10M47.00S,2022-12-15T01:18:32.7Z,2,REGULAR,2pt,Layup,"['pointsinthepaint', 'fastbreak']",1630193,91.27792378449409,50.98039215686274,1610612752,31,33,2022-12-15T01:18:39Z,1940000,False,5.0,29.0,1,right,MISS I. Quickley running Layup - blocked,"[1630193, 1627884]",5,1610612752.0,NYK,running,,,Quickley,I. Quickley,,,,,Restricted Area,0-8 Center,2.99,Missed,,,,,,,,,,,,,,,,,Jones Jr.,1627884.0
10:47,200,PT10M47.00S,2022-12-15T01:18:32.7Z,2,REGULAR,block,,[],1627884,,,1610612752,31,33,2022-12-15T01:18:35Z,1950000,False,,,0,,D. Jones Jr. BLOCK (1 BLK),[1627884],5,1610612741.0,CHI,,,,Jones Jr.,D. Jones Jr.,,,,,Restricted Area,0-8 Center,,,,,,,,,,,,,,,,,,,,
10:44,201,PT10M44.00S,2022-12-15T01:18:35.7Z,2,REGULAR,rebound,offensive,[],1628392,,,1610612752,31,33,2022-12-15T01:19:11Z,1960000,False,,,0,,I. Hartenstein REBOUND (Off:4 Def:1),[1628392],55,1610612752.0,NYK,,,,Hartenstein,I. Hartenstein,,,,,Restricted Area,0-8 Center,,,,,,,199.0,5.0,1.0,4.0,,,,,,,,,,
10:34,202,PT10M34.00S,2022-12-15T01:18:45.5Z,2,REGULAR,3pt,Jump Shot,['2ndchance'],1629628,94.1688567674113,96.32352941176471,1610612752,31,36,2022-12-15T01:18:51Z,1970000,False,232.0,2.0,1,right,R. Barrett 3PT  (8 PTS) (I. Quickley 2 AST),"[1629628, 1630193]",9,1610612752.0,NYK,,,,Barrett,R. Barrett,,,,,Right Corner 3,24+ Right,23.16,Made,8.0,I. Quickley,1630193.0,2.0,,,,,,,,,,,,,,
10:17,204,PT10M17.00S,2022-12-15T01:19:01.9Z,2,REGULAR,2pt,Jump Shot,['pointsinthepaint'],1629632,10.988830486202366,54.166666666666664,1610612741,31,36,2022-12-15T01:19:06Z,1990000,False,-21.0,51.0,1,left,MISS C. White driving floating Shot,[1629632],0,1610612741.0,CHI,driving floating,,,White,C. White,,,,,In The Paint (Non-RA),0-8 Center,5.49,Missed,,,,,,,,,,,,,,,,,,
10:14,205,PT10M14.00S,2022-12-15T01:19:04.9Z,2,REGULAR,rebound,defensive,[],1628392,,,1610612752,31,36,2022-12-15T01:19:06Z,2000000,False,,,0,,I. Hartenstein REBOUND (Off:4 Def:2),[1628392],55,1610612752.0,NYK,,,,Hartenstein,I. Hartenstein,,,,,In The Paint (Non-RA),0-8 Center,,,,,,,204.0,6.0,2.0,4.0,,,,,,,,,,
10:04,206,PT10M04.00S,2022-12-15T01:19:15.2Z,2,REGULAR,3pt,Jump Shot,[],1630193,68.9388961892247,27.205882352941174,1610612752,31,36,2022-12-15T01:23:05Z,2010000,False,-114.0,239.0,1,right,MISS I. Quickley 26' pullup 3PT,[1630193],5,1610612752.0,NYK,pullup,,,Quickley,I. Quickley,,,,,Above the Break 3,24+ Left Center,26.52,Missed,,,,,,,,,,,,,,,,,,
10:01,207,PT10M01.00S,2022-12-15T01:19:18.2Z,2,REGULAR,rebound,defensive,[],1629632,,,1610612741,31,36,2022-12-15T01:19:19Z,2020000,False,,,0,,C. White REBOUND (Off:0 Def:2),[1629632],0,1610612741.0,CHI,,,,White,C. White,,,,,Above the Break 3,24+ Left Center,,,,,,,206.0,2.0,2.0,0.0,,,,,,,,,,
09:59,208,PT09M59.00S,2022-12-15T01:19:27.5Z,2,REGULAR,foul,personal,[],1630579,,,1610612741,31,36,2022-12-15T01:19:33Z,2030000,False,,,0,,J. Sims personal FOUL (1 PF),"[1630579, 203083]",45,1610612752.0,NYK,,,,Sims,J. Sims,,,,,In The Paint (Non-RA),0-8 Center,,,,,,,,,,,201246.0,1.0,0.0,Drummond,203083.0,,,,,
09:59,210,PT09M59.00S,2022-12-15T01:19:33.0Z,2,REGULAR,substitution,out,[],1629632,,,1610612741,31,36,2022-12-15T01:19:35Z,2050000,False,,,0,,SUB out: C. White,[1629632],0,1610612741.0,CHI,,,,White,C. White,,,,,,,,,,,,,,,,,,,,,,,,,,
09:59,211,PT09M59.00S,2022-12-15T01:19:33.0Z,2,REGULAR,substitution,in,[],1627936,,,1610612741,31,36,2022-12-15T01:19:35Z,2060000,False,,,0,,SUB in: A. Caruso,[1627936],6,1610612741.0,CHI,,,,Caruso,A. Caruso,,,,,,,,,,,,,,,,,,,,,,,,,,
09:58,213,PT09M58.00S,2022-12-15T01:20:01.2Z,2,REGULAR,substitution,out,[],1629628,,,1610612741,31,36,2022-12-15T01:20:04Z,2080000,False,,,0,,SUB out: R. Barrett,[1629628],9,1610612752.0,NYK,,,,Barrett,R. Barrett,,,,,,,,,,,,,,,,,,,,,,,,,,
09:58,214,PT09M58.00S,2022-12-15T01:20:01.2Z,2,REGULAR,substitution,in,[],1629656,,,1610612741,31,36,2022-12-15T01:20:04Z,2090000,False,,,0,,SUB in: Q. Grimes,[1629656],6,1610612752.0,NYK,,,,Grimes,Q. Grimes,,,,,,,,,,,,,,,,,,,,,,,,,,
09:53,215,PT09M53.00S,2022-12-15T01:20:23.5Z,2,REGULAR,foul,offensive,[],201942,,,1610612741,31,36,2022-12-15T01:20:45Z,2100000,False,,,0,,D. DeRozan offensive FOUL (2 PF),"[201942, 1629656]",11,1610612741.0,CHI,,,,DeRozan,D. DeRozan,,,,,Mid-Range,8-16 Right,,,,,,,,,,,202056.0,2.0,0.0,Grimes,1629656.0,,,,,
09:53,217,PT09M53.00S,2022-12-15T01:20:23.5Z,2,REGULAR,turnover,offensive foul,[],201942,,,1610612741,31,36,2022-12-15T01:20:23Z,2120000,False,,,0,,D. DeRozan offensive foul TURNOVER (1 TO),[201942],11,1610612741.0,CHI,,,,DeRozan,D. DeRozan,,,,,Mid-Range,8-16 Right,,,,,,,,,,,202056.0,,,,,1.0,,,,
09:36,218,PT09M36.00S,2022-12-15T01:20:52.5Z,2,REGULAR,3pt,Jump Shot,['fromturnover'],1630540,70.77858081471747,19.362745098039216,1610612752,31,39,2022-12-15T01:20:57Z,2130000,False,-153.0,222.0,1,right,M. McBride 26' 3PT  (3 PTS) (I. Quickley 3 AST),"[1630540, 1630193]",2,1610612752.0,NYK,,,,McBride,M. McBride,,,,,Above the Break 3,24+ Left Center,26.99,Made,3.0,I. Quickley,1630193.0,3.0,,,,,,,,,,,,,,
09:20,220,PT09M20.00S,2022-12-15T01:21:09.3Z,2,REGULAR,2pt,Jump Shot,['pointsinthepaint'],201942,8.09789750328515,55.63725490196079,1610612741,31,39,2022-12-15T01:21:14Z,2150000,False,-28.0,24.0,1,left,MISS D. DeRozan driving floating Shot - blocked,"[201942, 1630579]",11,1610612741.0,CHI,driving floating,,,DeRozan,D. DeRozan,,,,,Restricted Area,0-8 Center,3.68,Missed,,,,,,,,,,,,,,,,,Sims,1630579.0
09:20,221,PT09M20.00S,2022-12-15T01:21:09.3Z,2,REGULAR,block,,[],1630579,,,1610612741,31,39,2022-12-15T01:21:12Z,2160000,False,,,0,,J. Sims BLOCK (1 BLK),[1630579],45,1610612752.0,NYK,,,,Sims,J. Sims,,,,,Restricted Area,0-8 Center,,,,,,,,,,,,,,,,,,,,
09:16,222,PT09M16.00S,2022-12-15T01:21:13.3Z,2,REGULAR,rebound,defensive,[],1628392,,,1610612752,31,39,2022-12-15T01:21:14Z,2170000,False,,,0,,I. Hartenstein REBOUND (Off:4 Def:3),[1628392],55,1610612752.0,NYK,,,,Hartenstein,I. Hartenstein,,,,,Restricted Area,0-8 Center,,,,,,,220.0,7.0,3.0,4.0,,,,,,,,,,
09:13,223,PT09M13.00S,2022-12-15T01:21:15.5Z,2,REGULAR,3pt,Jump Shot,['fastbreak'],1630540,94.69448094612353,4.6568627450980395,1610612752,31,42,2022-12-15T01:25:21Z,2180000,False,-227.0,-3.0,1,right,M. McBride 3PT running (6 PTS) (Q. Grimes 2 AST),"[1630540, 1629656]",2,1610612752.0,NYK,running,,,McBride,M. McBride,,,,,Left Corner 3,24+ Left,22.67,Made,6.0,Q. Grimes,1629656.0,2.0,,,,,,,,,,,,,,
09:12,225,PT09M12.00S,2022-12-15T01:21:21.0Z,2,REGULAR,timeout,full,"['team', 'mandatory']",0,,,1610612741,31,42,2022-12-15T01:21:21Z,2200000,False,,,0,,CHI Timeout,[],,1610612741.0,CHI,,,,,,,,,,,,,,,,,,,,,,,,,,,,,,,
08:56,226,PT08M56.00S,2022-12-15T01:25:00.2Z,2,REGULAR,2pt,DUNK,['pointsinthepaint'],203083,4.812746386333772,50.245098039215684,1610612741,33,42,2022-12-15T01:26:04Z,2210000,False,-1.0,-7.0,1,left,A. Drummond cutting DUNK (2 PTS) (G. Dragic 1 AST),"[203083, 201609]",3,1610612741.0,CHI,cutting,,,Drummond,A. Drummond,,,,,Restricted Area,0-8 Center,0.74,Made,2.0,G. Dragic,201609.0,1.0,,,,,,,,,,,,,,
08:32,228,PT08M32.00S,2022-12-15T01:25:25.3Z,2,REGULAR,3pt,Jump Shot,[],1628392,95.48291721419186,4.411764705882353,1610612752,33,45,2022-12-15T01:25:31Z,2230000,False,-228.0,-10.0,1,right,I. Hartenstein 3PT  (5 PTS) (M. McBride 1 AST),"[1628392, 1630540]",55,1610612752.0,NYK,,,,Hartenstein,I. Hartenstein,,,,,Left Corner 3,24+ Left,22.81,Made,5.0,M. McBride,1630540.0,1.0,,,,,,,,,,,,,,
08:22,230,PT08M22.00S,2022-12-15T01:25:34.9Z,2,REGULAR,2pt,Jump Shot,[],201609,4.812746386333772,21.568627450980394,1610612741,35,45,2022-12-15T01:25:39Z,2250000,False,142.0,-7.0,1,left,G. Dragic 14' fadeaway Jump Shot (2 PTS),[201609],7,1610612741.0,CHI,fadeaway,,,Dragic,G. Dragic,,,,,Mid-Range,8-16 Right,14.24,Made,2.0,,,,,,,,,,,,,,,,,
08:09,231,PT08M09.00S,2022-12-15T01:25:50.4Z,2,REGULAR,turnover,traveling,[],1630540,,,1610612752,35,45,2022-12-15T01:25:55Z,2260000,False,,,0,,M. McBride traveling TURNOVER (1 TO),[1630540],2,1610612752.0,NYK,,,,McBride,M. McBride,,,,,Right Corner 3,24+ Right,,,,,,,,,,,202056.0,,,,,1.0,,,,
08:09,232,PT08M09.00S,2022-12-15T01:25:52.9Z,2,REGULAR,substitution,out,[],201609,,,1610612741,35,45,2022-12-15T01:26:00Z,2270000,False,,,0,,SUB out: G. Dragic,[201609],7,1610612741.0,CHI,,,,Dragic,G. Dragic,,,,,,,,,,,,,,,,,,,,,,,,,,
08:09,233,PT08M09.00S,2022-12-15T01:25:52.9Z,2,REGULAR,substitution,out,[],201942,,,1610612741,35,45,2022-12-15T01:26:00Z,2280000,False,,,0,,SUB out: D. DeRozan,[201942],11,1610612741.0,CHI,,,,DeRozan,D. DeRozan,,,,,,,,,,,,,,,,,,,,,,,,,,
08:09,234,PT08M09.00S,2022-12-15T01:25:52.9Z,2,REGULAR,substitution,in,[],1629632,,,1610612741,35,45,2022-12-15T01:26:00Z,2290000,False,,,0,,SUB in: C. White,[1629632],0,1610612741.0,CHI,,,,White,C. White,,,,,,,,,,,,,,,,,,,,,,,,,,
08:09,235,PT08M09.00S,2022-12-15T01:25:52.9Z,2,REGULAR,substitution,in,[],203897,,,1610612741,35,45,2022-12-15T01:26:00Z,2300000,False,,,0,,SUB in: Z. LaVine,[203897],8,1610612741.0,CHI,,,,LaVine,Z. LaVine,,,,,,,,,,,,,,,,,,,,,,,,,,
08:09,236,PT08M09.00S,2022-12-15T01:26:03.7Z,2,REGULAR,substitution,out,[],203083,,,1610612741,35,45,2022-12-15T01:26:06Z,2310000,False,,,0,,SUB out: A. Drummond,[203083],3,1610612741.0,CHI,,,,Drummond,A. Drummond,,,,,,,,,,,,,,,,,,,,,,,,,,
08:09,237,PT08M09.00S,2022-12-15T01:26:03.7Z,2,REGULAR,substitution,in,[],202696,,,1610612741,35,45,2022-12-15T01:26:06Z,2320000,False,,,0,,SUB in: N. Vucevic,[202696],9,1610612741.0,CHI,,,,Vucevic,N. Vucevic,,,,,,,,,,,,,,,,,,,,,,,,,,
08:09,251,PT08M09.00S,2022-12-15T01:26:03.7Z,2,REGULAR,substitution,out,[],1630540,,,1610612741,35,45,2022-12-15T01:29:05Z,2325000,False,,,0,,SUB out: M. McBride,[1630540],2,1610612752.0,NYK,,,,McBride,M. McBride,,,,,,,,,,,,,,,,,,,,,,,,,,
08:09,252,PT08M09.00S,2022-12-15T01:26:03.7Z,2,REGULAR,substitution,in,[],1628973,,,1610612741,35,45,2022-12-15T01:29:05Z,2327500,False,,,0,,SUB in: J. Brunson,[1628973],11,1610612752.0,NYK,,,,Brunson,J. Brunson,,,,,,,,,,,,,,,,,,,,,,,,,,
07:58,238,PT07M58.00S,2022-12-15T01:26:28.4Z,2,REGULAR,foul,personal,[],1629656,,,1610612741,35,45,2022-12-15T01:26:35Z,2330000,False,,,0,,Q. Grimes personal FOUL (1 PF),"[1629656, 202696]",6,1610612752.0,NYK,,,,Grimes,Q. Grimes,,,,,Restricted Area,0-8 Center,,,,,,,,,,,202056.0,1.0,0.0,Vucevic,202696.0,,,,,
07:58,240,PT07M58.00S,2022-12-15T01:26:36.9Z,2,REGULAR,substitution,out,[],1627884,,,1610612741,35,45,2022-12-15T01:26:57Z,2350000,False,,,0,,SUB out: D. Jones Jr.,[1627884],5,1610612741.0,CHI,,,,Jones Jr.,D. Jones Jr.,,,,,,,,,,,,,,,,,,,,,,,,,,
07:58,241,PT07M58.00S,2022-12-15T01:26:36.9Z,2,REGULAR,substitution,out,[],1630579,,,1610612741,35,45,2022-12-15T01:26:57Z,2360000,False,,,0,,SUB out: J. Sims,[1630579],45,1610612752.0,NYK,,,,Sims,J. Sims,,,,,,,,,,,,,,,,,,,,,,,,,,
07:58,242,PT07M58.00S,2022-12-15T01:26:36.9Z,2,REGULAR,substitution,out,[],1628392,,,1610612741,35,45,2022-12-15T01:26:57Z,2370000,False,,,0,,SUB out: I. Hartenstein,[1628392],55,1610612752.0,NYK,,,,Hartenstein,I. Hartenstein,,,,,,,,,,,,,,,,,,,,,,,,,,
07:58,243,PT07M58.00S,2022-12-15T01:26:36.9Z,2,REGULAR,substitution,in,[],1630172,,,1610612741,35,45,2022-12-15T01:26:57Z,2380000,False,,,0,,SUB in: P. Williams,[1630172],44,1610612741.0,CHI,,,,Williams,P. Williams,,,,,,,,,,,,,,,,,,,,,,,,,,
07:58,244,PT07M58.00S,2022-12-15T01:26:36.9Z,2,REGULAR,substitution,in,[],1629011,,,1610612741,35,45,2022-12-15T01:26:57Z,2390000,False,,,0,,SUB in: M. Robinson,[1629011],23,1610612752.0,NYK,,,,Robinson,M. Robinson,,,,,,,,,,,,,,,,,,,,,,,,,,
07:58,245,PT07M58.00S,2022-12-15T01:26:36.9Z,2,REGULAR,substitution,in,[],203944,,,1610612741,35,45,2022-12-15T01:26:57Z,2400000,False,,,0,,SUB in: J. Randle,[203944],30,1610612752.0,NYK,,,,Randle,J. Randle,,,,,,,,,,,,,,,,,,,,,,,,,,
07:51,246,PT07M51.00S,2022-12-15T01:27:14.9Z,2,REGULAR,2pt,Layup,"['pointsinthepaint', 'fromturnover']",203897,4.812746386333772,48.77450980392157,1610612741,37,45,2022-12-15T01:30:57Z,2410000,False,6.0,-7.0,1,left,Z. LaVine driving reverse Layup (5 PTS),[203897],8,1610612741.0,CHI,driving reverse,,,LaVine,Z. LaVine,,,,,Restricted Area,0-8 Center,0.95,Made,5.0,,,,,,,,,,,,,,,,,
07:26,247,PT07M26.00S,2022-12-15T01:27:41.9Z,2,REGULAR,turnover,shot clock,['team'],0,,,1610612752,37,45,2022-12-15T01:27:51Z,2420000,False,,,0,,NYK shot clock Team TURNOVER,[],,1610612752.0,NYK,,,,,,,,,,In The Paint (Non-RA),0-8 Center,,,,,,,,,,,202058.0,,,,,,,,,
07:04,248,PT07M04.00S,2022-12-15T01:28:20.8Z,2,REGULAR,2pt,Jump Shot,"['pointsinthepaint', 'fromturnover']",1629632,15.456636005256241,46.32352941176471,1610612741,39,45,2022-12-15T01:28:27Z,2430000,False,18.0,93.0,1,left,C. White 9' driving floating Jump Shot (7 PTS),[1629632],0,1610612741.0,CHI,driving floating,,,White,C. White,,,,,In The Paint (Non-RA),8-16 Center,9.46,Made,7.0,,,,,,,,,,,,,,,,,
06:49,249,PT06M49.00S,2022-12-15T01:28:35.4Z,2,REGULAR,2pt,Jump Shot,[],1628973,90.62089356110381,32.59803921568628,1610612752,39,47,2022-12-15T01:31:51Z,2440000,False,-87.0,36.0,1,right,J. Brunson 9' driving floating Jump Shot (4 PTS),[1628973],11,1610612752.0,NYK,driving floating,,,Brunson,J. Brunson,,,,,Mid-Range,8-16 Left,9.4,Made,4.0,,,,,,,,,,,,,,,,,
06:38,250,PT06M38.00S,2022-12-15T01:28:51.4Z,2,REGULAR,turnover,double dribble,[],1630172,,,1610612741,39,47,2022-12-15T01:29:17Z,2450000,False,,,0,,P. Williams double dribble TURNOVER (1 TO),[1630172],44,1610612741.0,CHI,,,,Williams,P. Williams,,,,,In The Paint (Non-RA),0-8 Center,,,,,,,,,,,202058.0,,,,,1.0,,,,
06:20,253,PT06M20.00S,2022-12-15T01:29:18.2Z,2,REGULAR,2pt,Jump Shot,"['pointsinthepaint', 'fromturnover']",1628973,91.80354796320631,48.28431372549019,1610612752,39,49,2022-12-15T01:32:39Z,2460000,False,-9.0,25.0,1,right,J. Brunson driving floating Jump Shot (6 PTS) (J. Randle 2 AST),"[1628973, 203944]",11,1610612752.0,NYK,driving floating,,,Brunson,J. Brunson,,,,,Restricted Area,0-8 Center,2.6,Made,6.0,J. Randle,203944.0,2.0,,,,,,,,,,,,,,
06:08,255,PT06M08.00S,2022-12-15T01:29:31.8Z,2,REGULAR,turnover,bad pass,[],1627936,,,1610612741,39,49,2022-12-15T01:29:37Z,2480000,False,,,0,,A. Caruso bad pass TURNOVER (2 TO),"[1627936, 1630193]",6,1610612741.0,CHI,,,,Caruso,A. Caruso,,,,,In The Paint (Non-RA),0-8 Center,,,,,,,,,,,,,,,,2.0,Quickley,1630193.0,,
06:08,256,PT06M08.00S,2022-12-15T01:29:31.8Z,2,REGULAR,steal,,[],1630193,,,1610612752,39,49,2022-12-15T01:29:33Z,2490000,False,,,0,,I. Quickley STEAL (2 STL),[1630193],5,1610612752.0,NYK,,,,Quickley,I. Quickley,,,,,In The Paint (Non-RA),0-8 Center,,,,,,,,,,,,,,,,,,,,
06:04,257,PT06M04.00S,2022-12-15T01:29:36.2Z,2,REGULAR,2pt,Layup,"['fastbreak', 'pointsinthepaint', 'fromturnover']",1630193,92.9862023653088,49.754901960784316,1610612752,39,51,2022-12-15T01:33:05Z,2500000,False,-1.0,13.0,1,right,I. Quickley running finger roll Layup (2 PTS),[1630193],5,1610612752.0,NYK,running finger roll,,,Quickley,I. Quickley,,,,,Restricted Area,0-8 Center,1.35,Made,2.0,,,,,,,,,,,,,,,,,
06:04,258,PT06M04.00S,2022-12-15T01:29:42.9Z,2,REGULAR,timeout,full,"['team', 'mandatory']",0,,,1610612741,39,51,2022-12-15T01:29:42Z,2510000,False,,,0,,CHI Timeout,[],,1610612741.0,CHI,,,,,,,,,,,,,,,,,,,,,,,,,,,,,,,
05:39,259,PT05M39.00S,2022-12-15T01:33:31.4Z,2,REGULAR,2pt,Jump Shot,['pointsinthepaint'],203897,15.193823915900131,52.94117647058824,1610612741,41,51,2022-12-15T01:33:35Z,2520000,False,-15.0,90.0,1,left,Z. LaVine 9' fadeaway bank Jump Shot (7 PTS),[203897],8,1610612741.0,CHI,fadeaway bank,,,LaVine,Z. LaVine,,,,,In The Paint (Non-RA),8-16 Center,9.15,Made,7.0,,,,,,,,,,,,,,,,,
05:23,260,PT05M23.00S,2022-12-15T01:33:47.5Z,2,REGULAR,2pt,DUNK,['pointsinthepaint'],1629011,93.24901445466492,50.73529411764706,1610612752,41,53,2022-12-15T01:33:51Z,2530000,False,4.0,11.0,1,right,M. Robinson alley-oop DUNK (4 PTS) (J. Brunson 4 AST),"[1629011, 1628973]",23,1610612752.0,NYK,alley-oop,,,Robinson,M. Robinson,,,,,Restricted Area,0-8 Center,1.16,Made,4.0,J. Brunson,1628973.0,4.0,,,,,,,,,,,,,,
05:10,262,PT05M10.00S,2022-12-15T01:34:01.6Z,2,REGULAR,2pt,Jump Shot,[],203897,22.421156373193167,47.05882352941176,1610612741,41,53,2022-12-15T01:34:05Z,2550000,False,15.0,158.0,1,left,MISS Z. LaVine 15' pullup Shot,[203897],8,1610612741.0,CHI,pullup,,,LaVine,Z. LaVine,,,,,Mid-Range,8-16 Center,15.9,Missed,,,,,,,,,,,,,,,,,,
05:07,263,PT05M07.00S,2022-12-15T01:34:04.6Z,2,REGULAR,rebound,defensive,[],203944,,,1610612752,41,53,2022-12-15T01:34:05Z,2560000,False,,,0,,J. Randle REBOUND (Off:0 Def:5),[203944],30,1610612752.0,NYK,,,,Randle,J. Randle,,,,,Mid-Range,8-16 Center,,,,,,,262.0,5.0,5.0,0.0,,,,,,,,,,
04:58,264,PT04M58.00S,2022-12-15T01:34:12.2Z,2,REGULAR,2pt,Layup,['pointsinthepaint'],1628973,93.64323258869908,51.71568627450981,1610612752,41,55,2022-12-15T01:34:16Z,2570000,False,9.0,7.0,1,right,J. Brunson driving Layup (8 PTS),[1628973],11,1610612752.0,NYK,driving,,,Brunson,J. Brunson,,,,,Restricted Area,0-8 Center,1.13,Made,8.0,,,,,,,,,,,,,,,,,
04:42,265,PT04M42.00S,2022-12-15T01:34:29.0Z,2,REGULAR,2pt,Layup,['pointsinthepaint'],1629632,5.469776609724048,49.754901960784316,1610612741,43,55,2022-12-15T01:34:33Z,2580000,False,1.0,-1.0,1,left,C. White driving Layup (9 PTS),[1629632],0,1610612741.0,CHI,driving,,,White,C. White,,,,,Restricted Area,0-8 Center,0.16,Made,9.0,,,,,,,,,,,,,,,,,
04:33,266,PT04M33.00S,2022-12-15T01:34:47.8Z,2,REGULAR,foul,offensive,[],1629656,,,1610612752,43,55,2022-12-15T01:35:08Z,2590000,False,,,0,,Q. Grimes off-the-ball offensive FOUL (2 PF),"[1629656, 1627936]",6,1610612752.0,NYK,off-the-ball,,,Grimes,Q. Grimes,,,,,In The Paint (Non-RA),0-8 Center,,,,,,,,,,,202056.0,2.0,0.0,Caruso,1627936.0,,,,,
04:33,268,PT04M33.00S,2022-12-15T01:34:47.8Z,2,REGULAR,turnover,offensive foul,[],1629656,,,1610612752,43,55,2022-12-15T01:34:47Z,2610000,False,,,0,,Q. Grimes offensive foul TURNOVER (2 TO),[1629656],6,1610612752.0,NYK,,,,Grimes,Q. Grimes,,,,,In The Paint (Non-RA),0-8 Center,,,,,,,,,,,202056.0,,,,,2.0,,,,
04:33,271,PT04M33.00S,2022-12-15T01:35:00.3Z,2,REGULAR,substitution,out,[],1627936,,,1610612741,43,55,2022-12-15T01:35:18Z,2615000,False,,,0,,SUB out: A. Caruso,[1627936],6,1610612741.0,CHI,,,,Caruso,A. Caruso,,,,,,,,,,,,,,,,,,,,,,,,,,
04:33,272,PT04M33.00S,2022-12-15T01:35:00.3Z,2,REGULAR,substitution,in,[],201942,,,1610612741,43,55,2022-12-15T01:35:18Z,2617500,False,,,0,,SUB in: D. DeRozan,[201942],11,1610612741.0,CHI,,,,DeRozan,D. DeRozan,,,,,,,,,,,,,,,,,,,,,,,,,,
04:22,269,PT04M22.00S,2022-12-15T01:35:12.9Z,2,REGULAR,turnover,bad pass,[],203897,,,1610612741,43,55,2022-12-15T01:35:27Z,2620000,False,,,0,,Z. LaVine bad pass TURNOVER (1 TO),"[203897, 1628973]",8,1610612741.0,CHI,,,,LaVine,Z. LaVine,,,,,Above the Break 3,24+ Center,,,,,,,,,,,,,,,,1.0,Brunson,1628973.0,,
04:22,270,PT04M22.00S,2022-12-15T01:35:12.9Z,2,REGULAR,steal,,[],1628973,,,1610612752,43,55,2022-12-15T01:36:14Z,2630000,False,,,0,,J. Brunson STEAL (1 STL),[1628973],11,1610612752.0,NYK,,,,Brunson,J. Brunson,,,,,Above the Break 3,24+ Center,,,,,,,,,,,,,,,,,,,,
04:19,273,PT04M19.00S,2022-12-15T01:35:20.2Z,2,REGULAR,foul,offensive,[],203944,,,1610612752,43,55,2022-12-15T01:35:33Z,2640000,False,,,0,,J. Randle charge offensive FOUL (1 PF),"[203944, 1629632]",30,1610612752.0,NYK,charge,,,Randle,J. Randle,,,,,In The Paint (Non-RA),0-8 Center,,,,,,,,,,,202056.0,1.0,0.0,White,1629632.0,,,,,
04:19,275,PT04M19.00S,2022-12-15T01:35:20.2Z,2,REGULAR,turnover,offensive foul,[],203944,,,1610612752,43,55,2022-12-15T01:35:20Z,2660000,False,,,0,,J. Randle offensive foul TURNOVER (2 TO),[203944],30,1610612752.0,NYK,,,,Randle,J. Randle,,,,,In The Paint (Non-RA),0-8 Center,,,,,,,,,,,202056.0,,,,,2.0,,,,
04:19,276,PT04M19.00S,2022-12-15T01:35:33.1Z,2,REGULAR,substitution,out,[],1630193,,,1610612741,43,55,2022-12-15T01:35:35Z,2670000,False,,,0,,SUB out: I. Quickley,[1630193],5,1610612752.0,NYK,,,,Quickley,I. Quickley,,,,,,,,,,,,,,,,,,,,,,,,,,
04:19,277,PT04M19.00S,2022-12-15T01:35:33.1Z,2,REGULAR,substitution,in,[],1629628,,,1610612741,43,55,2022-12-15T01:35:35Z,2680000,False,,,0,,SUB in: R. Barrett,[1629628],9,1610612752.0,NYK,,,,Barrett,R. Barrett,,,,,,,,,,,,,,,,,,,,,,,,,,
03:58,278,PT03M58.00S,2022-12-15T01:36:01.9Z,2,REGULAR,2pt,Layup,"['pointsinthepaint', 'fromturnover']",202696,6.521024967148489,51.71568627450981,1610612741,43,55,2022-12-15T01:36:05Z,2690000,False,-9.0,9.0,1,left,MISS N. Vucevic driving Layup,[202696],9,1610612741.0,CHI,driving,,,Vucevic,N. Vucevic,,,,,Restricted Area,0-8 Center,1.23,Missed,,,,,,,,,,,,,,,,,,
03:56,279,PT03M56.00S,2022-12-15T01:36:03.9Z,2,REGULAR,rebound,defensive,[],1629011,,,1610612752,43,55,2022-12-15T01:36:05Z,2700000,False,,,0,,M. Robinson REBOUND (Off:3 Def:2),[1629011],23,1610612752.0,NYK,,,,Robinson,M. Robinson,,,,,Restricted Area,0-8 Center,,,,,,,278.0,5.0,2.0,3.0,,,,,,,,,,
03:46,280,PT03M46.00S,2022-12-15T01:36:13.9Z,2,REGULAR,3pt,Jump Shot,[],1629628,95.3515111695138,96.56862745098039,1610612752,43,55,2022-12-15T01:36:18Z,2710000,False,233.0,-9.0,1,right,MISS R. Barrett 3PT,[1629628],9,1610612752.0,NYK,,,,Barrett,R. Barrett,,,,,Right Corner 3,24+ Right,23.3,Missed,,,,,,,,,,,,,,,,,,
03:44,281,PT03M44.00S,2022-12-15T01:36:15.9Z,2,REGULAR,rebound,defensive,[],202696,,,1610612741,43,55,2022-12-15T01:36:18Z,2720000,False,,,0,,N. Vucevic REBOUND (Off:0 Def:3),[202696],9,1610612741.0,CHI,,,,Vucevic,N. Vucevic,,,,,Right Corner 3,24+ Right,,,,,,,280.0,3.0,3.0,0.0,,,,,,,,,,
03:36,282,PT03M36.00S,2022-12-15T01:36:23.8Z,2,REGULAR,3pt,Jump Shot,[],202696,32.14520367936925,43.13725490196079,1610612741,46,55,2022-12-15T01:36:27Z,2730000,False,34.0,250.0,1,left,N. Vucevic 25' 3PT  (11 PTS) (P. Williams 3 AST),"[202696, 1630172]",9,1610612741.0,CHI,,,,Vucevic,N. Vucevic,,,,,Above the Break 3,24+ Center,25.2,Made,11.0,P. Williams,1630172.0,3.0,,,,,,,,,,,,,,
03:17,284,PT03M17.00S,2022-12-15T01:36:45.4Z,2,REGULAR,foul,personal,['2freethrow'],203897,,,1610612752,46,55,2022-12-15T01:37:23Z,2750000,False,,,0,,Z. LaVine shooting personal FOUL (2 PF) (Randle 2 FT),"[203897, 203944]",8,1610612741.0,CHI,shooting,,,LaVine,Z. LaVine,,,,,In The Paint (Non-RA),0-8 Center,,,,,,,,,,,202056.0,2.0,0.0,Randle,203944.0,,,,,
03:17,286,PT03M17.00S,2022-12-15T01:37:23.6Z,2,REGULAR,freethrow,1 of 2,[],203944,,,1610612752,46,56,2022-12-15T01:37:45Z,2770000,False,,,0,,J. Randle Free Throw 1 of 2 (16 PTS),[203944],30,1610612752.0,NYK,,,,Randle,J. Randle,,,,,,,,Made,16.0,,,,,,,,,,,,,,,,,
03:17,287,PT03M17.00S,2022-12-15T01:37:23.6Z,2,REGULAR,freethrow,2 of 2,[],203944,,,1610612752,46,56,2022-12-15T01:37:45Z,2780000,False,,,0,,MISS J. Randle Free Throw 2 of 2,[203944],30,1610612752.0,NYK,,,,Randle,J. Randle,,,,,,,,Missed,,,,,,,,,,,,,,,,,,
03:14,288,PT03M14.00S,2022-12-15T01:37:26.6Z,2,REGULAR,rebound,defensive,[],202696,,,1610612741,46,56,2022-12-15T01:37:45Z,2790000,False,,,0,,N. Vucevic REBOUND (Off:0 Def:4),[202696],9,1610612741.0,CHI,,,,Vucevic,N. Vucevic,,,,,,,,,,,,,287.0,4.0,4.0,0.0,,,,,,,,,,
03:05,289,PT03M05.00S,2022-12-15T01:37:54.6Z,2,REGULAR,2pt,Layup,['pointsinthepaint'],201942,7.5722733245729295,48.529411764705884,1610612741,46,56,2022-12-15T01:37:58Z,2800000,False,7.0,19.0,1,left,MISS D. DeRozan driving Layup - blocked,"[201942, 1629011]",11,1610612741.0,CHI,driving,,,DeRozan,D. DeRozan,,,,,Restricted Area,0-8 Center,2.01,Missed,,,,,,,,,,,,,,,,,Robinson,1629011.0
03:05,290,PT03M05.00S,2022-12-15T01:37:54.6Z,2,REGULAR,block,,[],1629011,,,1610612741,46,56,2022-12-15T01:37:56Z,2810000,False,,,0,,M. Robinson BLOCK (1 BLK),[1629011],23,1610612752.0,NYK,,,,Robinson,M. Robinson,,,,,Restricted Area,0-8 Center,,,,,,,,,,,,,,,,,,,,
03:02,291,PT03M02.00S,2022-12-15T01:37:57.6Z,2,REGULAR,rebound,defensive,[],1629656,,,1610612752,46,56,2022-12-15T01:37:58Z,2820000,False,,,0,,Q. Grimes REBOUND (Off:0 Def:2),[1629656],6,1610612752.0,NYK,,,,Grimes,Q. Grimes,,,,,Restricted Area,0-8 Center,,,,,,,289.0,2.0,2.0,0.0,,,,,,,,,,
02:58,292,PT02M58.00S,2022-12-15T01:38:00.8Z,2,REGULAR,2pt,Layup,"['pointsinthepaint', 'fastbreak']",1629628,92.85479632063075,46.81372549019608,1610612752,46,58,2022-12-15T01:38:05Z,2830000,False,-16.0,15.0,1,right,R. Barrett running Layup (10 PTS),[1629628],9,1610612752.0,NYK,running,,,Barrett,R. Barrett,,,,,Restricted Area,0-8 Center,2.17,Made,10.0,,,,,,,,,,,,,,,,,
02:45,293,PT02M45.00S,2022-12-15T01:38:14.4Z,2,REGULAR,2pt,Layup,['pointsinthepaint'],203897,5.995400788436268,49.754901960784316,1610612741,48,58,2022-12-15T01:38:18Z,2840000,False,1.0,4.0,1,left,Z. LaVine driving Layup (9 PTS) (C. White 1 AST),"[203897, 1629632]",8,1610612741.0,CHI,driving,,,LaVine,Z. LaVine,,,,,Restricted Area,0-8 Center,0.41,Made,9.0,C. White,1629632.0,1.0,,,,,,,,,,,,,,
02:27,295,PT02M27.00S,2022-12-15T01:38:32.2Z,2,REGULAR,2pt,Jump Shot,[],1628973,95.6143232588699,69.6078431372549,1610612752,48,60,2022-12-15T01:38:36Z,2860000,False,98.0,-11.0,1,right,J. Brunson 9' turnaround Jump Shot (10 PTS),[1628973],11,1610612752.0,NYK,turnaround,,,Brunson,J. Brunson,,,,,Mid-Range,8-16 Right,9.86,Made,10.0,,,,,,,,,,,,,,,,,
02:19,296,PT02M19.00S,2022-12-15T01:38:42.5Z,2,REGULAR,foul,personal,['2freethrow'],1629656,,,1610612741,48,60,2022-12-15T01:38:48Z,2870000,False,,,0,,Q. Grimes shooting personal FOUL (3 PF) (DeRozan 2 FT),"[1629656, 201942]",6,1610612752.0,NYK,shooting,,,Grimes,Q. Grimes,,,,,In The Paint (Non-RA),0-8 Center,,,,,,,,,,,201246.0,3.0,0.0,DeRozan,201942.0,,,,,
02:19,298,PT02M19.00S,2022-12-15T01:39:08.3Z,2,REGULAR,freethrow,1 of 2,[],201942,,,1610612741,49,60,2022-12-15T01:39:08Z,2890000,False,,,0,,D. DeRozan Free Throw 1 of 2 (7 PTS),[201942],11,1610612741.0,CHI,,,,DeRozan,D. DeRozan,,,,,,,,Made,7.0,,,,,,,,,,,,,,,,,
02:19,299,PT02M19.00S,2022-12-15T01:39:09.2Z,2,REGULAR,substitution,out,[],1629656,,,1610612741,49,60,2022-12-15T01:39:14Z,2900000,False,,,0,,SUB out: Q. Grimes,[1629656],6,1610612752.0,NYK,,,,Grimes,Q. Grimes,,,,,,,,,,,,,,,,,,,,,,,,,,
02:19,300,PT02M19.00S,2022-12-15T01:39:09.2Z,2,REGULAR,substitution,in,[],1630193,,,1610612741,49,60,2022-12-15T01:39:14Z,2910000,False,,,0,,SUB in: I. Quickley,[1630193],5,1610612752.0,NYK,,,,Quickley,I. Quickley,,,,,,,,,,,,,,,,,,,,,,,,,,
02:19,301,PT02M19.00S,2022-12-15T01:39:27.2Z,2,REGULAR,freethrow,2 of 2,[],201942,,,1610612741,50,60,2022-12-15T01:39:27Z,2920000,False,,,0,,D. DeRozan Free Throw 2 of 2 (8 PTS),[201942],11,1610612741.0,CHI,,,,DeRozan,D. DeRozan,,,,,,,,Made,8.0,,,,,,,,,,,,,,,,,
02:07,302,PT02M07.00S,2022-12-15T01:39:42.3Z,2,REGULAR,3pt,Jump Shot,[],1628973,96.00854139290408,96.81372549019608,1610612752,50,60,2022-12-15T01:39:47Z,2930000,False,234.0,-15.0,1,right,MISS J. Brunson 3PT,[1628973],11,1610612752.0,NYK,,,,Brunson,J. Brunson,,,,,Right Corner 3,24+ Right,23.46,Missed,,,,,,,,,,,,,,,,,,
02:04,303,PT02M04.00S,2022-12-15T01:39:45.3Z,2,REGULAR,rebound,defensive,[],203897,,,1610612741,50,60,2022-12-15T01:39:47Z,2940000,False,,,0,,Z. LaVine REBOUND (Off:0 Def:3),[203897],8,1610612741.0,CHI,,,,LaVine,Z. LaVine,,,,,Right Corner 3,24+ Right,,,,,,,302.0,3.0,3.0,0.0,,,,,,,,,,
01:58,304,PT01M58.00S,2022-12-15T01:39:52.0Z,2,REGULAR,3pt,Jump Shot,[],1629632,27.283180026281208,77.45098039215686,1610612741,50,60,2022-12-15T01:39:56Z,2950000,False,-137.0,204.0,1,left,MISS C. White 24' 3PT,[1629632],0,1610612741.0,CHI,,,,White,C. White,,,,,Above the Break 3,24+ Left Center,24.59,Missed,,,,,,,,,,,,,,,,,,
01:55,305,PT01M55.00S,2022-12-15T01:39:55.0Z,2,REGULAR,rebound,defensive,[],1629011,,,1610612752,50,60,2022-12-15T01:39:56Z,2960000,False,,,0,,M. Robinson REBOUND (Off:3 Def:3),[1629011],23,1610612752.0,NYK,,,,Robinson,M. Robinson,,,,,Above the Break 3,24+ Left Center,,,,,,,304.0,6.0,3.0,3.0,,,,,,,,,,
01:52,306,PT01M52.00S,2022-12-15T01:40:01.3Z,2,REGULAR,foul,personal,[],1630172,,,1610612752,50,60,2022-12-15T01:40:24Z,2970000,False,,,0,,P. Williams personal FOUL (2 PF),"[1630172, 1628973]",44,1610612741.0,CHI,,,,Williams,P. Williams,,,,,Restricted Area,0-8 Center,,,,,,,,,,,202056.0,2.0,0.0,Brunson,1628973.0,,,,,
01:52,308,PT01M52.00S,2022-12-15T01:40:13.7Z,2,REGULAR,substitution,out,[],1629632,,,1610612752,50,60,2022-12-15T01:40:19Z,2990000,False,,,0,,SUB out: C. White,[1629632],0,1610612741.0,CHI,,,,White,C. White,,,,,,,,,,,,,,,,,,,,,,,,,,
01:52,309,PT01M52.00S,2022-12-15T01:40:13.7Z,2,REGULAR,substitution,in,[],1627936,,,1610612752,50,60,2022-12-15T01:40:19Z,3000000,False,,,0,,SUB in: A. Caruso,[1627936],6,1610612741.0,CHI,,,,Caruso,A. Caruso,,,,,,,,,,,,,,,,,,,,,,,,,,
01:39,310,PT01M39.00S,2022-12-15T01:41:18.5Z,2,REGULAR,turnover,lost ball,[],203944,,,1610612752,50,60,2022-12-15T01:41:24Z,3010000,False,,,0,,J. Randle lost ball TURNOVER (3 TO),"[203944, 1630172]",30,1610612752.0,NYK,,,,Randle,J. Randle,,,,,Mid-Range,16-24 Left Center,,,,,,,,,,,,,,,,3.0,Williams,1630172.0,,
01:39,311,PT01M39.00S,2022-12-15T01:41:18.5Z,2,REGULAR,steal,,[],1630172,,,1610612741,50,60,2022-12-15T01:53:27Z,3020000,False,,,0,,P. Williams STEAL (1 STL),[1630172],44,1610612741.0,CHI,,,,Williams,P. Williams,,,,,Mid-Range,16-24 Left Center,,,,,,,,,,,,,,,,,,,,
01:35,312,PT01M35.00S,2022-12-15T01:41:22.4Z,2,REGULAR,2pt,Layup,"['pointsinthepaint', 'fromturnover', 'fastbreak']",1627936,5.995400788436268,49.50980392156863,1610612741,52,60,2022-12-15T01:41:29Z,3030000,False,2.0,4.0,1,left,A. Caruso running reverse Layup (2 PTS),[1627936],6,1610612741.0,CHI,running reverse,,,Caruso,A. Caruso,,,,,Restricted Area,0-8 Center,0.46,Made,2.0,,,,,,,,,,,,,,,,,
01:15,313,PT01M15.00S,2022-12-15T01:41:41.7Z,2,REGULAR,2pt,Jump Shot,[],1628973,72.61826544021025,68.62745098039215,1610612752,52,62,2022-12-15T01:44:33Z,3040000,False,93.0,205.0,1,right,J. Brunson 22' step back Jump Shot (12 PTS),[1628973],11,1610612752.0,NYK,step back,,,Brunson,J. Brunson,,,,,Mid-Range,16-24 Right Center,22.51,Made,12.0,,,,,,,,,,,,,,,,,
00:56,314,PT00M56.30S,2022-12-15T01:42:02.5Z,2,REGULAR,3pt,Jump Shot,[],1630172,4.155716162943495,96.56862745098039,1610612741,55,62,2022-12-15T01:42:06Z,3050000,False,-233.0,-13.0,1,left,P. Williams 3PT  (9 PTS) (N. Vucevic 1 AST),"[1630172, 202696]",44,1610612741.0,CHI,,,,Williams,P. Williams,,,,,Left Corner 3,24+ Left,23.32,Made,9.0,N. Vucevic,202696.0,1.0,,,,,,,,,,,,,,
00:35,316,PT00M35.60S,2022-12-15T01:42:26.7Z,2,REGULAR,2pt,DUNK,['pointsinthepaint'],1629011,94.1688567674113,49.26470588235294,1610612752,55,62,2022-12-15T01:45:41Z,3070000,False,-4.0,2.0,1,right,MISS M. Robinson DUNK,[1629011],23,1610612752.0,NYK,,,,Robinson,M. Robinson,,,,,Restricted Area,0-8 Center,0.44,Missed,,,,,,,,,,,,,,,,,,
00:29,320,PT00M29.90S,2022-12-15T01:42:32.4Z,2,REGULAR,rebound,offensive,['team'],0,,,1610612752,55,62,2022-12-15T01:45:41Z,3080000,False,,,0,,TEAM offensive REBOUND,[],,1610612752.0,NYK,,,,,,,,,,Restricted Area,0-8 Center,,,,,,,316.0,,,,,,,,,,,,,
00:29,317,PT00M29.90S,2022-12-15T01:44:04.7Z,2,REGULAR,jumpball,recovered,[],0,,,1610612752,55,62,2022-12-15T01:44:04Z,3090000,False,,,0,,Jump Ball M. Robinson vs. N. Vucevic: Tip to Team (NYK),"[1629011, 202696]",,1610612752.0,NYK,heldball,Team (NYK),,,,Robinson,1629011.0,Vucevic,202696.0,,,,,,,,,,,,,,,,,,,,,,
00:21,321,PT00M21.50S,2022-12-15T01:44:23.4Z,2,REGULAR,foul,personal,"['inpenalty', '2freethrow']",201942,,,1610612752,55,62,2022-12-15T01:45:02Z,3120000,False,,,0,,D. DeRozan shooting personal FOUL (3 PF) (Randle 2 FT),"[201942, 203944]",11,1610612741.0,CHI,shooting,,,DeRozan,D. DeRozan,,,,,In The Paint (Non-RA),0-8 Center,,,,,,,,,,,202056.0,3.0,0.0,Randle,203944.0,,,,,
00:21,323,PT00M21.50S,2022-12-15T01:45:03.6Z,2,REGULAR,freethrow,1 of 2,['2ndchance'],203944,,,1610612752,55,63,2022-12-15T01:45:03Z,3140000,False,,,0,,J. Randle Free Throw 1 of 2 (17 PTS),[203944],30,1610612752.0,NYK,,,,Randle,J. Randle,,,,,,,,Made,17.0,,,,,,,,,,,,,,,,,
00:21,324,PT00M21.50S,2022-12-15T01:45:09.0Z,2,REGULAR,substitution,out,[],1629628,,,1610612752,55,63,2022-12-15T01:45:11Z,3150000,False,,,0,,SUB out: R. Barrett,[1629628],9,1610612752.0,NYK,,,,Barrett,R. Barrett,,,,,,,,,,,,,,,,,,,,,,,,,,
00:21,325,PT00M21.50S,2022-12-15T01:45:09.0Z,2,REGULAR,substitution,in,[],1630540,,,1610612752,55,63,2022-12-15T01:45:11Z,3160000,False,,,0,,SUB in: M. McBride,[1630540],2,1610612752.0,NYK,,,,McBride,M. McBride,,,,,,,,,,,,,,,,,,,,,,,,,,
00:21,326,PT00M21.50S,2022-12-15T01:45:28.8Z,2,REGULAR,freethrow,2 of 2,['2ndchance'],203944,,,1610612752,55,64,2022-12-15T01:45:28Z,3170000,False,,,0,,J. Randle Free Throw 2 of 2 (18 PTS),[203944],30,1610612752.0,NYK,,,,Randle,J. Randle,,,,,,,,Made,18.0,,,,,,,,,,,,,,,,,
00:02,327,PT00M02.60S,2022-12-15T01:45:49.9Z,2,REGULAR,3pt,Jump Shot,[],203897,4.681340341655716,5.147058823529411,1610612741,55,64,2022-12-15T01:45:59Z,3180000,False,224.0,-8.0,1,left,MISS Z. LaVine 3PT,[203897],8,1610612741.0,CHI,,,,LaVine,Z. LaVine,,,,,Right Corner 3,24+ Right,22.45,Missed,,,,,,,,,,,,,,,,,,
00:02,328,PT00M02.60S,2022-12-15T01:45:49.9Z,2,REGULAR,rebound,defensive,[],203944,,,1610612752,55,64,2022-12-15T01:45:59Z,3190000,False,,,0,,J. Randle REBOUND (Off:0 Def:6),[203944],30,1610612752.0,NYK,,,,Randle,J. Randle,,,,,Right Corner 3,24+ Right,,,,,,,327.0,6.0,6.0,0.0,,,,,,,,,,
00:00,329,PT00M00.00S,2022-12-15T01:45:55.1Z,2,REGULAR,period,end,[],0,,,1610612752,55,64,2022-12-15T01:45:55Z,3200000,False,,,0,,Period End,[],,,,,,,,,,,,,,,,,,,,,,,,,,,,,,,,,,
12:00,331,PT12M00.00S,2022-12-15T01:59:23.2Z,3,REGULAR,substitution,out,['startperiod'],1630193,,,1610612752,55,64,2022-12-15T02:00:55Z,3210000,False,,,0,,SUB out: I. Quickley,[1630193],5,1610612752.0,NYK,,,,Quickley,I. Quickley,,,,,,,,,,,,,,,,,,,,,,,,,,
12:00,332,PT12M00.00S,2022-12-15T01:59:23.2Z,3,REGULAR,substitution,out,['startperiod'],1630540,,,1610612752,55,64,2022-12-15T02:00:55Z,3220000,False,,,0,,SUB out: M. McBride,[1630540],2,1610612752.0,NYK,,,,McBride,M. McBride,,,,,,,,,,,,,,,,,,,,,,,,,,
12:00,333,PT12M00.00S,2022-12-15T01:59:23.2Z,3,REGULAR,substitution,in,['startperiod'],1629628,,,1610612752,55,64,2022-12-15T02:00:55Z,3230000,False,,,0,,SUB in: R. Barrett,[1629628],9,1610612752.0,NYK,,,,Barrett,R. Barrett,,,,,,,,,,,,,,,,,,,,,,,,,,
12:00,334,PT12M00.00S,2022-12-15T01:59:23.2Z,3,REGULAR,substitution,in,['startperiod'],1629656,,,1610612752,55,64,2022-12-15T02:00:55Z,3240000,False,,,0,,SUB in: Q. Grimes,[1629656],6,1610612752.0,NYK,,,,Grimes,Q. Grimes,,,,,,,,,,,,,,,,,,,,,,,,,,
12:00,335,PT12M00.00S,2022-12-15T02:01:10.4Z,3,REGULAR,period,start,[],0,,,1610612741,55,64,2022-12-15T02:01:10Z,3250000,False,,,0,,Period Start,[],,,,,,,,,,,,,,,,,,,,,,,,,,,,,,,,,,
11:44,336,PT11M44.00S,2022-12-15T02:01:25.5Z,3,REGULAR,3pt,Jump Shot,[],202696,70.25295663600527,74.75490196078431,1610612741,55,64,2022-12-15T02:01:30Z,3260000,False,124.0,227.0,1,right,MISS N. Vucevic 25' 3PT,[202696],9,1610612741.0,CHI,,,,Vucevic,N. Vucevic,,,,,Above the Break 3,24+ Right Center,25.87,Missed,,,,,,,,,,,,,,,,,,
11:41,337,PT11M41.00S,2022-12-15T02:01:28.5Z,3,REGULAR,rebound,defensive,[],203944,,,1610612752,55,64,2022-12-15T02:01:30Z,3270000,False,,,0,,J. Randle REBOUND (Off:0 Def:7),[203944],30,1610612752.0,NYK,,,,Randle,J. Randle,,,,,Above the Break 3,24+ Right Center,,,,,,,336.0,7.0,7.0,0.0,,,,,,,,,,
11:35,338,PT11M35.00S,2022-12-15T02:01:34.3Z,3,REGULAR,3pt,Jump Shot,['fastbreak'],1628973,28.597240473061763,25.245098039215684,1610612752,55,67,2022-12-15T02:02:26Z,3280000,False,124.0,216.0,1,left,J. Brunson 24' 3PT running (15 PTS) (J. Randle 3 AST),"[1628973, 203944]",11,1610612752.0,NYK,running,,,Brunson,J. Brunson,,,,,Above the Break 3,24+ Right Center,24.92,Made,15.0,J. Randle,203944.0,3.0,,,,,,,,,,,,,,
11:11,340,PT11M11.00S,2022-12-15T02:01:58.1Z,3,REGULAR,2pt,Layup,['pointsinthepaint'],202696,92.46057818659659,50.0,1610612741,57,67,2022-12-15T02:02:57Z,3300000,False,0.0,18.0,1,right,N. Vucevic finger roll Layup (13 PTS),[202696],9,1610612741.0,CHI,finger roll,,,Vucevic,N. Vucevic,,,,,Restricted Area,0-8 Center,1.84,Made,13.0,,,,,,,,,,,,,,,,,
10:50,341,PT10M50.00S,2022-12-15T02:02:19.5Z,3,REGULAR,2pt,Jump Shot,['pointsinthepaint'],1629628,7.835085413929041,48.77450980392157,1610612752,57,67,2022-12-15T02:04:08Z,3310000,False,6.0,21.0,1,left,MISS R. Barrett driving floating Shot,[1629628],9,1610612752.0,NYK,driving floating,,,Barrett,R. Barrett,,,,,Restricted Area,0-8 Center,2.2,Missed,,,,,,,,,,,,,,,,,,
10:48,342,PT10M48.00S,2022-12-15T02:02:21.5Z,3,REGULAR,rebound,defensive,[],202696,,,1610612741,57,67,2022-12-15T02:03:24Z,3320000,False,,,0,,N. Vucevic REBOUND (Off:0 Def:5),[202696],9,1610612741.0,CHI,,,,Vucevic,N. Vucevic,,,,,Restricted Area,0-8 Center,,,,,,,341.0,5.0,5.0,0.0,,,,,,,,,,
10:38,343,PT10M38.00S,2022-12-15T02:02:31.4Z,3,REGULAR,2pt,Jump Shot,[],201942,71.96123521681997,37.5,1610612741,59,67,2022-12-15T02:02:36Z,3330000,False,-62.0,211.0,1,right,D. DeRozan 22' pullup Jump Shot (10 PTS),[201942],11,1610612741.0,CHI,pullup,,,DeRozan,D. DeRozan,,,,,Mid-Range,16-24 Center,22.02,Made,10.0,,,,,,,,,,,,,,,,,
10:10,344,PT10M10.00S,2022-12-15T02:02:59.3Z,3,REGULAR,2pt,Jump Shot,[],203944,18.2161629434954,28.921568627450984,1610612752,59,69,2022-12-15T02:03:03Z,3340000,False,105.0,119.0,1,left,J. Randle 15' Jump Shot (20 PTS),[203944],30,1610612752.0,NYK,,,,Randle,J. Randle,,,,,Mid-Range,8-16 Right,15.87,Made,20.0,,,,,,,,,,,,,,,,,
09:54,345,PT09M54.00S,2022-12-15T02:03:15.3Z,3,REGULAR,2pt,DUNK,['pointsinthepaint'],1630172,93.9060446780552,49.26470588235294,1610612741,61,69,2022-12-15T02:03:19Z,3350000,False,-4.0,5.0,1,right,P. Williams cutting DUNK (11 PTS) (N. Vucevic 2 AST),"[1630172, 202696]",44,1610612741.0,CHI,cutting,,,Williams,P. Williams,,,,,Restricted Area,0-8 Center,0.61,Made,11.0,N. Vucevic,202696.0,2.0,,,,,,,,,,,,,,
09:34,347,PT09M34.00S,2022-12-15T02:03:34.8Z,3,REGULAR,turnover,bad pass,[],1628973,,,1610612752,61,69,2022-12-15T02:03:38Z,3370000,False,,,0,,J. Brunson bad pass TURNOVER (1 TO),"[1628973, 1627936]",11,1610612752.0,NYK,,,,Brunson,J. Brunson,,,,,Mid-Range,16-24 Center,,,,,,,,,,,,,,,,1.0,Caruso,1627936.0,,
09:34,348,PT09M34.00S,2022-12-15T02:03:34.8Z,3,REGULAR,steal,,[],1627936,,,1610612741,61,69,2022-12-15T02:03:36Z,3380000,False,,,0,,A. Caruso STEAL (1 STL),[1627936],6,1610612741.0,CHI,,,,Caruso,A. Caruso,,,,,Mid-Range,16-24 Center,,,,,,,,,,,,,,,,,,,,
09:30,349,PT09M30.00S,2022-12-15T02:03:39.8Z,3,REGULAR,2pt,Layup,"['fastbreak', 'pointsinthepaint', 'fromturnover']",203897,93.51182654402102,51.470588235294116,1610612741,63,69,2022-12-15T02:06:45Z,3390000,False,7.0,8.0,1,right,Z. LaVine running reverse Layup (11 PTS) (N. Vucevic 3 AST),"[203897, 202696]",8,1610612741.0,CHI,running reverse,,,LaVine,Z. LaVine,,,,,Restricted Area,0-8 Center,1.13,Made,11.0,N. Vucevic,202696.0,3.0,,,,,,,,,,,,,,
09:30,351,PT09M30.00S,2022-12-15T02:03:43.9Z,3,REGULAR,timeout,full,"['team', 'mandatory']",0,,,1610612752,63,69,2022-12-15T02:03:43Z,3410000,False,,,0,,NYK Timeout,[],,1610612752.0,NYK,,,,,,,,,,,,,,,,,,,,,,,,,,,,,,,
09:16,352,PT09M16.00S,2022-12-15T02:07:19.5Z,3,REGULAR,turnover,bad pass,[],1629628,,,1610612752,63,69,2022-12-15T02:09:20Z,3420000,False,,,0,,R. Barrett bad pass TURNOVER (1 TO),"[1629628, 1627936]",9,1610612752.0,NYK,,,,Barrett,R. Barrett,,,,,Above the Break 3,24+ Right Center,,,,,,,,,,,,,,,,1.0,Caruso,1627936.0,,
09:16,353,PT09M16.00S,2022-12-15T02:07:19.5Z,3,REGULAR,steal,,[],1627936,,,1610612741,63,69,2022-12-15T02:07:22Z,3430000,False,,,0,,A. Caruso STEAL (2 STL),[1627936],6,1610612741.0,CHI,,,,Caruso,A. Caruso,,,,,Above the Break 3,24+ Right Center,,,,,,,,,,,,,,,,,,,,
09:12,354,PT09M12.00S,2022-12-15T02:07:23.6Z,3,REGULAR,2pt,DUNK,"['pointsinthepaint', 'fromturnover', 'fastbreak']",203897,92.72339027595268,49.26470588235294,1610612741,65,69,2022-12-15T02:08:28Z,3440000,False,-4.0,16.0,1,right,Z. LaVine running DUNK (13 PTS),[203897],8,1610612741.0,CHI,running,,,LaVine,Z. LaVine,,,,,Restricted Area,0-8 Center,1.63,Made,13.0,,,,,,,,,,,,,,,,,
09:02,356,PT09M02.00S,2022-12-15T02:07:45.5Z,3,REGULAR,foul,personal,['2freethrow'],1627936,,,1610612752,65,69,2022-12-15T02:08:06Z,3460000,False,,,0,,A. Caruso shooting personal FOUL (3 PF) (Randle 2 FT),"[1627936, 203944]",6,1610612741.0,CHI,shooting,,,Caruso,A. Caruso,,,,,In The Paint (Non-RA),0-8 Center,,,,,,,,,,,202058.0,3.0,0.0,Randle,203944.0,,,,,
09:02,358,PT09M02.00S,2022-12-15T02:08:11.1Z,3,REGULAR,freethrow,1 of 2,[],203944,,,1610612752,65,70,2022-12-15T02:08:11Z,3480000,False,,,0,,J. Randle Free Throw 1 of 2 (21 PTS),[203944],30,1610612752.0,NYK,,,,Randle,J. Randle,,,,,,,,Made,21.0,,,,,,,,,,,,,,,,,
09:02,359,PT09M02.00S,2022-12-15T02:08:28.8Z,3,REGULAR,freethrow,2 of 2,[],203944,,,1610612752,65,71,2022-12-15T02:08:28Z,3490000,False,,,0,,J. Randle Free Throw 2 of 2 (22 PTS),[203944],30,1610612752.0,NYK,,,,Randle,J. Randle,,,,,,,,Made,22.0,,,,,,,,,,,,,,,,,
08:39,360,PT08M39.00S,2022-12-15T02:08:53.3Z,3,REGULAR,3pt,Jump Shot,[],203897,72.61826544021025,21.568627450980394,1610612741,65,71,2022-12-15T02:10:19Z,3500000,False,-142.0,205.0,1,right,MISS Z. LaVine 24' pullup 3PT,[203897],8,1610612741.0,CHI,pullup,,,LaVine,Z. LaVine,,,,,Above the Break 3,24+ Left Center,24.94,Missed,,,,,,,,,,,,,,,,,,
08:39,361,PT08M39.00S,2022-12-15T02:08:53.3Z,3,REGULAR,rebound,defensive,['team'],0,,,1610612752,65,71,2022-12-15T02:08:59Z,3510000,False,,,0,,TEAM defensive REBOUND,[],,1610612752.0,NYK,,,,,,,,,,Above the Break 3,24+ Left Center,,,,,,,360.0,,,,,,,,,,,,,
08:22,363,PT08M22.00S,2022-12-15T02:09:22.4Z,3,REGULAR,2pt,Jump Shot,[],203944,19.136005256241788,74.26470588235294,1610612752,65,73,2022-12-15T02:11:01Z,3530000,False,-121.0,127.0,1,left,J. Randle 17' pullup Jump Shot (24 PTS),[203944],30,1610612752.0,NYK,pullup,,,Randle,J. Randle,,,,,Mid-Range,16-24 Left Center,17.59,Made,24.0,,,,,,,,,,,,,,,,,
08:09,364,PT08M09.00S,2022-12-15T02:09:35.8Z,3,REGULAR,2pt,Jump Shot,[],201942,76.69185282522996,61.51960784313726,1610612741,67,73,2022-12-15T02:09:40Z,3540000,False,58.0,167.0,1,right,D. DeRozan 17' pullup Jump Shot (12 PTS) (A. Caruso 3 AST),"[201942, 1627936]",11,1610612741.0,CHI,pullup,,,DeRozan,D. DeRozan,,,,,Mid-Range,16-24 Right Center,17.63,Made,12.0,A. Caruso,1627936.0,3.0,,,,,,,,,,,,,,
07:47,366,PT07M47.00S,2022-12-15T02:09:57.7Z,3,REGULAR,3pt,Jump Shot,[],1629628,10.726018396846255,97.05882352941177,1610612752,67,76,2022-12-15T02:10:01Z,3560000,False,-235.0,48.0,1,left,R. Barrett 24' 3PT  (13 PTS) (J. Randle 4 AST),"[1629628, 203944]",9,1610612752.0,NYK,,,,Barrett,R. Barrett,,,,,Left Corner 3,24+ Left,24.02,Made,13.0,J. Randle,203944.0,4.0,,,,,,,,,,,,,,
07:39,368,PT07M39.00S,2022-12-15T02:10:10.1Z,3,REGULAR,foul,personal,[],1629656,,,1610612741,67,76,2022-12-15T02:10:18Z,3580000,False,,,0,,Q. Grimes personal FOUL (4 PF),"[1629656, 1630172]",6,1610612752.0,NYK,,,,Grimes,Q. Grimes,,,,,In The Paint (Non-RA),0-8 Center,,,,,,,,,,,202058.0,4.0,0.0,Williams,1630172.0,,,,,
07:39,370,PT07M39.00S,2022-12-15T02:10:24.0Z,3,REGULAR,substitution,out,[],1629656,,,1610612741,67,76,2022-12-15T02:10:30Z,3600000,False,,,0,,SUB out: Q. Grimes,[1629656],6,1610612752.0,NYK,,,,Grimes,Q. Grimes,,,,,,,,,,,,,,,,,,,,,,,,,,
07:39,371,PT07M39.00S,2022-12-15T02:10:24.0Z,3,REGULAR,substitution,in,[],1630193,,,1610612741,67,76,2022-12-15T02:10:30Z,3610000,False,,,0,,SUB in: I. Quickley,[1630193],5,1610612752.0,NYK,,,,Quickley,I. Quickley,,,,,,,,,,,,,,,,,,,,,,,,,,
07:30,372,PT07M30.00S,2022-12-15T02:10:54.1Z,3,REGULAR,3pt,Jump Shot,[],203897,66.96780551905388,63.48039215686274,1610612741,70,76,2022-12-15T02:10:58Z,3620000,False,67.0,258.0,1,right,Z. LaVine 26' 3PT  (16 PTS) (N. Vucevic 4 AST),"[203897, 202696]",8,1610612741.0,CHI,,,,LaVine,Z. LaVine,,,,,Above the Break 3,24+ Center,26.67,Made,16.0,N. Vucevic,202696.0,4.0,,,,,,,,,,,,,,
07:11,374,PT07M11.00S,2022-12-15T02:11:12.9Z,3,REGULAR,3pt,Jump Shot,[],1628973,25.04927726675427,13.23529411764706,1610612752,70,76,2022-12-15T02:12:37Z,3640000,False,184.0,183.0,1,left,MISS J. Brunson 25' pullup 3PT,[1628973],11,1610612752.0,NYK,pullup,,,Brunson,J. Brunson,,,,,Above the Break 3,24+ Right Center,25.94,Missed,,,,,,,,,,,,,,,,,,
07:09,375,PT07M09.00S,2022-12-15T02:11:14.9Z,3,REGULAR,rebound,defensive,[],203897,,,1610612741,70,76,2022-12-15T02:11:18Z,3650000,False,,,0,,Z. LaVine REBOUND (Off:0 Def:4),[203897],8,1610612741.0,CHI,,,,LaVine,Z. LaVine,,,,,Above the Break 3,24+ Right Center,,,,,,,374.0,4.0,4.0,0.0,,,,,,,,,,
07:03,376,PT07M03.00S,2022-12-15T02:11:21.5Z,3,REGULAR,3pt,Jump Shot,[],202696,67.09921156373193,21.323529411764707,1610612741,70,76,2022-12-15T02:11:26Z,3660000,False,-143.0,257.0,1,right,MISS N. Vucevic 29' 3PT,[202696],9,1610612741.0,CHI,,,,Vucevic,N. Vucevic,,,,,Above the Break 3,24+ Left Center,29.41,Missed,,,,,,,,,,,,,,,,,,
06:59,377,PT06M59.00S,2022-12-15T02:11:25.5Z,3,REGULAR,rebound,defensive,[],1629628,,,1610612752,70,76,2022-12-15T02:11:26Z,3670000,False,,,0,,R. Barrett REBOUND (Off:0 Def:2),[1629628],9,1610612752.0,NYK,,,,Barrett,R. Barrett,,,,,Above the Break 3,24+ Left Center,,,,,,,376.0,2.0,2.0,0.0,,,,,,,,,,
06:53,378,PT06M53.00S,2022-12-15T02:11:34.8Z,3,REGULAR,foul,offensive,[],1629628,,,1610612752,70,76,2022-12-15T02:11:46Z,3680000,False,,,0,,R. Barrett charge offensive FOUL (3 PF),"[1629628, 201942]",9,1610612752.0,NYK,charge,,,Barrett,R. Barrett,,,,,Mid-Range,16-24 Right Center,,,,,,,,,,,202058.0,3.0,0.0,DeRozan,201942.0,,,,,
06:53,380,PT06M53.00S,2022-12-15T02:11:34.8Z,3,REGULAR,turnover,offensive foul,[],1629628,,,1610612752,70,76,2022-12-15T02:11:34Z,3700000,False,,,0,,R. Barrett offensive foul TURNOVER (2 TO),[1629628],9,1610612752.0,NYK,,,,Barrett,R. Barrett,,,,,Mid-Range,16-24 Right Center,,,,,,,,,,,202058.0,,,,,2.0,,,,
06:39,381,PT06M39.00S,2022-12-15T02:12:04.2Z,3,REGULAR,turnover,bad pass,[],201942,,,1610612741,70,76,2022-12-15T02:12:07Z,3710000,False,,,0,,D. DeRozan bad pass TURNOVER (2 TO),"[201942, 1630193]",11,1610612741.0,CHI,,,,DeRozan,D. DeRozan,,,,,Mid-Range,8-16 Right,,,,,,,,,,,,,,,,2.0,Quickley,1630193.0,,
06:39,382,PT06M39.00S,2022-12-15T02:12:04.2Z,3,REGULAR,steal,,[],1630193,,,1610612752,70,76,2022-12-15T02:12:06Z,3720000,False,,,0,,I. Quickley STEAL (3 STL),[1630193],5,1610612752.0,NYK,,,,Quickley,I. Quickley,,,,,Mid-Range,8-16 Right,,,,,,,,,,,,,,,,,,,,
06:30,383,PT06M30.00S,2022-12-15T02:12:11.6Z,3,REGULAR,turnover,bad pass,[],203944,,,1610612752,70,76,2022-12-15T02:12:16Z,3730000,False,,,0,,J. Randle bad pass TURNOVER (4 TO),"[203944, 1627936]",30,1610612752.0,NYK,,,,Randle,J. Randle,,,,,Mid-Range,16-24 Left Center,,,,,,,,,,,,,,,,4.0,Caruso,1627936.0,,
06:30,384,PT06M30.00S,2022-12-15T02:12:11.6Z,3,REGULAR,steal,,[],1627936,,,1610612741,70,76,2022-12-15T02:12:13Z,3740000,False,,,0,,A. Caruso STEAL (3 STL),[1627936],6,1610612741.0,CHI,,,,Caruso,A. Caruso,,,,,Mid-Range,16-24 Left Center,,,,,,,,,,,,,,,,,,,,
06:26,385,PT06M26.00S,2022-12-15T02:12:16.8Z,3,REGULAR,2pt,Layup,"['pointsinthepaint', 'fromturnover', 'fastbreak']",203897,93.51182654402102,52.69607843137255,1610612741,70,76,2022-12-15T02:12:22Z,3750000,False,13.0,8.0,1,right,MISS Z. LaVine running Layup,[203897],8,1610612741.0,CHI,running,,,LaVine,Z. LaVine,,,,,Restricted Area,0-8 Center,1.6,Missed,,,,,,,,,,,,,,,,,,
06:24,386,PT06M24.00S,2022-12-15T02:12:18.4Z,3,REGULAR,rebound,defensive,[],203944,,,1610612752,70,76,2022-12-15T02:12:18Z,3760000,False,,,0,,J. Randle REBOUND (Off:0 Def:8),[203944],30,1610612752.0,NYK,,,,Randle,J. Randle,,,,,Restricted Area,0-8 Center,,,,,,,385.0,8.0,8.0,0.0,,,,,,,,,,
06:13,387,PT06M13.00S,2022-12-15T02:12:29.7Z,3,REGULAR,3pt,Jump Shot,[],203944,23.73521681997372,15.196078431372548,1610612752,70,76,2022-12-15T02:16:50Z,3770000,False,174.0,171.0,1,left,MISS J. Randle 24' pullup 3PT,[203944],30,1610612752.0,NYK,pullup,,,Randle,J. Randle,,,,,Above the Break 3,24+ Right Center,24.37,Missed,,,,,,,,,,,,,,,,,,
06:10,388,PT06M10.00S,2022-12-15T02:12:32.7Z,3,REGULAR,rebound,defensive,[],202696,,,1610612741,70,76,2022-12-15T02:12:34Z,3780000,False,,,0,,N. Vucevic REBOUND (Off:0 Def:6),[202696],9,1610612741.0,CHI,,,,Vucevic,N. Vucevic,,,,,Above the Break 3,24+ Right Center,,,,,,,387.0,6.0,6.0,0.0,,,,,,,,,,
06:02,389,PT06M02.00S,2022-12-15T02:12:42.0Z,3,REGULAR,foul,personal,['2freethrow'],1629011,,,1610612741,70,76,2022-12-15T02:12:54Z,3790000,False,,,0,,M. Robinson shooting personal FOUL (2 PF) (DeRozan 2 FT),"[1629011, 201942]",23,1610612752.0,NYK,shooting,,,Robinson,M. Robinson,,,,,Restricted Area,0-8 Center,,,,,,,,,,,202056.0,2.0,0.0,DeRozan,201942.0,,,,,
06:02,391,PT06M02.00S,2022-12-15T02:13:13.0Z,3,REGULAR,freethrow,1 of 2,[],201942,,,1610612741,71,76,2022-12-15T02:13:13Z,3810000,False,,,0,,D. DeRozan Free Throw 1 of 2 (13 PTS),[201942],11,1610612741.0,CHI,,,,DeRozan,D. DeRozan,,,,,,,,Made,13.0,,,,,,,,,,,,,,,,,
06:02,392,PT06M02.00S,2022-12-15T02:13:30.6Z,3,REGULAR,freethrow,2 of 2,[],201942,,,1610612741,72,76,2022-12-15T02:13:30Z,3820000,False,,,0,,D. DeRozan Free Throw 2 of 2 (14 PTS),[201942],11,1610612741.0,CHI,,,,DeRozan,D. DeRozan,,,,,,,,Made,14.0,,,,,,,,,,,,,,,,,
05:40,393,PT05M40.00S,2022-12-15T02:13:53.4Z,3,REGULAR,2pt,Jump Shot,['pointsinthepaint'],1629628,8.754927726675426,59.55882352941176,1610612752,72,76,2022-12-15T02:14:26Z,3830000,False,-48.0,30.0,1,left,MISS R. Barrett Jump Shot - blocked,"[1629628, 202696]",9,1610612752.0,NYK,,,,Barrett,R. Barrett,,,,,In The Paint (Non-RA),0-8 Center,5.63,Missed,,,,,,,,,,,,,,,,,Vucevic,202696.0
05:40,394,PT05M40.00S,2022-12-15T02:13:53.4Z,3,REGULAR,block,,[],202696,,,1610612752,72,76,2022-12-15T02:13:57Z,3840000,False,,,0,,N. Vucevic BLOCK (1 BLK),[202696],9,1610612741.0,CHI,,,,Vucevic,N. Vucevic,,,,,In The Paint (Non-RA),0-8 Center,,,,,,,,,,,,,,,,,,,,
05:40,395,PT05M40.00S,2022-12-15T02:13:53.4Z,3,REGULAR,rebound,defensive,['team'],0,,,1610612741,72,76,2022-12-15T02:14:04Z,3850000,False,,,0,,TEAM defensive REBOUND,[],,1610612741.0,CHI,,,,,,,,,,In The Paint (Non-RA),0-8 Center,,,,,,,393.0,,,,,,,,,,,,,
05:40,397,PT05M40.00S,2022-12-15T02:14:05.7Z,3,REGULAR,substitution,out,[],1627936,,,1610612741,72,76,2022-12-15T02:14:13Z,3870000,False,,,0,,SUB out: A. Caruso,[1627936],6,1610612741.0,CHI,,,,Caruso,A. Caruso,,,,,,,,,,,,,,,,,,,,,,,,,,
05:40,398,PT05M40.00S,2022-12-15T02:14:05.7Z,3,REGULAR,substitution,out,[],201942,,,1610612741,72,76,2022-12-15T02:14:13Z,3880000,False,,,0,,SUB out: D. DeRozan,[201942],11,1610612741.0,CHI,,,,DeRozan,D. DeRozan,,,,,,,,,,,,,,,,,,,,,,,,,,
05:40,399,PT05M40.00S,2022-12-15T02:14:05.7Z,3,REGULAR,substitution,in,[],1629750,,,1610612741,72,76,2022-12-15T02:14:13Z,3890000,False,,,0,,SUB in: J. Green,[1629750],24,1610612741.0,CHI,,,,Green,J. Green,,,,,,,,,,,,,,,,,,,,,,,,,,
05:40,400,PT05M40.00S,2022-12-15T02:14:05.7Z,3,REGULAR,substitution,in,[],1629632,,,1610612741,72,76,2022-12-15T02:14:13Z,3900000,False,,,0,,SUB in: C. White,[1629632],0,1610612741.0,CHI,,,,White,C. White,,,,,,,,,,,,,,,,,,,,,,,,,,
05:24,401,PT05M24.00S,2022-12-15T02:14:33.6Z,3,REGULAR,2pt,Jump Shot,[],203897,79.45137976346912,64.2156862745098,1610612741,72,76,2022-12-15T02:19:45Z,3910000,False,71.0,141.0,1,right,MISS Z. LaVine 15' fadeaway Shot,[203897],8,1610612741.0,CHI,fadeaway,,,LaVine,Z. LaVine,,,,,Mid-Range,8-16 Center,15.76,Missed,,,,,,,,,,,,,,,,,,
05:22,402,PT05M22.00S,2022-12-15T02:14:36.4Z,3,REGULAR,rebound,offensive,[],1629750,,,1610612741,72,76,2022-12-15T02:14:36Z,3920000,False,,,0,,J. Green REBOUND (Off:1 Def:1),[1629750],24,1610612741.0,CHI,,,,Green,J. Green,,,,,Mid-Range,8-16 Center,,,,,,,401.0,2.0,1.0,1.0,,,,,,,,,,
05:22,403,PT05M22.00S,2022-12-15T02:14:37.9Z,3,REGULAR,foul,personal,['2freethrow'],1628973,,,1610612741,72,76,2022-12-15T02:14:44Z,3930000,False,,,0,,J. Brunson shooting personal FOUL (1 PF) (Green 2 FT),"[1628973, 1629750]",11,1610612752.0,NYK,shooting,,,Brunson,J. Brunson,,,,,Restricted Area,0-8 Center,,,,,,,,,,,201246.0,1.0,0.0,Green,1629750.0,,,,,
05:22,405,PT05M22.00S,2022-12-15T02:15:08.5Z,3,REGULAR,freethrow,1 of 2,['2ndchance'],1629750,,,1610612741,73,76,2022-12-15T02:15:32Z,3950000,False,,,0,,J. Green Free Throw 1 of 2 (4 PTS),[1629750],24,1610612741.0,CHI,,,,Green,J. Green,,,,,,,,Made,4.0,,,,,,,,,,,,,,,,,
05:22,406,PT05M22.00S,2022-12-15T02:15:09.5Z,3,REGULAR,substitution,out,[],1629011,,,1610612741,73,76,2022-12-15T02:15:13Z,3960000,False,,,0,,SUB out: M. Robinson,[1629011],23,1610612752.0,NYK,,,,Robinson,M. Robinson,,,,,,,,,,,,,,,,,,,,,,,,,,
05:22,407,PT05M22.00S,2022-12-15T02:15:09.5Z,3,REGULAR,substitution,in,[],1628392,,,1610612741,73,76,2022-12-15T02:15:13Z,3970000,False,,,0,,SUB in: I. Hartenstein,[1628392],55,1610612752.0,NYK,,,,Hartenstein,I. Hartenstein,,,,,,,,,,,,,,,,,,,,,,,,,,
05:22,408,PT05M22.00S,2022-12-15T02:15:08.5Z,3,REGULAR,freethrow,2 of 2,['2ndchance'],1629750,,,1610612741,73,76,2022-12-15T02:15:32Z,3980000,False,,,0,,MISS J. Green Free Throw 2 of 2,[1629750],24,1610612741.0,CHI,,,,Green,J. Green,,,,,,,,Missed,,,,,,,,,,,,,,,,,,
05:19,409,PT05M19.00S,2022-12-15T02:15:11.5Z,3,REGULAR,rebound,defensive,[],203944,,,1610612752,73,76,2022-12-15T02:15:32Z,3990000,False,,,0,,J. Randle REBOUND (Off:0 Def:9),[203944],30,1610612752.0,NYK,,,,Randle,J. Randle,,,,,,,,,,,,,408.0,9.0,9.0,0.0,,,,,,,,,,
04:59,410,PT04M59.00S,2022-12-15T02:15:54.1Z,3,REGULAR,turnover,traveling,[],1629628,,,1610612752,73,76,2022-12-15T02:16:00Z,4000000,False,,,0,,R. Barrett traveling TURNOVER (3 TO),[1629628],9,1610612752.0,NYK,,,,Barrett,R. Barrett,,,,,In The Paint (Non-RA),8-16 Center,,,,,,,,,,,202056.0,,,,,3.0,,,,
04:40,411,PT04M40.00S,2022-12-15T02:16:25.5Z,3,REGULAR,2pt,Hook,"['pointsinthepaint', 'fromturnover']",202696,94.03745072273325,54.90196078431373,1610612741,75,76,2022-12-15T02:21:21Z,4010000,False,25.0,4.0,1,right,N. Vucevic driving bank Hook (15 PTS),[202696],9,1610612741.0,CHI,driving bank,,,Vucevic,N. Vucevic,,,,,Restricted Area,0-8 Center,2.47,Made,15.0,,,,,,,,,,,,,,,,,
04:28,412,PT04M28.00S,2022-12-15T02:16:39.2Z,3,REGULAR,2pt,Jump Shot,['pointsinthepaint'],1628973,10.726018396846255,49.754901960784316,1610612752,75,76,2022-12-15T02:16:43Z,4020000,False,1.0,48.0,1,left,MISS J. Brunson driving floating Shot,[1628973],11,1610612752.0,NYK,driving floating,,,Brunson,J. Brunson,,,,,In The Paint (Non-RA),0-8 Center,4.83,Missed,,,,,,,,,,,,,,,,,,
04:28,413,PT04M28.00S,2022-12-15T02:16:39.2Z,3,REGULAR,rebound,defensive,['team'],0,,,1610612741,75,76,2022-12-15T02:16:43Z,4030000,False,,,0,,TEAM defensive REBOUND,[],,1610612741.0,CHI,,,,,,,,,,In The Paint (Non-RA),0-8 Center,,,,,,,412.0,,,,,,,,,,,,,
04:28,414,PT04M28.00S,2022-12-15T02:16:43.9Z,3,REGULAR,foul,personal,[],1628392,,,1610612741,75,76,2022-12-15T02:16:49Z,4040000,False,,,0,,I. Hartenstein loose ball personal FOUL (3 PF),"[1628392, 202696]",55,1610612752.0,NYK,loose ball,,,Hartenstein,I. Hartenstein,,,,,Restricted Area,0-8 Center,,,,,,,,,,,202056.0,3.0,0.0,Vucevic,202696.0,,,,,
04:16,416,PT04M16.00S,2022-12-15T02:17:06.7Z,3,REGULAR,2pt,DUNK,['pointsinthepaint'],202696,94.03745072273325,49.754901960784316,1610612741,77,76,2022-12-15T02:17:13Z,4060000,False,-1.0,4.0,1,right,N. Vucevic reverse DUNK (17 PTS) (P. Williams 4 AST),"[202696, 1630172]",9,1610612741.0,CHI,reverse,,,Vucevic,N. Vucevic,,,,,Restricted Area,0-8 Center,0.37,Made,17.0,P. Williams,1630172.0,4.0,,,,,,,,,,,,,,
04:16,418,PT04M16.00S,2022-12-15T02:17:11.6Z,3,REGULAR,timeout,full,"['team', 'mandatory']",0,,,1610612752,77,76,2022-12-15T02:17:11Z,4080000,False,,,0,,NYK Timeout,[],,1610612752.0,NYK,,,,,,,,,,,,,,,,,,,,,,,,,,,,,,,
03:51,420,PT03M51.00S,2022-12-15T02:21:13.5Z,3,REGULAR,3pt,Jump Shot,[],1629628,32.933639947437584,54.90196078431373,1610612752,77,79,2022-12-15T02:21:18Z,4100000,False,-25.0,257.0,1,left,R. Barrett 25' 3PT  (16 PTS) (J. Brunson 5 AST),"[1629628, 1628973]",9,1610612752.0,NYK,,,,Barrett,R. Barrett,,,,,Above the Break 3,24+ Center,25.83,Made,16.0,J. Brunson,1628973.0,5.0,,,,,,,,,,,,,,
03:30,422,PT03M30.00S,2022-12-15T02:21:33.7Z,3,REGULAR,2pt,Hook,['pointsinthepaint'],202696,87.33574244415243,51.470588235294116,1610612741,79,79,2022-12-15T02:21:37Z,4120000,False,7.0,67.0,1,right,N. Vucevic 6' turnaround Hook (19 PTS) (P. Williams 5 AST),"[202696, 1630172]",9,1610612741.0,CHI,turnaround,,,Vucevic,N. Vucevic,,,,,In The Paint (Non-RA),0-8 Center,6.69,Made,19.0,P. Williams,1630172.0,5.0,,,,,,,,,,,,,,
03:10,424,PT03M10.00S,2022-12-15T02:21:54.0Z,3,REGULAR,3pt,Jump Shot,[],1629628,29.6484888304862,74.01960784313727,1610612752,79,79,2022-12-15T02:22:02Z,4140000,False,-120.0,226.0,1,left,MISS R. Barrett 25' 3PT,[1629628],9,1610612752.0,NYK,,,,Barrett,R. Barrett,,,,,Above the Break 3,24+ Left Center,25.61,Missed,,,,,,,,,,,,,,,,,,
03:06,425,PT03M06.00S,2022-12-15T02:21:58.0Z,3,REGULAR,rebound,offensive,[],203944,,,1610612752,79,79,2022-12-15T02:22:02Z,4150000,False,,,0,,J. Randle REBOUND (Off:1 Def:9),[203944],30,1610612752.0,NYK,,,,Randle,J. Randle,,,,,Above the Break 3,24+ Left Center,,,,,,,424.0,10.0,9.0,1.0,,,,,,,,,,
03:03,426,PT03M03.00S,2022-12-15T02:22:00.8Z,3,REGULAR,2pt,Jump Shot,"['pointsinthepaint', '2ndchance']",1628392,17.0335085413929,47.794117647058826,1610612752,79,79,2022-12-15T02:22:07Z,4160000,False,11.0,108.0,1,left,MISS I. Hartenstein 10' floating Shot,[1628392],55,1610612752.0,NYK,floating,,,Hartenstein,I. Hartenstein,,,,,In The Paint (Non-RA),8-16 Center,10.82,Missed,,,,,,,,,,,,,,,,,,
03:00,427,PT03M00.00S,2022-12-15T02:22:03.8Z,3,REGULAR,rebound,defensive,[],1630172,,,1610612741,79,79,2022-12-15T02:22:07Z,4170000,False,,,0,,P. Williams REBOUND (Off:1 Def:1),[1630172],44,1610612741.0,CHI,,,,Williams,P. Williams,,,,,In The Paint (Non-RA),8-16 Center,,,,,,,426.0,2.0,1.0,1.0,,,,,,,,,,
02:49,428,PT02M49.00S,2022-12-15T02:22:15.2Z,3,REGULAR,3pt,Jump Shot,[],1629750,97.19119579500656,95.83333333333334,1610612741,79,79,2022-12-15T02:22:33Z,4180000,False,229.0,-26.0,1,right,MISS J. Green 3PT,[1629750],24,1610612741.0,CHI,,,,Green,J. Green,,,,,Right Corner 3,24+ Right,23.07,Missed,,,,,,,,,,,,,,,,,,
02:47,429,PT02M47.00S,2022-12-15T02:22:17.2Z,3,REGULAR,rebound,defensive,[],1630193,,,1610612752,79,79,2022-12-15T02:22:20Z,4190000,False,,,0,,I. Quickley REBOUND (Off:0 Def:3),[1630193],5,1610612752.0,NYK,,,,Quickley,I. Quickley,,,,,Right Corner 3,24+ Right,,,,,,,428.0,3.0,3.0,0.0,,,,,,,,,,
02:41,430,PT02M41.00S,2022-12-15T02:22:23.2Z,3,REGULAR,2pt,Jump Shot,[],1630193,18.2161629434954,33.57843137254902,1610612752,79,81,2022-12-15T02:24:22Z,4200000,False,82.0,119.0,1,left,I. Quickley 14' step back Jump Shot (4 PTS),[1630193],5,1610612752.0,NYK,step back,,,Quickley,I. Quickley,,,,,Mid-Range,8-16 Right,14.43,Made,4.0,,,,,,,,,,,,,,,,,
02:18,431,PT02M18.00S,2022-12-15T02:22:46.5Z,3,REGULAR,2pt,Jump Shot,[],203897,71.56701708278581,45.588235294117645,1610612741,81,81,2022-12-15T02:22:56Z,4210000,False,-22.0,215.0,1,right,Z. LaVine 21' step back Jump Shot (18 PTS),[203897],8,1610612741.0,CHI,step back,,,LaVine,Z. LaVine,,,,,Mid-Range,16-24 Center,21.59,Made,18.0,,,,,,,,,,,,,,,,,
02:04,432,PT02M04.00S,2022-12-15T02:23:00.1Z,3,REGULAR,2pt,Layup,['pointsinthepaint'],1628973,7.046649145860711,48.28431372549019,1610612752,81,83,2022-12-15T02:25:08Z,4220000,False,9.0,14.0,1,left,J. Brunson driving reverse Layup (17 PTS),[1628973],11,1610612752.0,NYK,driving reverse,,,Brunson,J. Brunson,,,,,Restricted Area,0-8 Center,1.62,Made,17.0,,,,,,,,,,,,,,,,,
01:56,433,PT01M56.00S,2022-12-15T02:23:07.9Z,3,REGULAR,2pt,DUNK,['pointsinthepaint'],1629750,93.64323258869908,50.49019607843137,1610612741,83,83,2022-12-15T02:23:16Z,4230000,False,2.0,7.0,1,right,J. Green cutting DUNK (6 PTS) (C. White 2 AST),"[1629750, 1629632]",24,1610612741.0,CHI,cutting,,,Green,J. Green,,,,,Restricted Area,0-8 Center,0.77,Made,6.0,C. White,1629632.0,2.0,,,,,,,,,,,,,,
01:41,435,PT01M41.00S,2022-12-15T02:23:22.9Z,3,REGULAR,3pt,Jump Shot,[],1628973,23.866622864651774,14.215686274509803,1610612752,83,86,2022-12-15T02:26:31Z,4250000,False,179.0,172.0,1,left,J. Brunson 24' 3PT pullup (20 PTS) (I. Hartenstein 1 AST),"[1628973, 1628392]",11,1610612752.0,NYK,pullup,,,Brunson,J. Brunson,,,,,Above the Break 3,24+ Right Center,24.8,Made,20.0,I. Hartenstein,1628392.0,1.0,,,,,,,,,,,,,,
01:41,437,PT01M41.00S,2022-12-15T02:23:28.0Z,3,REGULAR,foul,personal,['1freethrow'],203897,,,1610612752,83,86,2022-12-15T02:23:58Z,4270000,False,,,0,,Z. LaVine shooting personal FOUL (3 PF) (Brunson 1 FT),"[203897, 1628973]",8,1610612741.0,CHI,shooting,,,LaVine,Z. LaVine,,,,,Above the Break 3,24+ Right Center,,,,,,,,,,,202056.0,3.0,0.0,Brunson,1628973.0,,,,,
01:41,439,PT01M41.00S,2022-12-15T02:23:42.4Z,3,REGULAR,substitution,out,[],203897,,,1610612752,83,86,2022-12-15T02:23:56Z,4290000,False,,,0,,SUB out: Z. LaVine,[203897],8,1610612741.0,CHI,,,,LaVine,Z. LaVine,,,,,,,,,,,,,,,,,,,,,,,,,,
01:41,440,PT01M41.00S,2022-12-15T02:23:42.4Z,3,REGULAR,substitution,out,[],202696,,,1610612752,83,86,2022-12-15T02:23:56Z,4300000,False,,,0,,SUB out: N. Vucevic,[202696],9,1610612741.0,CHI,,,,Vucevic,N. Vucevic,,,,,,,,,,,,,,,,,,,,,,,,,,
01:41,441,PT01M41.00S,2022-12-15T02:23:42.4Z,3,REGULAR,substitution,out,[],1630172,,,1610612752,83,86,2022-12-15T02:23:56Z,4310000,False,,,0,,SUB out: P. Williams,[1630172],44,1610612741.0,CHI,,,,Williams,P. Williams,,,,,,,,,,,,,,,,,,,,,,,,,,
01:41,442,PT01M41.00S,2022-12-15T02:23:42.4Z,3,REGULAR,substitution,in,[],201609,,,1610612752,83,86,2022-12-15T02:23:56Z,4320000,False,,,0,,SUB in: G. Dragic,[201609],7,1610612741.0,CHI,,,,Dragic,G. Dragic,,,,,,,,,,,,,,,,,,,,,,,,,,
01:41,443,PT01M41.00S,2022-12-15T02:23:42.4Z,3,REGULAR,substitution,in,[],201942,,,1610612752,83,86,2022-12-15T02:23:56Z,4330000,False,,,0,,SUB in: D. DeRozan,[201942],11,1610612741.0,CHI,,,,DeRozan,D. DeRozan,,,,,,,,,,,,,,,,,,,,,,,,,,
01:41,444,PT01M41.00S,2022-12-15T02:23:42.4Z,3,REGULAR,substitution,in,[],203083,,,1610612752,83,86,2022-12-15T02:23:56Z,4340000,False,,,0,,SUB in: A. Drummond,[203083],3,1610612741.0,CHI,,,,Drummond,A. Drummond,,,,,,,,,,,,,,,,,,,,,,,,,,
01:41,445,PT01M41.00S,2022-12-15T02:24:15.7Z,3,REGULAR,freethrow,1 of 1,[],1628973,,,1610612752,83,87,2022-12-15T02:24:15Z,4350000,False,,,0,,J. Brunson Free Throw 1 of 1 (21 PTS),[1628973],11,1610612752.0,NYK,,,,Brunson,J. Brunson,,,,,,,,Made,21.0,,,,,,,,,,,,,,,,,
01:36,446,PT01M36.00S,2022-12-15T02:24:30.1Z,3,REGULAR,foul,offensive,[],203083,,,1610612741,83,87,2022-12-15T02:24:39Z,4360000,False,,,0,,A. Drummond off-the-ball offensive FOUL (1 PF),"[203083, 1628973]",3,1610612741.0,CHI,off-the-ball,,,Drummond,A. Drummond,,,,,In The Paint (Non-RA),8-16 Right,,,,,,,,,,,202058.0,1.0,0.0,Brunson,1628973.0,,,,,
01:36,448,PT01M36.00S,2022-12-15T02:24:30.1Z,3,REGULAR,turnover,offensive foul,[],203083,,,1610612741,83,87,2022-12-15T02:24:30Z,4380000,False,,,0,,A. Drummond offensive foul TURNOVER (2 TO),[203083],3,1610612741.0,CHI,,,,Drummond,A. Drummond,,,,,In The Paint (Non-RA),8-16 Right,,,,,,,,,,,202058.0,,,,,2.0,,,,
01:36,449,PT01M36.00S,2022-12-15T02:24:38.9Z,3,REGULAR,substitution,out,[],1628973,,,1610612752,83,87,2022-12-15T02:24:47Z,4390000,False,,,0,,SUB out: J. Brunson,[1628973],11,1610612752.0,NYK,,,,Brunson,J. Brunson,,,,,,,,,,,,,,,,,,,,,,,,,,
01:36,450,PT01M36.00S,2022-12-15T02:24:38.9Z,3,REGULAR,substitution,in,[],1630540,,,1610612752,83,87,2022-12-15T02:24:47Z,4400000,False,,,0,,SUB in: M. McBride,[1630540],2,1610612752.0,NYK,,,,McBride,M. McBride,,,,,,,,,,,,,,,,,,,,,,,,,,
01:23,451,PT01M23.00S,2022-12-15T02:24:54.2Z,3,REGULAR,2pt,Layup,"['pointsinthepaint', 'fromturnover']",1629628,6.521024967148489,51.470588235294116,1610612752,83,89,2022-12-15T02:24:58Z,4410000,False,-7.0,9.0,1,left,R. Barrett driving Layup (18 PTS),[1629628],9,1610612752.0,NYK,driving,,,Barrett,R. Barrett,,,,,Restricted Area,0-8 Center,1.15,Made,18.0,,,,,,,,,,,,,,,,,
01:02,452,PT01M02.00S,2022-12-15T02:25:15.3Z,3,REGULAR,2pt,Jump Shot,[],201609,77.4802890932983,45.34313725490196,1610612741,85,89,2022-12-15T02:25:19Z,4420000,False,-23.0,159.0,1,right,G. Dragic 16' pullup Jump Shot (4 PTS),[201609],7,1610612741.0,CHI,pullup,,,Dragic,G. Dragic,,,,,Mid-Range,16-24 Center,16.09,Made,4.0,,,,,,,,,,,,,,,,,
00:51,454,PT00M51.80S,2022-12-15T02:25:28.1Z,3,REGULAR,3pt,Jump Shot,[],203944,26.757555847568987,83.82352941176471,1610612752,85,92,2022-12-15T02:25:33Z,4440000,False,-169.0,199.0,1,left,J. Randle 26' 3PT  (27 PTS) (R. Barrett 2 AST),"[203944, 1629628]",30,1610612752.0,NYK,,,,Randle,J. Randle,,,,,Above the Break 3,24+ Left Center,26.11,Made,27.0,R. Barrett,1629628.0,2.0,,,,,,,,,,,,,,
00:39,456,PT00M39.70S,2022-12-15T02:25:44.7Z,3,REGULAR,turnover,bad pass,[],1629750,,,1610612741,85,92,2022-12-15T02:25:49Z,4460000,False,,,0,,J. Green bad pass TURNOVER (1 TO),"[1629750, 1630193]",24,1610612741.0,CHI,,,,Green,J. Green,,,,,Mid-Range,16-24 Right,,,,,,,,,,,,,,,,1.0,Quickley,1630193.0,,
00:39,457,PT00M39.70S,2022-12-15T02:25:44.7Z,3,REGULAR,steal,,[],1630193,,,1610612752,85,92,2022-12-15T02:25:47Z,4470000,False,,,0,,I. Quickley STEAL (4 STL),[1630193],5,1610612752.0,NYK,,,,Quickley,I. Quickley,,,,,Mid-Range,16-24 Right,,,,,,,,,,,,,,,,,,,,
00:34,458,PT00M34.80S,2022-12-15T02:25:49.6Z,3,REGULAR,3pt,Jump Shot,"['fastbreak', 'fromturnover']",1630193,34.247700394218136,47.549019607843135,1610612752,85,92,2022-12-15T02:31:52Z,4480000,False,12.0,269.0,1,left,MISS I. Quickley 26' running pullup 3PT,[1630193],5,1610612752.0,NYK,running pullup,,,Quickley,I. Quickley,,,,,Above the Break 3,24+ Center,26.97,Missed,,,,,,,,,,,,,,,,,,
00:30,459,PT00M30.50S,2022-12-15T02:25:53.9Z,3,REGULAR,rebound,defensive,[],1629750,,,1610612741,85,92,2022-12-15T02:25:56Z,4490000,False,,,0,,J. Green REBOUND (Off:1 Def:2),[1629750],24,1610612741.0,CHI,,,,Green,J. Green,,,,,Above the Break 3,24+ Center,,,,,,,458.0,3.0,2.0,1.0,,,,,,,,,,
00:19,460,PT00M19.70S,2022-12-15T02:26:04.7Z,3,REGULAR,3pt,Jump Shot,[],201609,78.40013140604468,9.558823529411764,1610612741,88,92,2022-12-15T02:26:52Z,4500000,False,-202.0,151.0,1,right,G. Dragic 25' 3PT  (7 PTS) (D. DeRozan 1 AST),"[201609, 201942]",7,1610612741.0,CHI,,,,Dragic,G. Dragic,,,,,Above the Break 3,24+ Left Center,25.21,Made,7.0,D. DeRozan,201942.0,1.0,,,,,,,,,,,,,,
00:19,462,PT00M19.70S,2022-12-15T02:26:08.6Z,3,REGULAR,foul,personal,"['inpenalty', '1freethrow']",1630193,,,1610612741,88,92,2022-12-15T02:26:36Z,4520000,False,,,0,,I. Quickley shooting personal FOUL (1 PF) (Dragic 1 FT),"[1630193, 201609]",5,1610612752.0,NYK,shooting,,,Quickley,I. Quickley,,,,,Above the Break 3,24+ Left Center,,,,,,,,,,,201246.0,1.0,0.0,Dragic,201609.0,,,,,
00:19,464,PT00M19.70S,2022-12-15T02:26:36.8Z,3,REGULAR,freethrow,1 of 1,[],201609,,,1610612741,88,92,2022-12-15T02:26:36Z,4540000,False,,,0,,MISS G. Dragic Free Throw 1 of 1,[201609],7,1610612741.0,CHI,,,,Dragic,G. Dragic,,,,,,,,Missed,,,,,,,,,,,,,,,,,,
00:16,465,PT00M16.90S,2022-12-15T02:26:39.6Z,3,REGULAR,rebound,defensive,[],203944,,,1610612752,88,92,2022-12-15T02:26:39Z,4550000,False,,,0,,J. Randle REBOUND (Off:1 Def:10),[203944],30,1610612752.0,NYK,,,,Randle,J. Randle,,,,,,,,,,,,,464.0,11.0,10.0,1.0,,,,,,,,,,
00:00,466,PT00M00.30S,2022-12-15T02:26:54.1Z,3,REGULAR,2pt,Jump Shot,[],203944,29.38567674113009,46.568627450980394,1610612752,88,92,2022-12-15T02:27:17Z,4560000,False,17.0,224.0,1,left,MISS J. Randle 22' turnaround Shot,[203944],30,1610612752.0,NYK,turnaround,,,Randle,J. Randle,,,,,Mid-Range,16-24 Center,22.44,Missed,,,,,,,,,,,,,,,,,,
00:00,467,PT00M00.30S,2022-12-15T02:26:54.1Z,3,REGULAR,rebound,offensive,['team'],0,,,1610612752,88,92,2022-12-15T02:27:00Z,4570000,False,,,0,,TEAM offensive REBOUND,[],,1610612752.0,NYK,,,,,,,,,,Mid-Range,16-24 Center,,,,,,,466.0,,,,,,,,,,,,,
00:00,468,PT00M00.00S,2022-12-15T02:27:00.9Z,3,REGULAR,period,end,[],0,,,1610612752,88,92,2022-12-15T02:27:00Z,4580000,False,,,0,,Period End,[],,,,,,,,,,,,,,,,,,,,,,,,,,,,,,,,,,
12:00,469,PT12M00.00S,2022-12-15T02:28:39.2Z,4,REGULAR,substitution,out,['startperiod'],1629750,,,1610612752,88,92,2022-12-15T02:29:29Z,4590000,False,,,0,,SUB out: J. Green,[1629750],24,1610612741.0,CHI,,,,Green,J. Green,,,,,,,,,,,,,,,,,,,,,,,,,,
12:00,470,PT12M00.00S,2022-12-15T02:28:39.2Z,4,REGULAR,substitution,out,['startperiod'],203944,,,1610612752,88,92,2022-12-15T02:29:29Z,4600000,False,,,0,,SUB out: J. Randle,[203944],30,1610612752.0,NYK,,,,Randle,J. Randle,,,,,,,,,,,,,,,,,,,,,,,,,,
12:00,471,PT12M00.00S,2022-12-15T02:28:39.2Z,4,REGULAR,substitution,in,['startperiod'],1627884,,,1610612752,88,92,2022-12-15T02:29:29Z,4610000,False,,,0,,SUB in: D. Jones Jr.,[1627884],5,1610612741.0,CHI,,,,Jones Jr.,D. Jones Jr.,,,,,,,,,,,,,,,,,,,,,,,,,,
12:00,472,PT12M00.00S,2022-12-15T02:28:39.2Z,4,REGULAR,substitution,in,['startperiod'],1630579,,,1610612752,88,92,2022-12-15T02:29:29Z,4620000,False,,,0,,SUB in: J. Sims,[1630579],45,1610612752.0,NYK,,,,Sims,J. Sims,,,,,,,,,,,,,,,,,,,,,,,,,,
12:00,473,PT12M00.00S,2022-12-15T02:30:34.8Z,4,REGULAR,period,start,[],0,,,1610612752,88,92,2022-12-15T02:30:34Z,4630000,False,,,0,,Period Start,[],,,,,,,,,,,,,,,,,,,,,,,,,,,,,,,,,,
11:42,474,PT11M42.00S,2022-12-15T02:30:52.2Z,4,REGULAR,2pt,Jump Shot,['pointsinthepaint'],1629628,14.4053876478318,47.794117647058826,1610612752,88,92,2022-12-15T02:30:56Z,4640000,False,11.0,83.0,1,left,MISS R. Barrett 8' driving floating Shot - blocked,"[1629628, 201942]",9,1610612752.0,NYK,driving floating,,,Barrett,R. Barrett,,,,,In The Paint (Non-RA),8-16 Center,8.36,Missed,,,,,,,,,,,,,,,,,DeRozan,201942.0
11:42,475,PT11M42.00S,2022-12-15T02:30:52.2Z,4,REGULAR,block,,[],201942,,,1610612752,88,92,2022-12-15T02:30:54Z,4650000,False,,,0,,D. DeRozan BLOCK (1 BLK),[201942],11,1610612741.0,CHI,,,,DeRozan,D. DeRozan,,,,,In The Paint (Non-RA),8-16 Center,,,,,,,,,,,,,,,,,,,,
11:39,476,PT11M39.00S,2022-12-15T02:30:55.2Z,4,REGULAR,rebound,defensive,[],1629632,,,1610612741,88,92,2022-12-15T02:30:56Z,4660000,False,,,0,,C. White REBOUND (Off:0 Def:3),[1629632],0,1610612741.0,CHI,,,,White,C. White,,,,,In The Paint (Non-RA),8-16 Center,,,,,,,474.0,3.0,3.0,0.0,,,,,,,,,,
11:31,477,PT11M31.00S,2022-12-15T02:31:04.6Z,4,REGULAR,foul,personal,['2freethrow'],1629628,,,1610612741,88,92,2022-12-15T02:31:30Z,4670000,False,,,0,,R. Barrett shooting personal FOUL (4 PF) (DeRozan 2 FT),"[1629628, 201942]",9,1610612752.0,NYK,shooting,,,Barrett,R. Barrett,,,,,Mid-Range,8-16 Right,,,,,,,,,,,202056.0,4.0,0.0,DeRozan,201942.0,,,,,
11:31,479,PT11M31.00S,2022-12-15T02:31:37.2Z,4,REGULAR,timeout,full,"['team', 'mandatory']",0,,,1610612741,88,92,2022-12-15T02:31:37Z,4690000,False,,,0,,NYK Timeout,[],,1610612752.0,NYK,,,,,,,,,,,,,,,,,,,,,,,,,,,,,,,
11:31,482,PT11M31.00S,2022-12-15T02:35:20.9Z,4,REGULAR,freethrow,1 of 2,[],201942,,,1610612741,89,92,2022-12-15T02:35:20Z,4720000,False,,,0,,D. DeRozan Free Throw 1 of 2 (15 PTS),[201942],11,1610612741.0,CHI,,,,DeRozan,D. DeRozan,,,,,,,,Made,15.0,,,,,,,,,,,,,,,,,
11:31,483,PT11M31.00S,2022-12-15T02:35:21.5Z,4,REGULAR,freethrow,2 of 2,[],201942,,,1610612741,90,92,2022-12-15T02:35:21Z,4730000,False,,,0,,D. DeRozan Free Throw 2 of 2 (16 PTS),[201942],11,1610612741.0,CHI,,,,DeRozan,D. DeRozan,,,,,,,,Made,16.0,,,,,,,,,,,,,,,,,
11:16,484,PT11M16.00S,2022-12-15T02:35:27.9Z,4,REGULAR,turnover,bad pass,[],1630193,,,1610612752,90,92,2022-12-15T02:35:31Z,4740000,False,,,0,,I. Quickley bad pass TURNOVER (1 TO),"[1630193, 1627884]",5,1610612752.0,NYK,,,,Quickley,I. Quickley,,,,,In The Paint (Non-RA),0-8 Center,,,,,,,,,,,,,,,,1.0,Jones Jr.,1627884.0,,
11:16,485,PT11M16.00S,2022-12-15T02:35:27.9Z,4,REGULAR,steal,,[],1627884,,,1610612741,90,92,2022-12-15T02:35:29Z,4750000,False,,,0,,D. Jones Jr. STEAL (1 STL),[1627884],5,1610612741.0,CHI,,,,Jones Jr.,D. Jones Jr.,,,,,In The Paint (Non-RA),0-8 Center,,,,,,,,,,,,,,,,,,,,
11:05,486,PT11M05.00S,2022-12-15T02:35:39.5Z,4,REGULAR,3pt,Jump Shot,['fromturnover'],1629632,63.9454664914586,18.627450980392158,1610612741,93,92,2022-12-15T02:35:47Z,4760000,False,-157.0,286.0,1,right,C. White 32' 3PT  (12 PTS) (D. DeRozan 2 AST),"[1629632, 201942]",0,1610612741.0,CHI,,,,White,C. White,,,,,Above the Break 3,24+ Left Center,32.66,Made,12.0,D. DeRozan,201942.0,2.0,,,,,,,,,,,,,,
10:48,488,PT10M48.00S,2022-12-15T02:35:56.8Z,4,REGULAR,2pt,Layup,['pointsinthepaint'],1629628,6.389618922470433,49.26470588235294,1610612752,93,92,2022-12-15T02:36:01Z,4780000,False,4.0,8.0,1,left,MISS R. Barrett driving Layup,[1629628],9,1610612752.0,NYK,driving,,,Barrett,R. Barrett,,,,,Restricted Area,0-8 Center,0.85,Missed,,,,,,,,,,,,,,,,,,
10:48,489,PT10M48.00S,2022-12-15T02:35:58.8Z,4,REGULAR,rebound,offensive,[],1628392,,,1610612752,93,92,2022-12-15T02:35:58Z,4790000,False,,,0,,I. Hartenstein REBOUND (Off:5 Def:3),[1628392],55,1610612752.0,NYK,,,,Hartenstein,I. Hartenstein,,,,,Restricted Area,0-8 Center,,,,,,,488.0,8.0,3.0,5.0,,,,,,,,,,
10:48,490,PT10M48.00S,2022-12-15T02:36:03.7Z,4,REGULAR,foul,personal,['2freethrow'],203083,,,1610612752,93,92,2022-12-15T02:36:29Z,4800000,False,,,0,,A. Drummond shooting personal FOUL (2 PF) (Hartenstein 2 FT),"[203083, 1628392]",3,1610612741.0,CHI,shooting,,,Drummond,A. Drummond,,,,,Restricted Area,0-8 Center,,,,,,,,,,,202056.0,2.0,0.0,Hartenstein,1628392.0,,,,,
10:48,492,PT10M48.00S,2022-12-15T02:36:30.2Z,4,REGULAR,freethrow,1 of 2,['2ndchance'],1628392,,,1610612752,93,93,2022-12-15T02:36:45Z,4820000,False,,,0,,I. Hartenstein Free Throw 1 of 2 (6 PTS),[1628392],55,1610612752.0,NYK,,,,Hartenstein,I. Hartenstein,,,,,,,,Made,6.0,,,,,,,,,,,,,,,,,
10:48,493,PT10M48.00S,2022-12-15T02:36:30.2Z,4,REGULAR,freethrow,2 of 2,['2ndchance'],1628392,,,1610612752,93,93,2022-12-15T02:36:45Z,4830000,False,,,0,,MISS I. Hartenstein Free Throw 2 of 2,[1628392],55,1610612752.0,NYK,,,,Hartenstein,I. Hartenstein,,,,,,,,Missed,,,,,,,,,,,,,,,,,,
10:45,494,PT10M45.00S,2022-12-15T02:36:33.2Z,4,REGULAR,rebound,defensive,[],201942,,,1610612741,93,93,2022-12-15T02:36:45Z,4840000,False,,,0,,D. DeRozan REBOUND (Off:0 Def:4),[201942],11,1610612741.0,CHI,,,,DeRozan,D. DeRozan,,,,,,,,,,,,,493.0,4.0,4.0,0.0,,,,,,,,,,
10:31,495,PT10M31.00S,2022-12-15T02:36:58.2Z,4,REGULAR,3pt,Jump Shot,[],201609,76.42904073587385,87.99019607843137,1610612741,93,93,2022-12-15T02:37:07Z,4850000,False,190.0,169.0,1,right,MISS G. Dragic 25' 3PT,[201609],7,1610612741.0,CHI,,,,Dragic,G. Dragic,,,,,Above the Break 3,24+ Right Center,25.44,Missed,,,,,,,,,,,,,,,,,,
10:25,496,PT10M25.00S,2022-12-15T02:37:04.2Z,4,REGULAR,rebound,defensive,[],1630540,,,1610612752,93,93,2022-12-15T02:37:07Z,4860000,False,,,0,,M. McBride REBOUND (Off:0 Def:1),[1630540],2,1610612752.0,NYK,,,,McBride,M. McBride,,,,,Above the Break 3,24+ Right Center,,,,,,,495.0,1.0,1.0,0.0,,,,,,,,,,
10:07,497,PT10M07.00S,2022-12-15T02:37:22.0Z,4,REGULAR,2pt,Layup,['pointsinthepaint'],1629628,6.521024967148489,48.77450980392157,1610612752,93,95,2022-12-15T02:37:32Z,4870000,False,6.0,9.0,1,left,R. Barrett driving Layup (20 PTS) (I. Quickley 4 AST),"[1629628, 1630193]",9,1610612752.0,NYK,driving,,,Barrett,R. Barrett,,,,,Restricted Area,0-8 Center,1.07,Made,20.0,I. Quickley,1630193.0,4.0,,,,,,,,,,,,,,
09:56,499,PT09M56.00S,2022-12-15T02:37:33.4Z,4,REGULAR,2pt,Layup,['pointsinthepaint'],201942,93.38042049934296,47.549019607843135,1610612741,95,95,2022-12-15T02:37:42Z,4890000,False,-12.0,10.0,1,right,D. DeRozan driving Layup (18 PTS),[201942],11,1610612741.0,CHI,driving,,,DeRozan,D. DeRozan,,,,,Restricted Area,0-8 Center,1.57,Made,18.0,,,,,,,,,,,,,,,,,
09:42,500,PT09M42.00S,2022-12-15T02:37:46.6Z,4,REGULAR,2pt,Jump Shot,['pointsinthepaint'],1630193,11.251642575558476,50.0,1610612752,95,97,2022-12-15T02:37:50Z,4900000,False,0.0,53.0,1,left,I. Quickley driving floating Jump Shot (6 PTS),[1630193],5,1610612752.0,NYK,driving floating,,,Quickley,I. Quickley,,,,,In The Paint (Non-RA),0-8 Center,5.33,Made,6.0,,,,,,,,,,,,,,,,,
09:24,501,PT09M24.00S,2022-12-15T02:38:07.3Z,4,REGULAR,foul,personal,[],1630193,,,1610612741,95,97,2022-12-15T02:38:19Z,4910000,False,,,0,,I. Quickley personal FOUL (2 PF),"[1630193, 203083]",5,1610612752.0,NYK,,,,Quickley,I. Quickley,,,,,In The Paint (Non-RA),0-8 Center,,,,,,,,,,,202056.0,2.0,0.0,Drummond,203083.0,,,,,
09:24,503,PT09M24.00S,2022-12-15T02:38:13.1Z,4,REGULAR,substitution,out,[],201609,,,1610612741,95,97,2022-12-15T02:38:24Z,4930000,False,,,0,,SUB out: G. Dragic,[201609],7,1610612741.0,CHI,,,,Dragic,G. Dragic,,,,,,,,,,,,,,,,,,,,,,,,,,
09:24,504,PT09M24.00S,2022-12-15T02:38:13.1Z,4,REGULAR,substitution,out,[],1629628,,,1610612741,95,97,2022-12-15T02:38:24Z,4940000,False,,,0,,SUB out: R. Barrett,[1629628],9,1610612752.0,NYK,,,,Barrett,R. Barrett,,,,,,,,,,,,,,,,,,,,,,,,,,
09:24,505,PT09M24.00S,2022-12-15T02:38:13.1Z,4,REGULAR,substitution,out,[],1628392,,,1610612741,95,97,2022-12-15T02:38:24Z,4950000,False,,,0,,SUB out: I. Hartenstein,[1628392],55,1610612752.0,NYK,,,,Hartenstein,I. Hartenstein,,,,,,,,,,,,,,,,,,,,,,,,,,
09:24,506,PT09M24.00S,2022-12-15T02:38:13.1Z,4,REGULAR,substitution,in,[],1627936,,,1610612741,95,97,2022-12-15T02:38:24Z,4960000,False,,,0,,SUB in: A. Caruso,[1627936],6,1610612741.0,CHI,,,,Caruso,A. Caruso,,,,,,,,,,,,,,,,,,,,,,,,,,
09:24,507,PT09M24.00S,2022-12-15T02:38:13.1Z,4,REGULAR,substitution,in,[],1629656,,,1610612741,95,97,2022-12-15T02:38:24Z,4970000,False,,,0,,SUB in: Q. Grimes,[1629656],6,1610612752.0,NYK,,,,Grimes,Q. Grimes,,,,,,,,,,,,,,,,,,,,,,,,,,
09:24,508,PT09M24.00S,2022-12-15T02:38:13.1Z,4,REGULAR,substitution,in,[],203944,,,1610612741,95,97,2022-12-15T02:38:24Z,4980000,False,,,0,,SUB in: J. Randle,[203944],30,1610612752.0,NYK,,,,Randle,J. Randle,,,,,,,,,,,,,,,,,,,,,,,,,,
09:17,509,PT09M17.00S,2022-12-15T02:38:42.8Z,4,REGULAR,2pt,Jump Shot,[],201942,77.7431011826544,48.28431372549019,1610612741,97,97,2022-12-15T02:38:47Z,4990000,False,-9.0,157.0,1,right,D. DeRozan 15' pullup Jump Shot (20 PTS),[201942],11,1610612741.0,CHI,pullup,,,DeRozan,D. DeRozan,,,,,Mid-Range,8-16 Center,15.69,Made,20.0,,,,,,,,,,,,,,,,,
08:56,510,PT08M56.00S,2022-12-15T02:39:10.7Z,4,REGULAR,foul,technical,['1freethrow'],203083,,,1610612752,97,97,2022-12-15T02:39:17Z,5000000,False,,,0,,A. Drummond defensive-3-second technical FOUL (1 Tech),[203083],3,1610612741.0,CHI,defensive-3-second,,,Drummond,A. Drummond,,,,,,,,,,,,,,,,,202056.0,2.0,1.0,,,,,,,
08:56,511,PT08M56.00S,2022-12-15T02:39:31.6Z,4,REGULAR,freethrow,1 of 1,[],203944,,,1610612752,97,98,2022-12-15T02:39:31Z,5010000,False,,,0,,J. Randle technical Free Throw 1 of 1 (28 PTS),[203944],30,1610612752.0,NYK,technical,,,Randle,J. Randle,,,,,,,,Made,28.0,,,,,,,,,,,,,,,,,
08:44,512,PT08M44.00S,2022-12-15T02:39:55.2Z,4,REGULAR,2pt,Jump Shot,[],203944,6.258212877792378,21.323529411764707,1610612752,97,98,2022-12-15T02:39:59Z,5020000,False,143.0,6.0,1,left,MISS J. Randle 14' step back Shot,[203944],30,1610612752.0,NYK,step back,,,Randle,J. Randle,,,,,Mid-Range,8-16 Right,14.35,Missed,,,,,,,,,,,,,,,,,,
08:42,513,PT08M42.00S,2022-12-15T02:39:57.2Z,4,REGULAR,rebound,defensive,[],201942,,,1610612741,97,98,2022-12-15T02:39:57Z,5030000,False,,,0,,D. DeRozan REBOUND (Off:0 Def:5),[201942],11,1610612741.0,CHI,,,,DeRozan,D. DeRozan,,,,,Mid-Range,8-16 Right,,,,,,,512.0,5.0,5.0,0.0,,,,,,,,,,
08:31,514,PT08M31.00S,2022-12-15T02:40:11.1Z,4,REGULAR,foul,personal,[],1630540,,,1610612741,97,98,2022-12-15T02:40:26Z,5040000,False,,,0,,M. McBride personal FOUL (1 PF),"[1630540, 1629632]",2,1610612752.0,NYK,,,,McBride,M. McBride,,,,,In The Paint (Non-RA),8-16 Center,,,,,,,,,,,201246.0,1.0,0.0,White,1629632.0,,,,,
08:31,516,PT08M31.00S,2022-12-15T02:40:29.8Z,4,REGULAR,timeout,full,"['team', 'mandatory']",0,,,1610612741,97,98,2022-12-15T02:40:29Z,5060000,False,,,0,,CHI Timeout,[],,1610612741.0,CHI,,,,,,,,,,,,,,,,,,,,,,,,,,,,,,,
08:24,517,PT08M24.00S,2022-12-15T02:44:00.4Z,4,REGULAR,2pt,Jump Shot,['pointsinthepaint'],201942,81.42247043363994,44.6078431372549,1610612741,97,98,2022-12-15T02:44:07Z,5070000,False,-27.0,122.0,1,right,MISS D. DeRozan 12' pullup Shot,[201942],11,1610612741.0,CHI,pullup,,,DeRozan,D. DeRozan,,,,,In The Paint (Non-RA),8-16 Center,12.5,Missed,,,,,,,,,,,,,,,,,,
08:21,518,PT08M21.00S,2022-12-15T02:44:03.4Z,4,REGULAR,rebound,offensive,[],1627884,,,1610612741,97,98,2022-12-15T02:44:07Z,5080000,False,,,0,,D. Jones Jr. REBOUND (Off:1 Def:0),[1627884],5,1610612741.0,CHI,,,,Jones Jr.,D. Jones Jr.,,,,,In The Paint (Non-RA),8-16 Center,,,,,,,517.0,1.0,0.0,1.0,,,,,,,,,,
08:21,519,PT08M21.00S,2022-12-15T02:44:04.9Z,4,REGULAR,2pt,DUNK,"['2ndchance', 'pointsinthepaint']",1627884,94.40999984741211,50.0,1610612741,99,98,2022-12-15T02:45:08Z,5090000,False,0.0,0.0,1,right,D. Jones Jr. tip DUNK (2 PTS),[1627884],5,1610612741.0,CHI,tip,,,Jones Jr.,D. Jones Jr.,,,,,Restricted Area,0-8 Center,0.0,Made,2.0,,,,,,,,,,,,,,,,,
08:01,520,PT08M01.00S,2022-12-15T02:44:31.4Z,4,REGULAR,3pt,Jump Shot,[],1630193,19.66162943495401,4.6568627450980395,1610612752,99,101,2022-12-15T02:45:53Z,5100000,False,227.0,132.0,1,left,I. Quickley 26' 3PT pullup (9 PTS) (J. Randle 5 AST),"[1630193, 203944]",5,1610612752.0,NYK,pullup,,,Quickley,I. Quickley,,,,,Above the Break 3,24+ Right Center,26.25,Made,9.0,J. Randle,203944.0,5.0,,,,,,,,,,,,,,
07:51,522,PT07M51.00S,2022-12-15T02:44:46.5Z,4,REGULAR,foul,personal,[],1630540,,,1610612741,99,101,2022-12-15T02:44:57Z,5120000,False,,,0,,M. McBride personal FOUL (2 PF),"[1630540, 1627936]",2,1610612752.0,NYK,,,,McBride,M. McBride,,,,,Mid-Range,16-24 Center,,,,,,,,,,,202058.0,2.0,0.0,Caruso,1627936.0,,,,,
07:51,524,PT07M51.00S,2022-12-15T02:44:52.9Z,4,REGULAR,substitution,out,[],203083,,,1610612741,99,101,2022-12-15T02:44:57Z,5140000,False,,,0,,SUB out: A. Drummond,[203083],3,1610612741.0,CHI,,,,Drummond,A. Drummond,,,,,,,,,,,,,,,,,,,,,,,,,,
07:51,525,PT07M51.00S,2022-12-15T02:44:52.9Z,4,REGULAR,substitution,out,[],201942,,,1610612741,99,101,2022-12-15T02:44:57Z,5150000,False,,,0,,SUB out: D. DeRozan,[201942],11,1610612741.0,CHI,,,,DeRozan,D. DeRozan,,,,,,,,,,,,,,,,,,,,,,,,,,
07:51,526,PT07M51.00S,2022-12-15T02:44:52.9Z,4,REGULAR,substitution,in,[],203897,,,1610612741,99,101,2022-12-15T02:44:57Z,5160000,False,,,0,,SUB in: Z. LaVine,[203897],8,1610612741.0,CHI,,,,LaVine,Z. LaVine,,,,,,,,,,,,,,,,,,,,,,,,,,
07:51,527,PT07M51.00S,2022-12-15T02:44:52.9Z,4,REGULAR,substitution,in,[],202696,,,1610612741,99,101,2022-12-15T02:44:57Z,5170000,False,,,0,,SUB in: N. Vucevic,[202696],9,1610612741.0,CHI,,,,Vucevic,N. Vucevic,,,,,,,,,,,,,,,,,,,,,,,,,,
07:51,528,PT07M51.00S,2022-12-15T02:45:03.2Z,4,REGULAR,substitution,out,[],1630579,,,1610612741,99,101,2022-12-15T02:45:08Z,5180000,False,,,0,,SUB out: J. Sims,[1630579],45,1610612752.0,NYK,,,,Sims,J. Sims,,,,,,,,,,,,,,,,,,,,,,,,,,
07:51,529,PT07M51.00S,2022-12-15T02:45:03.2Z,4,REGULAR,substitution,in,[],1629011,,,1610612741,99,101,2022-12-15T02:45:08Z,5190000,False,,,0,,SUB in: M. Robinson,[1629011],23,1610612752.0,NYK,,,,Robinson,M. Robinson,,,,,,,,,,,,,,,,,,,,,,,,,,
07:42,530,PT07M42.00S,2022-12-15T02:45:27.1Z,4,REGULAR,2pt,Jump Shot,[],1627936,93.77463863337714,82.1078431372549,1610612741,101,101,2022-12-15T02:45:31Z,5200000,False,161.0,6.0,1,right,A. Caruso 16' pullup Jump Shot (4 PTS) (N. Vucevic 5 AST),"[1627936, 202696]",6,1610612741.0,CHI,pullup,,,Caruso,A. Caruso,,,,,Mid-Range,16-24 Right,16.06,Made,4.0,N. Vucevic,202696.0,5.0,,,,,,,,,,,,,,
07:12,532,PT07M12.00S,2022-12-15T02:46:00.3Z,4,REGULAR,3pt,Jump Shot,[],1630193,28.728646517739815,73.77450980392157,1610612752,101,101,2022-12-15T02:46:15Z,5220000,False,-119.0,218.0,1,left,MISS I. Quickley 24' 3PT,[1630193],5,1610612752.0,NYK,,,,Quickley,I. Quickley,,,,,Above the Break 3,24+ Left Center,24.79,Missed,,,,,,,,,,,,,,,,,,
07:10,533,PT07M10.00S,2022-12-15T02:46:02.3Z,4,REGULAR,rebound,defensive,[],202696,,,1610612741,101,101,2022-12-15T02:46:15Z,5230000,False,,,0,,N. Vucevic REBOUND (Off:0 Def:7),[202696],9,1610612741.0,CHI,,,,Vucevic,N. Vucevic,,,,,Above the Break 3,24+ Left Center,,,,,,,532.0,7.0,7.0,0.0,,,,,,,,,,
06:58,534,PT06M58.00S,2022-12-15T02:46:11.0Z,4,REGULAR,3pt,Jump Shot,[],203897,68.01905387647832,63.725490196078425,1610612741,101,101,2022-12-15T02:46:18Z,5240000,False,69.0,248.0,1,right,MISS Z. LaVine 25' 3PT,[203897],8,1610612741.0,CHI,,,,LaVine,Z. LaVine,,,,,Above the Break 3,24+ Center,25.74,Missed,,,,,,,,,,,,,,,,,,
06:54,535,PT06M54.00S,2022-12-15T02:46:15.0Z,4,REGULAR,rebound,defensive,[],1629656,,,1610612752,101,101,2022-12-15T02:46:18Z,5250000,False,,,0,,Q. Grimes REBOUND (Off:0 Def:3),[1629656],6,1610612752.0,NYK,,,,Grimes,Q. Grimes,,,,,Above the Break 3,24+ Center,,,,,,,534.0,3.0,3.0,0.0,,,,,,,,,,
06:39,536,PT06M39.00S,2022-12-15T02:46:29.7Z,4,REGULAR,2pt,Layup,['pointsinthepaint'],203944,5.206964520367937,48.529411764705884,1610612752,101,103,2022-12-15T02:46:35Z,5260000,False,7.0,-4.0,1,left,J. Randle driving Layup (30 PTS),[203944],30,1610612752.0,NYK,driving,,,Randle,J. Randle,,,,,Restricted Area,0-8 Center,0.82,Made,30.0,,,,,,,,,,,,,,,,,
06:25,537,PT06M25.00S,2022-12-15T02:46:44.2Z,4,REGULAR,turnover,bad pass,[],1629632,,,1610612741,101,103,2022-12-15T02:46:49Z,5270000,False,,,0,,C. White bad pass TURNOVER (1 TO),"[1629632, 1630540]",0,1610612741.0,CHI,,,,White,C. White,,,,,In The Paint (Non-RA),8-16 Center,,,,,,,,,,,,,,,,1.0,McBride,1630540.0,,
06:25,538,PT06M25.00S,2022-12-15T02:46:44.2Z,4,REGULAR,steal,,[],1630540,,,1610612752,101,103,2022-12-15T02:46:46Z,5280000,False,,,0,,M. McBride STEAL (1 STL),[1630540],2,1610612752.0,NYK,,,,McBride,M. McBride,,,,,In The Paint (Non-RA),8-16 Center,,,,,,,,,,,,,,,,,,,,
06:04,539,PT06M04.00S,2022-12-15T02:47:04.3Z,4,REGULAR,2pt,Jump Shot,"['pointsinthepaint', 'fromturnover']",203944,18.347568988173457,49.754901960784316,1610612752,101,103,2022-12-15T02:47:09Z,5290000,False,1.0,120.0,1,left,MISS J. Randle 12' fadeaway Shot,[203944],30,1610612752.0,NYK,fadeaway,,,Randle,J. Randle,,,,,In The Paint (Non-RA),8-16 Center,12.0,Missed,,,,,,,,,,,,,,,,,,
06:03,540,PT06M03.00S,2022-12-15T02:47:07.1Z,4,REGULAR,rebound,offensive,[],1629011,,,1610612752,101,103,2022-12-15T02:47:07Z,5300000,False,,,0,,M. Robinson REBOUND (Off:4 Def:3),[1629011],23,1610612752.0,NYK,,,,Robinson,M. Robinson,,,,,In The Paint (Non-RA),8-16 Center,,,,,,,539.0,7.0,3.0,4.0,,,,,,,,,,
06:03,541,PT06M03.00S,2022-12-15T02:47:07.1Z,4,REGULAR,2pt,DUNK,"['2ndchance', 'pointsinthepaint', 'fromturnover']",1629011,5.590000152587891,50.0,1610612752,101,105,2022-12-15T02:48:57Z,5310000,False,0.0,0.0,1,left,M. Robinson tip DUNK (6 PTS),[1629011],23,1610612752.0,NYK,tip,,,Robinson,M. Robinson,,,,,Restricted Area,0-8 Center,0.0,Made,6.0,,,,,,,,,,,,,,,,,
06:03,542,PT06M03.00S,2022-12-15T02:47:12.2Z,4,REGULAR,timeout,full,['team'],0,,,1610612741,101,105,2022-12-15T02:47:12Z,5320000,False,,,0,,CHI Timeout,[],,1610612741.0,CHI,,,,,,,,,,,,,,,,,,,,,,,,,,,,,,,
06:03,543,PT06M03.00S,2022-12-15T02:48:18.5Z,4,REGULAR,substitution,out,[],1627884,,,1610612741,101,105,2022-12-15T02:48:30Z,5330000,False,,,0,,SUB out: D. Jones Jr.,[1627884],5,1610612741.0,CHI,,,,Jones Jr.,D. Jones Jr.,,,,,,,,,,,,,,,,,,,,,,,,,,
06:03,544,PT06M03.00S,2022-12-15T02:48:18.5Z,4,REGULAR,substitution,out,[],1627936,,,1610612741,101,105,2022-12-15T02:48:30Z,5340000,False,,,0,,SUB out: A. Caruso,[1627936],6,1610612741.0,CHI,,,,Caruso,A. Caruso,,,,,,,,,,,,,,,,,,,,,,,,,,
06:03,547,PT06M03.00S,2022-12-15T02:48:18.5Z,4,REGULAR,substitution,in,[],201942,,,1610612741,101,105,2022-12-15T02:48:30Z,5370000,False,,,0,,SUB in: D. DeRozan,[201942],11,1610612741.0,CHI,,,,DeRozan,D. DeRozan,,,,,,,,,,,,,,,,,,,,,,,,,,
06:03,548,PT06M03.00S,2022-12-15T02:48:18.5Z,4,REGULAR,substitution,in,[],1630172,,,1610612741,101,105,2022-12-15T02:48:30Z,5380000,False,,,0,,SUB in: P. Williams,[1630172],44,1610612741.0,CHI,,,,Williams,P. Williams,,,,,,,,,,,,,,,,,,,,,,,,,,
06:03,549,PT06M03.00S,2022-12-15T02:48:18.5Z,4,REGULAR,substitution,in,[],1628973,,,1610612741,101,105,2022-12-15T02:48:30Z,5390000,False,,,0,,SUB in: J. Brunson,[1628973],11,1610612752.0,NYK,,,,Brunson,J. Brunson,,,,,,,,,,,,,,,,,,,,,,,,,,
06:03,550,PT06M03.00S,2022-12-15T02:48:18.5Z,4,REGULAR,substitution,in,[],1629628,,,1610612741,101,105,2022-12-15T02:48:30Z,5400000,False,,,0,,SUB in: R. Barrett,[1629628],9,1610612752.0,NYK,,,,Barrett,R. Barrett,,,,,,,,,,,,,,,,,,,,,,,,,,
06:03,566,PT06M03.00S,2022-12-15T02:48:18.5Z,4,REGULAR,substitution,out,[],1630540,,,1610612741,101,105,2022-12-15T02:52:10Z,5405000,False,,,0,,SUB out: M. McBride,[1630540],2,1610612752.0,NYK,,,,McBride,M. McBride,,,,,,,,,,,,,,,,,,,,,,,,,,
06:03,580,PT06M03.00S,2022-12-15T02:48:18.5Z,4,REGULAR,substitution,out,[],1630193,,,1610612741,101,105,2022-12-15T02:53:01Z,5407500,False,,,0,,SUB out: I. Quickley,[1630193],5,1610612752.0,NYK,,,,Quickley,I. Quickley,,,,,,,,,,,,,,,,,,,,,,,,,,
05:48,551,PT05M48.00S,2022-12-15T02:49:01.5Z,4,REGULAR,2pt,Layup,['pointsinthepaint'],201942,93.51182654402102,48.529411764705884,1610612741,103,105,2022-12-15T02:49:05Z,5410000,False,-7.0,8.0,1,right,D. DeRozan driving Layup (22 PTS),[201942],11,1610612741.0,CHI,driving,,,DeRozan,D. DeRozan,,,,,Restricted Area,0-8 Center,1.13,Made,22.0,,,,,,,,,,,,,,,,,
05:22,552,PT05M22.00S,2022-12-15T02:49:27.5Z,4,REGULAR,2pt,Layup,['pointsinthepaint'],1629628,6.783837056504599,52.69607843137255,1610612752,103,107,2022-12-15T02:49:32Z,5420000,False,-13.0,11.0,1,left,R. Barrett cutting Layup (22 PTS) (J. Brunson 6 AST),"[1629628, 1628973]",9,1610612752.0,NYK,cutting,,,Barrett,R. Barrett,,,,,Restricted Area,0-8 Center,1.76,Made,22.0,J. Brunson,1628973.0,6.0,,,,,,,,,,,,,,
05:04,554,PT05M04.00S,2022-12-15T02:49:46.6Z,4,REGULAR,2pt,Layup,['pointsinthepaint'],203897,93.77463863337714,51.71568627450981,1610612741,105,107,2022-12-15T02:49:50Z,5440000,False,9.0,6.0,1,right,Z. LaVine driving Layup (20 PTS),[203897],8,1610612741.0,CHI,driving,,,LaVine,Z. LaVine,,,,,Restricted Area,0-8 Center,1.05,Made,20.0,,,,,,,,,,,,,,,,,
04:44,556,PT04M44.00S,2022-12-15T02:50:06.7Z,4,REGULAR,3pt,Jump Shot,[],203944,31.35676741130092,46.32352941176471,1610612752,105,107,2022-12-15T02:50:12Z,5460000,False,18.0,242.0,1,left,MISS J. Randle 24' 3PT,[203944],30,1610612752.0,NYK,,,,Randle,J. Randle,,,,,Above the Break 3,24+ Center,24.3,Missed,,,,,,,,,,,,,,,,,,
04:39,557,PT04M39.00S,2022-12-15T02:50:11.7Z,4,REGULAR,rebound,defensive,[],1629632,,,1610612741,105,107,2022-12-15T02:50:12Z,5470000,False,,,0,,C. White REBOUND (Off:0 Def:4),[1629632],0,1610612741.0,CHI,,,,White,C. White,,,,,Above the Break 3,24+ Center,,,,,,,556.0,4.0,4.0,0.0,,,,,,,,,,
04:33,558,PT04M33.00S,2022-12-15T02:50:18.1Z,4,REGULAR,2pt,Jump Shot,[],203897,70.38436268068331,55.392156862745104,1610612741,107,107,2022-12-15T02:50:24Z,5480000,False,27.0,226.0,1,right,Z. LaVine 22' step back Jump Shot (22 PTS),[203897],8,1610612741.0,CHI,step back,,,LaVine,Z. LaVine,,,,,Mid-Range,16-24 Center,22.75,Made,22.0,,,,,,,,,,,,,,,,,
04:33,559,PT04M33.00S,2022-12-15T02:50:24.5Z,4,REGULAR,timeout,full,['team'],0,,,1610612752,107,107,2022-12-15T02:50:24Z,5490000,False,,,0,,NYK Timeout,[],,1610612752.0,NYK,,,,,,,,,,,,,,,,,,,,,,,,,,,,,,,
04:33,560,PT04M33.00S,2022-12-15T02:51:41.4Z,4,REGULAR,substitution,out,[],1629632,,,1610612752,107,107,2022-12-15T02:51:58Z,5500000,False,,,0,,SUB out: C. White,[1629632],0,1610612741.0,CHI,,,,White,C. White,,,,,,,,,,,,,,,,,,,,,,,,,,
04:33,562,PT04M33.00S,2022-12-15T02:51:41.4Z,4,REGULAR,substitution,in,[],1627936,,,1610612752,107,107,2022-12-15T02:51:58Z,5520000,False,,,0,,SUB in: A. Caruso,[1627936],6,1610612741.0,CHI,,,,Caruso,A. Caruso,,,,,,,,,,,,,,,,,,,,,,,,,,
04:18,564,PT04M18.00S,2022-12-15T02:52:06.4Z,4,REGULAR,3pt,Jump Shot,[],1629656,27.54599211563732,76.47058823529412,1610612752,107,110,2022-12-15T02:52:13Z,5540000,False,-132.0,206.0,1,left,Q. Grimes 24' 3PT  (8 PTS) (J. Brunson 7 AST),"[1629656, 1628973]",6,1610612752.0,NYK,,,,Grimes,Q. Grimes,,,,,Above the Break 3,24+ Left Center,24.52,Made,8.0,J. Brunson,1628973.0,7.0,,,,,,,,,,,,,,
04:03,567,PT04M03.00S,2022-12-15T02:52:21.3Z,4,REGULAR,2pt,Layup,['pointsinthepaint'],201942,89.17542706964521,44.11764705882353,1610612741,107,110,2022-12-15T02:56:10Z,5560000,False,-29.0,49.0,1,right,MISS D. DeRozan Layup - blocked,"[201942, 1629628]",11,1610612741.0,CHI,,,,DeRozan,D. DeRozan,,,,,In The Paint (Non-RA),0-8 Center,5.74,Missed,,,,,,,,,,,,,,,,,Barrett,1629628.0
04:03,568,PT04M03.00S,2022-12-15T02:52:21.3Z,4,REGULAR,block,,[],1629628,,,1610612741,107,110,2022-12-15T02:52:24Z,5570000,False,,,0,,R. Barrett BLOCK (1 BLK),[1629628],9,1610612752.0,NYK,,,,Barrett,R. Barrett,,,,,In The Paint (Non-RA),0-8 Center,,,,,,,,,,,,,,,,,,,,
03:59,569,PT03M59.00S,2022-12-15T02:52:25.3Z,4,REGULAR,rebound,defensive,[],1629628,,,1610612752,107,110,2022-12-15T02:52:25Z,5580000,False,,,0,,R. Barrett REBOUND (Off:0 Def:3),[1629628],9,1610612752.0,NYK,,,,Barrett,R. Barrett,,,,,In The Paint (Non-RA),0-8 Center,,,,,,,567.0,3.0,3.0,0.0,,,,,,,,,,
03:57,570,PT03M57.00S,2022-12-15T02:52:27.1Z,4,REGULAR,3pt,Jump Shot,['fastbreak'],1629656,2.7102496714848883,95.09803921568627,1610612752,107,110,2022-12-15T02:56:34Z,5590000,False,-225.0,-27.0,1,left,MISS Q. Grimes running 3PT,[1629656],6,1610612752.0,NYK,running,,,Grimes,Q. Grimes,,,,,Left Corner 3,24+ Left,22.71,Missed,,,,,,,,,,,,,,,,,,
03:55,571,PT03M55.00S,2022-12-15T02:52:29.4Z,4,REGULAR,rebound,offensive,[],1629628,,,1610612752,107,110,2022-12-15T02:52:29Z,5600000,False,,,0,,R. Barrett REBOUND (Off:1 Def:3),[1629628],9,1610612752.0,NYK,,,,Barrett,R. Barrett,,,,,Left Corner 3,24+ Left,,,,,,,570.0,4.0,3.0,1.0,,,,,,,,,,
03:53,572,PT03M53.00S,2022-12-15T02:52:31.8Z,4,REGULAR,2pt,Layup,"['pointsinthepaint', '2ndchance']",1629628,5.469776609724048,52.450980392156865,1610612752,107,110,2022-12-15T02:52:39Z,5610000,False,-12.0,-1.0,1,left,MISS R. Barrett Layup,[1629628],9,1610612752.0,NYK,,,,Barrett,R. Barrett,,,,,Restricted Area,0-8 Center,1.23,Missed,,,,,,,,,,,,,,,,,,
03:51,573,PT03M51.00S,2022-12-15T02:52:33.6Z,4,REGULAR,rebound,offensive,[],1629628,,,1610612752,107,110,2022-12-15T02:52:33Z,5620000,False,,,0,,R. Barrett REBOUND (Off:2 Def:3),[1629628],9,1610612752.0,NYK,,,,Barrett,R. Barrett,,,,,Restricted Area,0-8 Center,,,,,,,572.0,5.0,3.0,2.0,,,,,,,,,,
03:50,574,PT03M50.00S,2022-12-15T02:52:34.3Z,4,REGULAR,2pt,Layup,"['pointsinthepaint', '2ndchance']",1629628,4.155716162943495,43.13725490196079,1610612752,107,110,2022-12-15T02:57:06Z,5630000,False,34.0,-13.0,1,left,MISS R. Barrett putback Layup - blocked,"[1629628, 202696]",9,1610612752.0,NYK,putback,,,Barrett,R. Barrett,,,,,Restricted Area,0-8 Center,3.68,Missed,,,,,,,,,,,,,,,,,Vucevic,202696.0
03:50,575,PT03M50.00S,2022-12-15T02:52:34.3Z,4,REGULAR,block,,[],202696,,,1610612752,107,110,2022-12-15T02:52:37Z,5640000,False,,,0,,N. Vucevic BLOCK (2 BLK),[202696],9,1610612741.0,CHI,,,,Vucevic,N. Vucevic,,,,,Restricted Area,0-8 Center,,,,,,,,,,,,,,,,,,,,
03:50,576,PT03M50.00S,2022-12-15T02:52:34.3Z,4,REGULAR,rebound,offensive,[],1629011,,,1610612752,107,110,2022-12-15T02:52:43Z,5650000,False,,,0,,M. Robinson REBOUND (Off:5 Def:3),[1629011],23,1610612752.0,NYK,,,,Robinson,M. Robinson,,,,,Restricted Area,0-8 Center,,,,,,,574.0,8.0,3.0,5.0,,,,,,,,,,
03:43,577,PT03M43.00S,2022-12-15T02:52:41.0Z,4,REGULAR,2pt,DUNK,"['pointsinthepaint', '2ndchance']",1629011,5.590000152587891,50.0,1610612752,107,112,2022-12-15T02:52:41Z,5660000,False,0.0,0.0,1,left,M. Robinson putback DUNK (8 PTS),[1629011],23,1610612752.0,NYK,putback,,,Robinson,M. Robinson,,,,,Mid-Range,8-16 Left,0.0,Made,8.0,,,,,,,,,,,,,,,,,
03:31,578,PT03M31.00S,2022-12-15T02:52:52.3Z,4,REGULAR,3pt,Jump Shot,[],203897,67.88764783180025,70.58823529411765,1610612741,107,112,2022-12-15T02:57:41Z,5670000,False,103.0,249.0,1,right,MISS Z. LaVine 26' pullup 3PT,[203897],8,1610612741.0,CHI,pullup,,,LaVine,Z. LaVine,,,,,Above the Break 3,24+ Right Center,26.98,Missed,,,,,,,,,,,,,,,,,,
03:28,579,PT03M28.00S,2022-12-15T02:52:55.8Z,4,REGULAR,rebound,defensive,[],1629628,,,1610612752,107,112,2022-12-15T02:52:55Z,5680000,False,,,0,,R. Barrett REBOUND (Off:2 Def:4),[1629628],9,1610612752.0,NYK,,,,Barrett,R. Barrett,,,,,Above the Break 3,24+ Right Center,,,,,,,578.0,6.0,4.0,2.0,,,,,,,,,,
03:09,581,PT03M09.00S,2022-12-15T02:53:17.8Z,4,REGULAR,foul,offensive,[],203944,,,1610612752,107,112,2022-12-15T02:53:26Z,5690000,False,,,0,,J. Randle charge offensive FOUL (2 PF),"[203944, 1627936]",30,1610612752.0,NYK,charge,,,Randle,J. Randle,,,,,In The Paint (Non-RA),0-8 Center,,,,,,,,,,,201246.0,2.0,0.0,Caruso,1627936.0,,,,,
03:09,583,PT03M09.00S,2022-12-15T02:53:17.8Z,4,REGULAR,turnover,offensive foul,[],203944,,,1610612752,107,112,2022-12-15T02:53:17Z,5710000,False,,,0,,J. Randle offensive foul TURNOVER (5 TO),[203944],30,1610612752.0,NYK,,,,Randle,J. Randle,,,,,In The Paint (Non-RA),0-8 Center,,,,,,,,,,,201246.0,,,,,5.0,,,,
02:59,584,PT02M59.00S,2022-12-15T02:53:48.1Z,4,REGULAR,2pt,Layup,"['pointsinthepaint', 'fromturnover']",203897,92.9862023653088,51.470588235294116,1610612741,109,112,2022-12-15T02:53:54Z,5720000,False,7.0,13.0,1,right,Z. LaVine driving Layup (24 PTS) (A. Caruso 4 AST),"[203897, 1627936]",8,1610612741.0,CHI,driving,,,LaVine,Z. LaVine,,,,,Restricted Area,0-8 Center,1.53,Made,24.0,A. Caruso,1627936.0,4.0,,,,,,,,,,,,,,
02:34,586,PT02M34.00S,2022-12-15T02:54:12.7Z,4,REGULAR,2pt,Jump Shot,['pointsinthepaint'],1628973,9.937582128777924,42.8921568627451,1610612752,109,114,2022-12-15T02:54:16Z,5740000,False,36.0,41.0,1,left,J. Brunson driving floating Jump Shot (23 PTS),[1628973],11,1610612752.0,NYK,driving floating,,,Brunson,J. Brunson,,,,,In The Paint (Non-RA),0-8 Center,5.42,Made,23.0,,,,,,,,,,,,,,,,,
02:20,587,PT02M20.00S,2022-12-15T02:54:27.0Z,4,REGULAR,2pt,Jump Shot,['pointsinthepaint'],203897,92.9862023653088,42.8921568627451,1610612741,109,114,2022-12-15T02:54:32Z,5750000,False,-36.0,13.0,1,right,MISS Z. LaVine driving bank Shot,[203897],8,1610612741.0,CHI,driving bank,,,LaVine,Z. LaVine,,,,,Restricted Area,0-8 Center,3.79,Missed,,,,,,,,,,,,,,,,,,
02:18,588,PT02M18.00S,2022-12-15T02:54:29.0Z,4,REGULAR,rebound,defensive,[],203944,,,1610612752,109,114,2022-12-15T02:54:32Z,5760000,False,,,0,,J. Randle REBOUND (Off:1 Def:11),[203944],30,1610612752.0,NYK,,,,Randle,J. Randle,,,,,Restricted Area,0-8 Center,,,,,,,587.0,12.0,11.0,1.0,,,,,,,,,,
02:12,589,PT02M12.00S,2022-12-15T02:54:35.5Z,4,REGULAR,2pt,Layup,['pointsinthepaint'],1629011,8.492115637319317,47.549019607843135,1610612752,109,114,2022-12-15T02:59:01Z,5770000,False,12.0,27.0,1,left,MISS M. Robinson cutting Layup - blocked,"[1629011, 201942]",23,1610612752.0,NYK,cutting,,,Robinson,M. Robinson,,,,,Restricted Area,0-8 Center,2.99,Missed,,,,,,,,,,,,,,,,,DeRozan,201942.0
02:12,590,PT02M12.00S,2022-12-15T02:54:35.5Z,4,REGULAR,block,,[],201942,,,1610612752,109,114,2022-12-15T02:54:38Z,5780000,False,,,0,,D. DeRozan BLOCK (2 BLK),[201942],11,1610612741.0,CHI,,,,DeRozan,D. DeRozan,,,,,Restricted Area,0-8 Center,,,,,,,,,,,,,,,,,,,,
02:09,591,PT02M09.00S,2022-12-15T02:54:38.5Z,4,REGULAR,rebound,defensive,[],1627936,,,1610612741,109,114,2022-12-15T02:54:39Z,5790000,False,,,0,,A. Caruso REBOUND (Off:0 Def:1),[1627936],6,1610612741.0,CHI,,,,Caruso,A. Caruso,,,,,Restricted Area,0-8 Center,,,,,,,589.0,1.0,1.0,0.0,,,,,,,,,,
02:07,592,PT02M07.00S,2022-12-15T02:54:42.0Z,4,REGULAR,foul,personal,"['inpenalty', '2freethrow']",1628973,,,1610612741,109,114,2022-12-15T02:55:10Z,5800000,False,,,0,,J. Brunson shooting personal FOUL (2 PF) (DeRozan 2 FT),"[1628973, 201942]",11,1610612752.0,NYK,shooting,,,Brunson,J. Brunson,,,,,Restricted Area,0-8 Center,,,,,,,,,,,201246.0,2.0,0.0,DeRozan,201942.0,,,,,
02:07,594,PT02M07.00S,2022-12-15T02:55:11.1Z,4,REGULAR,freethrow,1 of 2,['fastbreak'],201942,,,1610612741,110,114,2022-12-15T02:55:11Z,5820000,False,,,0,,D. DeRozan Free Throw 1 of 2 (23 PTS),[201942],11,1610612741.0,CHI,,,,DeRozan,D. DeRozan,,,,,,,,Made,23.0,,,,,,,,,,,,,,,,,
02:07,595,PT02M07.00S,2022-12-15T02:55:26.4Z,4,REGULAR,freethrow,2 of 2,['fastbreak'],201942,,,1610612741,111,114,2022-12-15T02:55:26Z,5830000,False,,,0,,D. DeRozan Free Throw 2 of 2 (24 PTS),[201942],11,1610612741.0,CHI,,,,DeRozan,D. DeRozan,,,,,,,,Made,24.0,,,,,,,,,,,,,,,,,
01:43,596,PT01M43.00S,2022-12-15T02:55:57.6Z,4,REGULAR,2pt,Jump Shot,[],1628973,23.209592641261498,26.47058823529412,1610612752,111,114,2022-12-15T02:59:59Z,5840000,False,118.0,166.0,1,left,MISS J. Brunson 20' step back Shot,[1628973],11,1610612752.0,NYK,step back,,,Brunson,J. Brunson,,,,,Mid-Range,16-24 Right Center,20.32,Missed,,,,,,,,,,,,,,,,,,
01:40,597,PT01M40.00S,2022-12-15T02:56:00.6Z,4,REGULAR,rebound,offensive,[],1629011,,,1610612752,111,114,2022-12-15T02:56:03Z,5850000,False,,,0,,M. Robinson REBOUND (Off:6 Def:3),[1629011],23,1610612752.0,NYK,,,,Robinson,M. Robinson,,,,,Mid-Range,16-24 Right Center,,,,,,,596.0,9.0,3.0,6.0,,,,,,,,,,
01:30,600,PT01M30.00S,2022-12-15T02:56:47.3Z,4,REGULAR,timeout,challenge,['team'],0,,,1610612752,111,114,2022-12-15T02:58:40Z,5880000,False,,,0,,CHI Timeout,[],,1610612741.0,CHI,,,,,,,,,,,,,,,,,,,,,,,,,,,,,,,
01:27,602,PT01M27.00S,2022-12-15T02:59:45.4Z,4,REGULAR,jumpball,recovered,[],203897,,,1610612741,111,114,2022-12-15T02:59:45Z,5900000,False,,,0,,Jump Ball N. Vucevic vs. M. Robinson: Tip to Z. LaVine,"[203897, 202696, 1629011]",8,1610612741.0,CHI,challenge,Z. LaVine,203897.0,LaVine,Z. LaVine,Vucevic,202696.0,Robinson,1629011.0,,,,,,,,,,,,,,,,,,,,,,
01:15,605,PT01M15.00S,2022-12-15T02:59:58.6Z,4,REGULAR,foul,personal,"['inpenalty', '2freethrow']",1629628,,,1610612741,111,114,2022-12-15T03:00:10Z,5930000,False,,,0,,R. Barrett shooting personal FOUL (5 PF) (DeRozan 2 FT),"[1629628, 201942]",9,1610612752.0,NYK,shooting,,,Barrett,R. Barrett,,,,,In The Paint (Non-RA),0-8 Center,,,,,,,,,,,202056.0,5.0,0.0,DeRozan,201942.0,,,,,
01:15,607,PT01M15.00S,2022-12-15T03:00:24.1Z,4,REGULAR,freethrow,1 of 2,[],201942,,,1610612741,112,114,2022-12-15T03:00:24Z,5950000,False,,,0,,D. DeRozan Free Throw 1 of 2 (25 PTS),[201942],11,1610612741.0,CHI,,,,DeRozan,D. DeRozan,,,,,,,,Made,25.0,,,,,,,,,,,,,,,,,
01:15,608,PT01M15.00S,2022-12-15T03:00:40.4Z,4,REGULAR,freethrow,2 of 2,[],201942,,,1610612741,113,114,2022-12-15T03:00:40Z,5960000,False,,,0,,D. DeRozan Free Throw 2 of 2 (26 PTS),[201942],11,1610612741.0,CHI,,,,DeRozan,D. DeRozan,,,,,,,,Made,26.0,,,,,,,,,,,,,,,,,
00:54,609,PT00M54.20S,2022-12-15T03:01:02.3Z,4,REGULAR,3pt,Jump Shot,[],1629656,17.821944809461236,91.17647058823529,1610612752,113,117,2022-12-15T03:01:07Z,5970000,False,-206.0,115.0,1,left,Q. Grimes 3PT  (11 PTS) (J. Randle 6 AST),"[1629656, 203944]",6,1610612752.0,NYK,,,,Grimes,Q. Grimes,,,,,Mid-Range,16-24 Left,23.58,Made,11.0,J. Randle,203944.0,6.0,,,,,,,,,,,,,,
00:47,611,PT00M47.70S,2022-12-15T03:01:14.1Z,4,REGULAR,foul,personal,"['inpenalty', '2freethrow']",1629628,,,1610612741,113,117,2022-12-15T03:01:51Z,5990000,False,,,0,,R. Barrett shooting personal FOUL (6 PF) (DeRozan 2 FT),"[1629628, 201942]",9,1610612752.0,NYK,shooting,,,Barrett,R. Barrett,,,,,Restricted Area,0-8 Center,,,,,,,,,,,201246.0,6.0,0.0,DeRozan,201942.0,,,,,
00:47,613,PT00M47.70S,2022-12-15T03:01:29.1Z,4,REGULAR,substitution,out,[],1629628,,,1610612741,113,117,2022-12-15T03:01:41Z,6010000,False,,,0,,SUB out: R. Barrett,[1629628],9,1610612752.0,NYK,,,,Barrett,R. Barrett,,,,,,,,,,,,,,,,,,,,,,,,,,
00:47,614,PT00M47.70S,2022-12-15T03:01:29.1Z,4,REGULAR,substitution,in,[],1630193,,,1610612741,113,117,2022-12-15T03:01:41Z,6020000,False,,,0,,SUB in: I. Quickley,[1630193],5,1610612752.0,NYK,,,,Quickley,I. Quickley,,,,,,,,,,,,,,,,,,,,,,,,,,
00:47,615,PT00M47.70S,2022-12-15T03:01:58.4Z,4,REGULAR,freethrow,1 of 2,[],201942,,,1610612741,114,117,2022-12-15T03:01:58Z,6030000,False,,,0,,D. DeRozan Free Throw 1 of 2 (27 PTS),[201942],11,1610612741.0,CHI,,,,DeRozan,D. DeRozan,,,,,,,,Made,27.0,,,,,,,,,,,,,,,,,
00:47,616,PT00M47.70S,2022-12-15T03:02:14.4Z,4,REGULAR,freethrow,2 of 2,[],201942,,,1610612741,115,117,2022-12-15T03:02:14Z,6040000,False,,,0,,D. DeRozan Free Throw 2 of 2 (28 PTS),[201942],11,1610612741.0,CHI,,,,DeRozan,D. DeRozan,,,,,,,,Made,28.0,,,,,,,,,,,,,,,,,
00:28,617,PT00M28.10S,2022-12-15T03:02:40.1Z,4,REGULAR,2pt,Jump Shot,['pointsinthepaint'],203944,12.040078843626807,50.245098039215684,1610612752,115,117,2022-12-15T03:02:50Z,6050000,False,-1.0,61.0,1,left,MISS J. Randle 6' driving floating Shot - blocked,"[203944, 1630172]",30,1610612752.0,NYK,driving floating,,,Randle,J. Randle,,,,,In The Paint (Non-RA),0-8 Center,6.07,Missed,,,,,,,,,,,,,,,,,Williams,1630172.0
00:28,618,PT00M28.10S,2022-12-15T03:02:40.1Z,4,REGULAR,block,,[],1630172,,,1610612752,115,117,2022-12-15T03:02:42Z,6060000,False,,,0,,P. Williams BLOCK (1 BLK),[1630172],44,1610612741.0,CHI,,,,Williams,P. Williams,,,,,In The Paint (Non-RA),0-8 Center,,,,,,,,,,,,,,,,,,,,
00:24,619,PT00M24.70S,2022-12-15T03:02:43.5Z,4,REGULAR,rebound,defensive,[],1627936,,,1610612741,115,117,2022-12-15T03:02:50Z,6070000,False,,,0,,A. Caruso REBOUND (Off:0 Def:2),[1627936],6,1610612741.0,CHI,,,,Caruso,A. Caruso,,,,,In The Paint (Non-RA),0-8 Center,,,,,,,617.0,2.0,2.0,0.0,,,,,,,,,,
00:24,620,PT00M24.70S,2022-12-15T03:02:50.9Z,4,REGULAR,2pt,Layup,"['pointsinthepaint', 'fastbreak']",201942,93.64323258869908,50.0,1610612741,117,117,2022-12-15T03:02:57Z,6080000,False,0.0,7.0,1,right,D. DeRozan running Layup (30 PTS) (A. Caruso 5 AST),"[201942, 1627936]",11,1610612741.0,CHI,running,,,DeRozan,D. DeRozan,,,,,Restricted Area,0-8 Center,0.73,Made,30.0,A. Caruso,1627936.0,5.0,,,,,,,,,,,,,,
00:24,622,PT00M24.70S,2022-12-15T03:03:02.9Z,4,REGULAR,timeout,full,['team'],0,,,1610612752,117,117,2022-12-15T03:03:02Z,6100000,False,,,0,,NYK Timeout,[],,1610612752.0,NYK,,,,,,,,,,,,,,,,,,,,,,,,,,,,,,,
00:00,623,PT00M00.70S,2022-12-15T03:05:06.4Z,4,REGULAR,2pt,Jump Shot,[],203944,1.7904073587385019,24.754901960784316,1610612752,117,117,2022-12-15T03:05:50Z,6110000,False,126.0,-36.0,1,left,MISS J. Randle 13' fadeaway Shot,[203944],30,1610612752.0,NYK,fadeaway,,,Randle,J. Randle,,,,,Mid-Range,8-16 Right,13.12,Missed,,,,,,,,,,,,,,,,,,
00:00,624,PT00M00.70S,2022-12-15T03:05:06.4Z,4,REGULAR,rebound,offensive,['team'],0,,,1610612752,117,117,2022-12-15T03:06:00Z,6120000,False,,,0,,TEAM offensive REBOUND,[],,1610612752.0,NYK,,,,,,,,,,Mid-Range,8-16 Right,,,,,,,623.0,,,,,,,,,,,,,
00:00,625,PT00M00.70S,2022-12-15T03:05:30.3Z,4,REGULAR,turnover,shot clock,['team'],0,,,1610612752,117,117,2022-12-15T03:05:44Z,6130000,False,,,0,,NYK shot clock Team TURNOVER,[],,1610612752.0,NYK,,,,,,,,,,Restricted Area,0-8 Center,,,,,,,,,,,202056.0,,,,,,,,,
00:00,627,PT00M00.70S,2022-12-15T03:07:31.7Z,4,REGULAR,timeout,full,['team'],0,,,1610612741,117,117,2022-12-15T03:07:31Z,6150000,False,,,0,,CHI Timeout,[],,1610612741.0,CHI,,,,,,,,,,,,,,,,,,,,,,,,,,,,,,,
00:00,628,PT00M00.70S,2022-12-15T03:08:13.1Z,4,REGULAR,substitution,out,[],1628973,,,1610612741,117,117,2022-12-15T03:08:19Z,6160000,False,,,0,,SUB out: J. Brunson,[1628973],11,1610612752.0,NYK,,,,Brunson,J. Brunson,,,,,,,,,,,,,,,,,,,,,,,,,,
00:00,629,PT00M00.70S,2022-12-15T03:08:13.1Z,4,REGULAR,substitution,in,[],1630579,,,1610612741,117,117,2022-12-15T03:08:19Z,6170000,False,,,0,,SUB in: J. Sims,[1630579],45,1610612752.0,NYK,,,,Sims,J. Sims,,,,,,,,,,,,,,,,,,,,,,,,,,
00:00,630,PT00M00.00S,2022-12-15T03:09:00.6Z,4,REGULAR,period,end,[],0,,,1610612741,117,117,2022-12-15T03:09:00Z,6180000,False,,,0,,Period End,[],,,,,,,,,,,,,,,,,,,,,,,,,,,,,,,,,,
05:00,631,PT05M00.00S,2022-12-15T03:10:05.5Z,5,OVERTIME,substitution,out,['startperiod'],1630579,,,1610612741,117,117,2022-12-15T03:11:38Z,6190000,False,,,0,,SUB out: J. Sims,[1630579],45,1610612752.0,NYK,,,,Sims,J. Sims,,,,,,,,,,,,,,,,,,,,,,,,,,
05:00,632,PT05M00.00S,2022-12-15T03:10:05.5Z,5,OVERTIME,substitution,in,['startperiod'],1628973,,,1610612741,117,117,2022-12-15T03:11:38Z,6200000,False,,,0,,SUB in: J. Brunson,[1628973],11,1610612752.0,NYK,,,,Brunson,J. Brunson,,,,,,,,,,,,,,,,,,,,,,,,,,
05:00,633,PT05M00.00S,2022-12-15T03:12:16.3Z,5,OVERTIME,period,start,[],0,,,0,117,117,2022-12-15T03:12:16Z,6210000,False,,,0,,Period Start,[],,,,,,,,,,,,,,,,,,,,,,,,,,,,,,,,,,
04:57,635,PT04M57.00S,2022-12-15T03:12:18.9Z,5,OVERTIME,jumpball,recovered,[],1629656,,,1610612752,117,117,2022-12-15T03:12:18Z,6230000,False,,,0,,Jump Ball M. Robinson vs. N. Vucevic: Tip to Q. Grimes,"[1629656, 1629011, 202696]",6,1610612752.0,NYK,startperiod,Q. Grimes,1629656.0,Grimes,Q. Grimes,Robinson,1629011.0,Vucevic,202696.0,,,,,,,,,,,,,,,,,,,,,,
04:37,638,PT04M37.00S,2022-12-15T03:12:39.2Z,5,OVERTIME,turnover,out-of-bounds,[],203944,,,1610612752,117,117,2022-12-15T03:12:47Z,6260000,False,,,0,,J. Randle bad pass out-of-bounds TURNOVER (6 TO),[203944],30,1610612752.0,NYK,bad pass,,,Randle,J. Randle,,,,,In The Paint (Non-RA),8-16 Center,,,,,,,,,,,201246.0,,,,,6.0,,,,
04:26,639,PT04M26.00S,2022-12-15T03:13:02.9Z,5,OVERTIME,2pt,Jump Shot,['fromturnover'],201942,75.3777923784494,63.23529411764706,1610612741,117,117,2022-12-15T03:13:08Z,6270000,False,66.0,179.0,1,right,MISS D. DeRozan 19' pullup Shot,[201942],11,1610612741.0,CHI,pullup,,,DeRozan,D. DeRozan,,,,,Mid-Range,16-24 Right Center,19.08,Missed,,,,,,,,,,,,,,,,,,
04:26,640,PT04M26.00S,2022-12-15T03:13:02.9Z,5,OVERTIME,rebound,defensive,['team'],0,,,1610612752,117,117,2022-12-15T03:13:08Z,6280000,False,,,0,,TEAM defensive REBOUND,[],,1610612752.0,NYK,,,,,,,,,,Mid-Range,16-24 Right Center,,,,,,,639.0,,,,,,,,,,,,,
04:06,642,PT04M06.00S,2022-12-15T03:13:33.8Z,5,OVERTIME,2pt,Layup,['pointsinthepaint'],1628973,5.206964520367937,53.431372549019606,1610612752,117,119,2022-12-15T03:13:37Z,6300000,False,-17.0,-4.0,1,left,J. Brunson driving Layup (25 PTS),[1628973],11,1610612752.0,NYK,driving,,,Brunson,J. Brunson,,,,,Restricted Area,0-8 Center,1.76,Made,25.0,,,,,,,,,,,,,,,,,
03:51,643,PT03M51.00S,2022-12-15T03:13:49.8Z,5,OVERTIME,2pt,Jump Shot,['pointsinthepaint'],201942,85.49605781865965,51.225490196078425,1610612741,119,119,2022-12-15T03:14:24Z,6310000,False,6.0,84.0,1,right,D. DeRozan 8' turnaround Jump Shot (32 PTS),[201942],11,1610612741.0,CHI,turnaround,,,DeRozan,D. DeRozan,,,,,In The Paint (Non-RA),8-16 Center,8.4,Made,32.0,,,,,,,,,,,,,,,,,
03:33,644,PT03M33.00S,2022-12-15T03:14:07.3Z,5,OVERTIME,2pt,Jump Shot,[],1628973,11.514454664914586,26.47058823529412,1610612752,119,119,2022-12-15T03:14:13Z,6320000,False,118.0,56.0,1,left,MISS J. Brunson 13' fadeaway Shot,[1628973],11,1610612752.0,NYK,fadeaway,,,Brunson,J. Brunson,,,,,Mid-Range,8-16 Right,13.01,Missed,,,,,,,,,,,,,,,,,,
03:29,645,PT03M29.00S,2022-12-15T03:14:11.3Z,5,OVERTIME,rebound,defensive,[],203897,,,1610612741,119,119,2022-12-15T03:14:13Z,6330000,False,,,0,,Z. LaVine REBOUND (Off:0 Def:5),[203897],8,1610612741.0,CHI,,,,LaVine,Z. LaVine,,,,,Mid-Range,8-16 Right,,,,,,,644.0,5.0,5.0,0.0,,,,,,,,,,
03:21,646,PT03M21.00S,2022-12-15T03:14:22.2Z,5,OVERTIME,turnover,traveling,[],203897,,,1610612741,119,119,2022-12-15T03:14:28Z,6340000,False,,,0,,Z. LaVine traveling TURNOVER (2 TO),[203897],8,1610612741.0,CHI,,,,LaVine,Z. LaVine,,,,,Mid-Range,16-24 Center,,,,,,,,,,,202056.0,,,,,2.0,,,,
03:02,647,PT03M02.00S,2022-12-15T03:14:53.7Z,5,OVERTIME,foul,personal,['2freethrow'],1627936,,,1610612752,119,119,2022-12-15T03:15:20Z,6350000,False,,,0,,A. Caruso shooting personal FOUL (4 PF) (Brunson 2 FT),"[1627936, 1628973]",6,1610612741.0,CHI,shooting,,,Caruso,A. Caruso,,,,,In The Paint (Non-RA),8-16 Center,,,,,,,,,,,201246.0,4.0,0.0,Brunson,1628973.0,,,,,
03:02,649,PT03M02.00S,2022-12-15T03:15:21.4Z,5,OVERTIME,freethrow,1 of 2,['fromturnover'],1628973,,,1610612752,119,120,2022-12-15T03:15:21Z,6370000,False,,,0,,J. Brunson Free Throw 1 of 2 (26 PTS),[1628973],11,1610612752.0,NYK,,,,Brunson,J. Brunson,,,,,,,,Made,26.0,,,,,,,,,,,,,,,,,
03:02,650,PT03M02.00S,2022-12-15T03:15:37.2Z,5,OVERTIME,freethrow,2 of 2,['fromturnover'],1628973,,,1610612752,119,121,2022-12-15T03:15:37Z,6380000,False,,,0,,J. Brunson Free Throw 2 of 2 (27 PTS),[1628973],11,1610612752.0,NYK,,,,Brunson,J. Brunson,,,,,,,,Made,27.0,,,,,,,,,,,,,,,,,
02:44,651,PT02M44.00S,2022-12-15T03:15:57.8Z,5,OVERTIME,2pt,Jump Shot,['pointsinthepaint'],201942,83.52496714848883,46.32352941176471,1610612741,119,121,2022-12-15T03:16:02Z,6390000,False,-18.0,102.0,1,right,MISS D. DeRozan 10' Jump Shot,[201942],11,1610612741.0,CHI,,,,DeRozan,D. DeRozan,,,,,In The Paint (Non-RA),8-16 Center,10.4,Missed,,,,,,,,,,,,,,,,,,
02:42,652,PT02M42.00S,2022-12-15T03:15:59.8Z,5,OVERTIME,rebound,defensive,[],203944,,,1610612752,119,121,2022-12-15T03:16:02Z,6400000,False,,,0,,J. Randle REBOUND (Off:1 Def:12),[203944],30,1610612752.0,NYK,,,,Randle,J. Randle,,,,,In The Paint (Non-RA),8-16 Center,,,,,,,651.0,13.0,12.0,1.0,,,,,,,,,,
02:21,660,PT02M21.00S,2022-12-15T03:16:25.3Z,5,OVERTIME,turnover,bad pass,[],1628973,,,1610612752,119,121,2022-12-15T03:17:22Z,6435000,False,,,0,,J. Brunson bad pass TURNOVER (2 TO),"[1628973, 203897]",11,1610612752.0,NYK,,,,Brunson,J. Brunson,,,,,In The Paint (Non-RA),0-8 Center,,,,,,,,,,,,,,,,2.0,LaVine,203897.0,,
02:21,661,PT02M21.00S,2022-12-15T03:16:25.3Z,5,OVERTIME,steal,,[],203897,,,1610612741,119,121,2022-12-15T03:17:22Z,6437500,False,,,0,,Z. LaVine STEAL (1 STL),[203897],8,1610612741.0,CHI,,,,LaVine,Z. LaVine,,,,,In The Paint (Non-RA),0-8 Center,,,,,,,,,,,,,,,,,,,,
02:13,656,PT02M13.00S,2022-12-15T03:16:29.6Z,5,OVERTIME,3pt,Jump Shot,"['fastbreak', 'fromturnover']",202696,94.69448094612353,3.6764705882352944,1610612741,119,121,2022-12-15T03:17:22Z,6440000,False,-232.0,-3.0,1,right,MISS N. Vucevic 3PT,[202696],9,1610612741.0,CHI,,,,Vucevic,N. Vucevic,,,,,Left Corner 3,24+ Left,23.16,Missed,,,,,,,,,,,,,,,,,,
02:08,657,PT02M08.00S,2022-12-15T03:16:34.6Z,5,OVERTIME,rebound,defensive,[],1629656,,,1610612752,119,121,2022-12-15T03:16:37Z,6450000,False,,,0,,Q. Grimes REBOUND (Off:0 Def:4),[1629656],6,1610612752.0,NYK,,,,Grimes,Q. Grimes,,,,,Left Corner 3,24+ Left,,,,,,,656.0,4.0,4.0,0.0,,,,,,,,,,
01:54,658,PT01M54.00S,2022-12-15T03:16:49.8Z,5,OVERTIME,foul,personal,['2freethrow'],1627936,,,1610612752,119,121,2022-12-15T03:17:37Z,6460000,False,,,0,,A. Caruso shooting personal FOUL (5 PF) (Randle 2 FT),"[1627936, 203944]",6,1610612741.0,CHI,shooting,,,Caruso,A. Caruso,,,,,Restricted Area,0-8 Center,,,,,,,,,,,202058.0,5.0,0.0,Randle,203944.0,,,,,
01:54,662,PT01M54.00S,2022-12-15T03:17:38.4Z,5,OVERTIME,freethrow,1 of 2,[],203944,,,1610612752,119,121,2022-12-15T03:17:38Z,6480000,False,,,0,,MISS J. Randle Free Throw 1 of 2,[203944],30,1610612752.0,NYK,,,,Randle,J. Randle,,,,,,,,Missed,,,,,,,,,,,,,,,,,,
01:54,663,PT01M54.00S,2022-12-15T03:17:38.4Z,5,OVERTIME,rebound,offensive,"['deadball', 'team']",0,,,1610612752,119,121,2022-12-15T03:17:38Z,6490000,False,,,0,,TEAM offensive REBOUND,[],,1610612752.0,NYK,,,,,,,,,,,,,,,,,,662.0,,,,,,,,,,,,,
01:54,664,PT01M54.00S,2022-12-15T03:18:00.6Z,5,OVERTIME,freethrow,2 of 2,[],203944,,,1610612752,119,122,2022-12-15T03:18:00Z,6500000,False,,,0,,J. Randle Free Throw 2 of 2 (31 PTS),[203944],30,1610612752.0,NYK,,,,Randle,J. Randle,,,,,,,,Made,31.0,,,,,,,,,,,,,,,,,
01:36,665,PT01M36.00S,2022-12-15T03:18:20.7Z,5,OVERTIME,2pt,Layup,['pointsinthepaint'],202696,91.93495400788436,54.41176470588235,1610612741,119,122,2022-12-15T03:19:21Z,6510000,False,22.0,23.0,1,right,MISS N. Vucevic driving Layup - blocked,"[202696, 1629011]",9,1610612741.0,CHI,driving,,,Vucevic,N. Vucevic,,,,,Restricted Area,0-8 Center,3.21,Missed,,,,,,,,,,,,,,,,,Robinson,1629011.0
01:36,666,PT01M36.00S,2022-12-15T03:18:20.7Z,5,OVERTIME,block,,[],1629011,,,1610612741,119,122,2022-12-15T03:18:24Z,6520000,False,,,0,,M. Robinson BLOCK (2 BLK),[1629011],23,1610612752.0,NYK,,,,Robinson,M. Robinson,,,,,Restricted Area,0-8 Center,,,,,,,,,,,,,,,,,,,,
01:31,667,PT01M31.00S,2022-12-15T03:18:25.7Z,5,OVERTIME,rebound,defensive,[],1629011,,,1610612752,119,122,2022-12-15T03:18:25Z,6530000,False,,,0,,M. Robinson REBOUND (Off:6 Def:4),[1629011],23,1610612752.0,NYK,,,,Robinson,M. Robinson,,,,,Restricted Area,0-8 Center,,,,,,,665.0,10.0,4.0,6.0,,,,,,,,,,
01:18,668,PT01M18.00S,2022-12-15T03:18:38.0Z,5,OVERTIME,2pt,Jump Shot,['pointsinthepaint'],1628973,9.017739816031538,55.63725490196079,1610612752,119,122,2022-12-15T03:18:48Z,6540000,False,-28.0,32.0,1,left,MISS J. Brunson driving floating Shot,[1628973],11,1610612752.0,NYK,driving floating,,,Brunson,J. Brunson,,,,,Restricted Area,0-8 Center,4.29,Missed,,,,,,,,,,,,,,,,,,
01:18,669,PT01M18.00S,2022-12-15T03:18:38.0Z,5,OVERTIME,rebound,offensive,[],1629656,,,1610612752,119,122,2022-12-15T03:18:48Z,6550000,False,,,0,,Q. Grimes REBOUND (Off:1 Def:4),[1629656],6,1610612752.0,NYK,,,,Grimes,Q. Grimes,,,,,Restricted Area,0-8 Center,,,,,,,668.0,5.0,4.0,1.0,,,,,,,,,,
01:04,672,PT01M04.00S,2022-12-15T03:19:06.8Z,5,OVERTIME,3pt,Jump Shot,['2ndchance'],1629656,26.62614980289093,78.43137254901961,1610612752,119,125,2022-12-15T03:21:11Z,6580000,False,-142.0,198.0,1,left,Q. Grimes 24' 3PT  (14 PTS) (J. Randle 7 AST),"[1629656, 203944]",6,1610612752.0,NYK,,,,Grimes,Q. Grimes,,,,,Above the Break 3,24+ Left Center,24.36,Made,14.0,J. Randle,203944.0,7.0,,,,,,,,,,,,,,
00:49,674,PT00M49.30S,2022-12-15T03:19:39.2Z,5,OVERTIME,3pt,Jump Shot,[],1630172,76.82325886990802,10.53921568627451,1610612741,119,125,2022-12-15T03:19:44Z,6600000,False,-197.0,165.0,1,right,MISS P. Williams 25' 3PT,[1630172],44,1610612741.0,CHI,,,,Williams,P. Williams,,,,,Above the Break 3,24+ Left Center,25.75,Missed,,,,,,,,,,,,,,,,,,
00:45,675,PT00M45.60S,2022-12-15T03:19:42.9Z,5,OVERTIME,rebound,defensive,[],1628973,,,1610612752,119,125,2022-12-15T03:19:44Z,6610000,False,,,0,,J. Brunson REBOUND (Off:0 Def:1),[1628973],11,1610612752.0,NYK,,,,Brunson,J. Brunson,,,,,Above the Break 3,24+ Left Center,,,,,,,674.0,1.0,1.0,0.0,,,,,,,,,,
00:28,676,PT00M28.30S,2022-12-15T03:20:00.1Z,5,OVERTIME,3pt,Jump Shot,[],1628973,7.835085413929041,96.32352941176471,1610612752,119,128,2022-12-15T03:20:51Z,6620000,False,-232.0,21.0,1,left,J. Brunson 3PT step back (30 PTS),[1628973],11,1610612752.0,NYK,step back,,,Brunson,J. Brunson,,,,,Left Corner 3,24+ Left,23.26,Made,30.0,,,,,,,,,,,,,,,,,
00:27,677,PT00M27.90S,2022-12-15T03:20:08.7Z,5,OVERTIME,timeout,full,['team'],0,,,1610612741,119,128,2022-12-15T03:20:08Z,6630000,False,,,0,,CHI Timeout,[],,1610612741.0,CHI,,,,,,,,,,,,,,,,,,,,,,,,,,,,,,,
00:27,678,PT00M27.90S,2022-12-15T03:21:56.6Z,5,OVERTIME,foul,personal,['1freethrow'],1630193,,,1610612741,119,128,2022-12-15T03:22:21Z,6640000,False,,,0,,I. Quickley away-from-play personal FOUL (3 PF) (LaVine 1 FT),"[1630193, 203897]",5,1610612752.0,NYK,away-from-play,,,Quickley,I. Quickley,,,,,Mid-Range,8-16 Left,,,,,,,,,,,202056.0,3.0,0.0,LaVine,203897.0,,,,,
00:27,680,PT00M27.90S,2022-12-15T03:22:22.0Z,5,OVERTIME,freethrow,1 of 1,[],203897,,,1610612741,120,128,2022-12-15T03:22:22Z,6660000,False,,,0,,Z. LaVine away-from-play Free Throw 1 of 1 (25 PTS),[203897],8,1610612741.0,CHI,away-from-play,,,LaVine,Z. LaVine,,,,,,,,Made,25.0,,,,,,,,,,,,,,,,,
00:25,681,PT00M25.70S,2022-12-15T03:22:28.4Z,5,OVERTIME,3pt,Jump Shot,[],201942,68.54467805519053,65.93137254901961,1610612741,120,128,2022-12-15T03:22:35Z,6670000,False,80.0,243.0,1,right,MISS D. DeRozan 25' 3PT,[201942],11,1610612741.0,CHI,,,,DeRozan,D. DeRozan,,,,,Above the Break 3,24+ Center,25.59,Missed,,,,,,,,,,,,,,,,,,
00:22,682,PT00M22.50S,2022-12-15T03:22:31.4Z,5,OVERTIME,rebound,defensive,[],1628973,,,1610612752,120,128,2022-12-15T03:22:31Z,6680000,False,,,0,,J. Brunson REBOUND (Off:0 Def:2),[1628973],11,1610612752.0,NYK,,,,Brunson,J. Brunson,,,,,Above the Break 3,24+ Center,,,,,,,681.0,2.0,2.0,0.0,,,,,,,,,,
00:00,683,PT00M00.30S,2022-12-15T03:22:57.7Z,5,OVERTIME,turnover,shot clock,['team'],0,,,1610612752,120,128,2022-12-15T03:23:12Z,6690000,False,,,0,,NYK shot clock Team TURNOVER,[],,1610612752.0,NYK,,,,,,,,,,Above the Break 3,24+ Right Center,,,,,,,,,,,,,,,,,,,,
00:00,684,PT00M00.00S,2022-12-15T03:23:05.3Z,5,OVERTIME,period,end,[],0,,,1610612741,120,128,2022-12-15T03:23:05Z,6700000,False,,,0,,Period End,[],,,,,,,,,,,,,,,,,,,,,,,,,,,,,,,,,,
00:00,685,PT00M00.00S,2022-12-15T03:23:08.1Z,5,OVERTIME,game,end,[],0,,,0,120,128,2022-12-15T03:23:08Z,6710000,False,,,0,,Game End,[],,,,,,,,,,,,,,,,,,,,,,,,,,,,,,,,,,
